x		Using-Bernoulli			Actual
-1.0472		-1.70099		-1.73205
-1.0372		-1.66197		-1.69273
-1.0272		-1.62425		-1.65472
-1.0172		-1.58777		-1.61795
-1.0072		-1.55247		-1.58234
-0.997198		-1.51827		-1.54785
-0.987198		-1.48513		-1.51441
-0.977198		-1.45298		-1.48196
-0.967198		-1.42178		-1.45047
-0.957198		-1.39148		-1.41987
-0.947198		-1.36204		-1.39013
-0.937198		-1.33341		-1.36121
-0.927198		-1.30556		-1.33306
-0.917198		-1.27845		-1.30566
-0.907198		-1.25205		-1.27896
-0.897198		-1.22632		-1.25293
-0.887198		-1.20124		-1.22755
-0.877198		-1.17677		-1.20278
-0.867198		-1.15289		-1.17861
-0.857198		-1.12957		-1.15499
-0.847198		-1.10679		-1.13192
-0.837198		-1.08453		-1.10936
-0.827198		-1.06277		-1.0873
-0.817198		-1.04147		-1.06571
-0.807198		-1.02064		-1.04458
-0.797198		-1.00024		-1.02388
-0.787198		-0.98026		-1.00361
-0.777198		-0.960683		-0.983732
-0.767198		-0.941493		-0.964246
-0.757198		-0.922676		-0.945132
-0.747198		-0.904217		-0.926375
-0.737198		-0.886102		-0.907964
-0.727198		-0.868318		-0.889883
-0.717198		-0.850853		-0.872122
-0.707198		-0.833696		-0.854667
-0.697198		-0.816834		-0.837509
-0.687198		-0.800257		-0.820636
-0.677198		-0.783955		-0.804037
-0.667198		-0.767917		-0.787703
-0.657198		-0.752135		-0.771624
-0.647198		-0.7366		-0.755792
-0.637198		-0.721301		-0.740197
-0.627198		-0.706232		-0.724831
-0.617198		-0.691385		-0.709687
-0.607198		-0.67675		-0.694756
-0.597198		-0.662322		-0.680031
-0.587198		-0.648092		-0.665504
-0.577198		-0.634055		-0.65117
-0.567198		-0.620203		-0.637022
-0.557198		-0.60653		-0.623052
-0.547198		-0.59303		-0.609256
-0.537198		-0.579697		-0.595627
-0.527198		-0.566526		-0.582159
-0.517198		-0.553511		-0.568847
-0.507198		-0.540646		-0.555685
-0.497198		-0.527926		-0.542669
-0.487198		-0.515347		-0.529794
-0.477198		-0.502904		-0.517054
-0.467198		-0.490592		-0.504445
-0.457198		-0.478407		-0.491963
-0.447198		-0.466343		-0.479603
-0.437198		-0.454398		-0.467361
-0.427198		-0.442567		-0.455233
-0.417198		-0.430845		-0.443215
-0.407198		-0.41923		-0.431303
-0.397198		-0.407716		-0.419494
-0.387198		-0.396302		-0.407783
-0.377198		-0.384983		-0.396167
-0.367198		-0.373755		-0.384643
-0.357198		-0.362616		-0.373207
-0.347198		-0.351561		-0.361856
-0.337198		-0.340589		-0.350587
-0.327198		-0.329695		-0.339397
-0.317198		-0.318877		-0.328282
-0.307198		-0.308132		-0.31724
-0.297198		-0.297456		-0.306268
-0.287198		-0.286848		-0.295363
-0.277198		-0.276304		-0.284523
-0.267198		-0.265821		-0.273743
-0.257198		-0.255397		-0.263023
-0.247198		-0.24503		-0.252359
-0.237198		-0.234716		-0.241748
-0.227198		-0.224453		-0.231189
-0.217198		-0.214239		-0.220679
-0.207198		-0.204071		-0.210214
-0.197198		-0.193947		-0.199794
-0.187198		-0.183865		-0.189415
-0.177198		-0.173822		-0.179076
-0.167198		-0.163816		-0.168773
-0.157198		-0.153845		-0.158505
-0.147198		-0.143906		-0.14827
-0.137198		-0.133997		-0.138065
-0.127198		-0.124117		-0.127888
-0.117198		-0.114262		-0.117737
-0.107198		-0.104432		-0.10761
-0.0971976		-0.094623		-0.0975048
-0.0871976		-0.0848339		-0.0874192
-0.0771976		-0.0750624		-0.0773513
-0.0671976		-0.0653065		-0.0672989
-0.0571976		-0.0555641		-0.05726
-0.0471976		-0.0458333		-0.0472326
-0.0371976		-0.0361118		-0.0372147
-0.0271976		-0.0263979		-0.0272043
-0.0171976		-0.0166894		-0.0171992
-0.00719755		-0.00698427		-0.00719768
0.00280245		0.00271937		0.00280246
0.0128024		0.0124236		0.0128031
0.0228024		0.0221303		0.0228064
0.0328024		0.0318417		0.0328142
0.0428024		0.0415596		0.0428286
0.0528024		0.051286		0.0528516
0.0628024		0.0610231		0.0628851
0.0728024		0.0707728		0.0729313
0.0828024		0.0805372		0.0829922
0.0928024		0.0903183		0.0930698
0.102802		0.100118		0.103166
0.112802		0.109939		0.113283
0.122802		0.119782		0.123424
0.132802		0.129651		0.133589
0.142802		0.139547		0.143781
0.152802		0.149472		0.154003
0.162802		0.159429		0.164256
0.172802		0.16942		0.174543
0.182802		0.179446		0.184866
0.192802		0.189511		0.195228
0.202802		0.199616		0.205629
0.212802		0.209764		0.216074
0.222802		0.219958		0.226564
0.232802		0.230199		0.237101
0.242802		0.24049		0.247689
0.252802		0.250834		0.258329
0.262802		0.261232		0.269025
0.272802		0.271689		0.279778
0.282802		0.282206		0.290591
0.292802		0.292786		0.301467
0.302802		0.303431		0.31241
0.312802		0.314146		0.32342
0.322802		0.324931		0.334503
0.332802		0.335791		0.345659
0.342802		0.346729		0.356893
0.352802		0.357747		0.368208
0.362802		0.368848		0.379606
0.372802		0.380037		0.391091
0.382802		0.391315		0.402666
0.392802		0.402688		0.414335
0.402802		0.414157		0.426101
0.412802		0.425727		0.437967
0.422802		0.437401		0.449938
0.432802		0.449184		0.462017
0.442802		0.461079		0.474209
0.452802		0.47309		0.486516
0.462802		0.485221		0.498944
0.472802		0.497477		0.511496
0.482802		0.509862		0.524178
0.492802		0.522381		0.536993
0.502802		0.535038		0.549947
0.512802		0.547838		0.563044
0.522802		0.560787		0.576289
0.532802		0.573889		0.589688
0.542802		0.58715		0.603245
0.552802		0.600576		0.616968
0.562802		0.614172		0.63086
0.572802		0.627944		0.644929
0.582802		0.641899		0.659181
0.592802		0.656044		0.673622
0.602802		0.670384		0.688259
0.612802		0.684927		0.703098
0.622802		0.69968		0.718148
0.632802		0.714651		0.733416
0.642802		0.729847		0.748909
0.652802		0.745278		0.764636
0.662802		0.76095		0.780605
0.672802		0.776874		0.796826
0.682802		0.793059		0.813307
0.692802		0.809514		0.830058
0.702802		0.826249		0.84709
0.712802		0.843275		0.864413
0.722802		0.860603		0.882038
0.732802		0.878245		0.899977
0.742802		0.896213		0.918242
0.752802		0.91452		0.936845
0.762802		0.933178		0.9558
0.772802		0.952202		0.975121
0.782802		0.971607		0.994822
0.792802		0.991407		1.01492
0.802802		1.01162		1.03543
0.812802		1.03226		1.05637
0.822802		1.05335		1.07775
0.832802		1.07491		1.0996
0.842802		1.09695		1.12194
0.852802		1.11949		1.14479
0.862802		1.14257		1.16816
0.872802		1.1662		1.19209
0.882802		1.19041		1.21659
0.892802		1.21522		1.2417
0.902802		1.24066		1.26744
0.912802		1.26676		1.29384
0.922802		1.29356		1.32093
0.932802		1.32108		1.34874
0.942802		1.34936		1.37732
0.952802		1.37844		1.4067
0.962802		1.40835		1.43691
0.972802		1.43915		1.46801
0.982802		1.47088		1.50003
0.992802		1.50358		1.53303
1.0028		1.53731		1.56705
1.0128		1.57212		1.60216
1.0228		1.60807		1.63841
1.0328		1.64523		1.67587
1.0428		1.68367		1.7146
