Terms		Difference
0		0.858407
1		0.474926
2		0.325074
3		0.246355
4		0.19809
5		0.165546
6		0.142146
7		0.124521
8		0.110773
9		0.099753
10		0.0907232
11		0.0831899
12		0.0768101
13		0.071338
14		0.066593
15		0.0624393
16		0.0587729
17		0.0555129
18		0.0525953
19		0.0499688
20		0.0475921
21		0.0454311
22		0.0434578
23		0.0416486
24		0.039984
25		0.0384473
26		0.0370244
27		0.0357029
28		0.0344725
29		0.0333241
30		0.0322497
31		0.0312424
32		0.0302961
33		0.0294054
34		0.0285656
35		0.0277724
36		0.0270221
37		0.0263112
38		0.0256368
39		0.0249961
40		0.0243866
41		0.0238062
42		0.0232527
43		0.0227243
44		0.0222195
45		0.0217366
46		0.0212742
47		0.0208311
48		0.020406
49		0.019998
50		0.019606
51		0.019229
52		0.0188662
53		0.0185169
54		0.0181803
55		0.0178557
56		0.0175425
57		0.0172401
58		0.0169479
59		0.0166655
60		0.0163923
61		0.016128
62		0.015872
63		0.015624
64		0.0153837
65		0.0151506
66		0.0149245
67		0.0147051
68		0.014492
69		0.014285
70		0.0140838
71		0.0138882
72		0.013698
73		0.0135129
74		0.0133327
75		0.0131573
76		0.0129865
77		0.01282
78		0.0126577
79		0.0124995
80		0.0123452
81		0.0121947
82		0.0120478
83		0.0119043
84		0.0117643
85		0.0116275
86		0.0114939
87		0.0113633
88		0.0112356
89		0.0111108
90		0.0109887
91		0.0108692
92		0.0107524
93		0.010638
94		0.010526
95		0.0104164
96		0.010309
97		0.0102038
98		0.0101008
99		0.00999975
100		0.00990075
101		0.00980369
102		0.00970851
103		0.00961516
104		0.00952359
105		0.00943375
106		0.00934559
107		0.00925906
108		0.00917412
109		0.00909072
110		0.00900883
111		0.00892839
112		0.00884938
113		0.00877176
114		0.00869549
115		0.00862053
116		0.00854685
117		0.00847442
118		0.00840321
119		0.00833319
120		0.00826432
121		0.00819658
122		0.00812995
123		0.00806439
124		0.00799987
125		0.00793638
126		0.00787389
127		0.00781238
128		0.00775182
129		0.00769219
130		0.00763348
131		0.00757565
132		0.00751869
133		0.00746258
134		0.00740731
135		0.00735284
136		0.00729917
137		0.00724628
138		0.00719415
139		0.00714277
140		0.00709211
141		0.00704217
142		0.00699292
143		0.00694436
144		0.00689647
145		0.00684923
146		0.00680264
147		0.00675668
148		0.00671133
149		0.00666659
150		0.00662244
151		0.00657888
152		0.00653588
153		0.00649344
154		0.00645155
155		0.00641019
156		0.00636936
157		0.00632905
158		0.00628925
159		0.00624994
160		0.00621112
161		0.00617278
162		0.00613491
163		0.0060975
164		0.00606055
165		0.00602404
166		0.00598797
167		0.00595233
168		0.00591711
169		0.0058823
170		0.0058479
171		0.0058139
172		0.0057803
173		0.00574708
174		0.00571424
175		0.00568177
176		0.00564967
177		0.00561793
178		0.00558655
179		0.00555551
180		0.00552482
181		0.00549446
182		0.00546444
183		0.00543474
184		0.00540537
185		0.00537631
186		0.00534756
187		0.00531911
188		0.00529097
189		0.00526312
190		0.00523557
191		0.0052083
192		0.00518131
193		0.0051546
194		0.00512817
195		0.00510201
196		0.00507611
197		0.00505047
198		0.00502509
199		0.00499997
200		0.00497509
201		0.00495046
202		0.00492608
203		0.00490193
204		0.00487802
205		0.00485434
206		0.00483089
207		0.00480766
208		0.00478466
209		0.00476188
210		0.00473931
211		0.00471695
212		0.00469481
213		0.00467287
214		0.00465114
215		0.0046296
216		0.00460827
217		0.00458713
218		0.00456619
219		0.00454543
220		0.00452486
221		0.00450448
222		0.00448428
223		0.00446426
224		0.00444442
225		0.00442476
226		0.00440526
227		0.00438594
228		0.00436679
229		0.00434781
230		0.00432898
231		0.00431032
232		0.00429183
233		0.00427348
234		0.0042553
235		0.00423727
236		0.00421939
237		0.00420166
238		0.00418408
239		0.00416665
240		0.00414936
241		0.00413221
242		0.00411521
243		0.00409834
244		0.00408162
245		0.00406502
246		0.00404857
247		0.00403224
248		0.00401605
249		0.00399998
250		0.00398405
251		0.00396824
252		0.00395255
253		0.00393699
254		0.00392155
255		0.00390624
256		0.00389104
257		0.00387595
258		0.00386099
259		0.00384614
260		0.0038314
261		0.00381678
262		0.00380227
263		0.00378787
264		0.00377357
265		0.00375939
266		0.00374531
267		0.00373133
268		0.00371746
269		0.00370369
270		0.00369002
271		0.00367646
272		0.00366299
273		0.00364962
274		0.00363635
275		0.00362318
276		0.0036101
277		0.00359711
278		0.00358422
279		0.00357142
280		0.00355871
281		0.00354609
282		0.00353356
283		0.00352112
284		0.00350876
285		0.00349649
286		0.00348431
287		0.00347221
288		0.0034602
289		0.00344827
290		0.00343642
291		0.00342465
292		0.00341296
293		0.00340135
294		0.00338982
295		0.00337837
296		0.00336699
297		0.0033557
298		0.00334447
299		0.00333332
300		0.00332225
301		0.00331125
302		0.00330032
303		0.00328946
304		0.00327868
305		0.00326797
306		0.00325732
307		0.00324674
308		0.00323624
309		0.0032258
310		0.00321543
311		0.00320512
312		0.00319488
313		0.00318471
314		0.0031746
315		0.00316455
316		0.00315457
317		0.00314465
318		0.00313479
319		0.00312499
320		0.00311526
321		0.00310558
322		0.00309597
323		0.00308641
324		0.00307692
325		0.00306748
326		0.0030581
327		0.00304877
328		0.00303951
329		0.0030303
330		0.00302114
331		0.00301204
332		0.003003
333		0.00299401
334		0.00298507
335		0.00297618
336		0.00296735
337		0.00295857
338		0.00294985
339		0.00294117
340		0.00293255
341		0.00292397
342		0.00291545
343		0.00290697
344		0.00289854
345		0.00289017
346		0.00288184
347		0.00287356
348		0.00286532
349		0.00285714
350		0.002849
351		0.0028409
352		0.00283286
353		0.00282485
354		0.0028169
355		0.00280898
356		0.00280111
357		0.00279329
358		0.00278551
359		0.00277777
360		0.00277008
361		0.00276243
362		0.00275482
363		0.00274725
364		0.00273972
365		0.00273224
366		0.00272479
367		0.00271739
368		0.00271002
369		0.0027027
370		0.00269541
371		0.00268817
372		0.00268096
373		0.00267379
374		0.00266666
375		0.00265957
376		0.00265252
377		0.0026455
378		0.00263852
379		0.00263157
380		0.00262467
381		0.0026178
382		0.00261096
383		0.00260416
384		0.0025974
385		0.00259067
386		0.00258398
387		0.00257732
388		0.00257069
389		0.0025641
390		0.00255754
391		0.00255102
392		0.00254453
393		0.00253807
394		0.00253164
395		0.00252525
396		0.00251889
397		0.00251256
398		0.00250626
399		0.0025
400		0.00249376
401		0.00248756
402		0.00248139
403		0.00247524
404		0.00246913
405		0.00246305
406		0.002457
407		0.00245098
408		0.00244498
409		0.00243902
410		0.00243309
411		0.00242718
412		0.0024213
413		0.00241546
414		0.00240964
415		0.00240384
416		0.00239808
417		0.00239234
418		0.00238663
419		0.00238095
420		0.00237529
421		0.00236966
422		0.00236406
423		0.00235849
424		0.00235294
425		0.00234741
426		0.00234192
427		0.00233645
428		0.002331
429		0.00232558
430		0.00232018
431		0.00231481
432		0.00230947
433		0.00230414
434		0.00229885
435		0.00229357
436		0.00228833
437		0.0022831
438		0.0022779
439		0.00227272
440		0.00226757
441		0.00226244
442		0.00225733
443		0.00225225
444		0.00224719
445		0.00224215
446		0.00223713
447		0.00223214
448		0.00222717
449		0.00222222
450		0.00221729
451		0.00221239
452		0.0022075
453		0.00220264
454		0.0021978
455		0.00219298
456		0.00218818
457		0.0021834
458		0.00217865
459		0.00217391
460		0.00216919
461		0.0021645
462		0.00215982
463		0.00215517
464		0.00215054
465		0.00214592
466		0.00214133
467		0.00213675
468		0.00213219
469		0.00212766
470		0.00212314
471		0.00211864
472		0.00211416
473		0.0021097
474		0.00210526
475		0.00210084
476		0.00209643
477		0.00209205
478		0.00208768
479		0.00208333
480		0.002079
481		0.00207469
482		0.00207039
483		0.00206611
484		0.00206185
485		0.00205761
486		0.00205339
487		0.00204918
488		0.00204499
489		0.00204081
490		0.00203666
491		0.00203252
492		0.0020284
493		0.00202429
494		0.0020202
495		0.00201613
496		0.00201207
497		0.00200803
498		0.00200401
499		0.002
500		0.00199601
501		0.00199203
502		0.00198807
503		0.00198413
504		0.0019802
505		0.00197628
506		0.00197238
507		0.0019685
508		0.00196463
509		0.00196078
510		0.00195695
511		0.00195312
512		0.00194932
513		0.00194552
514		0.00194175
515		0.00193798
516		0.00193423
517		0.0019305
518		0.00192678
519		0.00192308
520		0.00191938
521		0.00191571
522		0.00191204
523		0.0019084
524		0.00190476
525		0.00190114
526		0.00189753
527		0.00189394
528		0.00189036
529		0.00188679
530		0.00188324
531		0.0018797
532		0.00187617
533		0.00187266
534		0.00186916
535		0.00186567
536		0.0018622
537		0.00185873
538		0.00185529
539		0.00185185
540		0.00184843
541		0.00184502
542		0.00184162
543		0.00183823
544		0.00183486
545		0.0018315
546		0.00182815
547		0.00182482
548		0.00182149
549		0.00181818
550		0.00181488
551		0.00181159
552		0.00180832
553		0.00180505
554		0.0018018
555		0.00179856
556		0.00179533
557		0.00179211
558		0.00178891
559		0.00178571
560		0.00178253
561		0.00177936
562		0.0017762
563		0.00177305
564		0.00176991
565		0.00176678
566		0.00176367
567		0.00176056
568		0.00175747
569		0.00175438
570		0.00175131
571		0.00174825
572		0.0017452
573		0.00174216
574		0.00173913
575		0.00173611
576		0.0017331
577		0.0017301
578		0.00172711
579		0.00172414
580		0.00172117
581		0.00171821
582		0.00171526
583		0.00171233
584		0.0017094
585		0.00170648
586		0.00170358
587		0.00170068
588		0.00169779
589		0.00169491
590		0.00169205
591		0.00168919
592		0.00168634
593		0.0016835
594		0.00168067
595		0.00167785
596		0.00167504
597		0.00167224
598		0.00166945
599		0.00166667
600		0.00166389
601		0.00166113
602		0.00165837
603		0.00165563
604		0.00165289
605		0.00165016
606		0.00164745
607		0.00164474
608		0.00164204
609		0.00163934
610		0.00163666
611		0.00163399
612		0.00163132
613		0.00162866
614		0.00162602
615		0.00162338
616		0.00162074
617		0.00161812
618		0.00161551
619		0.0016129
620		0.0016103
621		0.00160772
622		0.00160514
623		0.00160256
624		0.0016
625		0.00159744
626		0.0015949
627		0.00159236
628		0.00158982
629		0.0015873
630		0.00158479
631		0.00158228
632		0.00157978
633		0.00157729
634		0.0015748
635		0.00157233
636		0.00156986
637		0.0015674
638		0.00156494
639		0.0015625
640		0.00156006
641		0.00155763
642		0.00155521
643		0.00155279
644		0.00155039
645		0.00154799
646		0.00154559
647		0.00154321
648		0.00154083
649		0.00153846
650		0.0015361
651		0.00153374
652		0.00153139
653		0.00152905
654		0.00152672
655		0.00152439
656		0.00152207
657		0.00151976
658		0.00151745
659		0.00151515
660		0.00151286
661		0.00151057
662		0.00150829
663		0.00150602
664		0.00150376
665		0.0015015
666		0.00149925
667		0.00149701
668		0.00149477
669		0.00149254
670		0.00149031
671		0.00148809
672		0.00148588
673		0.00148368
674		0.00148148
675		0.00147929
676		0.0014771
677		0.00147493
678		0.00147275
679		0.00147059
680		0.00146843
681		0.00146627
682		0.00146413
683		0.00146199
684		0.00145985
685		0.00145773
686		0.0014556
687		0.00145349
688		0.00145138
689		0.00144927
690		0.00144718
691		0.00144509
692		0.001443
693		0.00144092
694		0.00143885
695		0.00143678
696		0.00143472
697		0.00143266
698		0.00143061
699		0.00142857
700		0.00142653
701		0.0014245
702		0.00142247
703		0.00142045
704		0.00141844
705		0.00141643
706		0.00141443
707		0.00141243
708		0.00141044
709		0.00140845
710		0.00140647
711		0.00140449
712		0.00140252
713		0.00140056
714		0.0013986
715		0.00139665
716		0.0013947
717		0.00139276
718		0.00139082
719		0.00138889
720		0.00138696
721		0.00138504
722		0.00138313
723		0.00138121
724		0.00137931
725		0.00137741
726		0.00137552
727		0.00137363
728		0.00137174
729		0.00136986
730		0.00136799
731		0.00136612
732		0.00136426
733		0.0013624
734		0.00136054
735		0.0013587
736		0.00135685
737		0.00135501
738		0.00135318
739		0.00135135
740		0.00134953
741		0.00134771
742		0.00134589
743		0.00134409
744		0.00134228
745		0.00134048
746		0.00133869
747		0.0013369
748		0.00133511
749		0.00133333
750		0.00133156
751		0.00132979
752		0.00132802
753		0.00132626
754		0.0013245
755		0.00132275
756		0.001321
757		0.00131926
758		0.00131752
759		0.00131579
760		0.00131406
761		0.00131234
762		0.00131062
763		0.0013089
764		0.00130719
765		0.00130548
766		0.00130378
767		0.00130208
768		0.00130039
769		0.0012987
770		0.00129702
771		0.00129534
772		0.00129366
773		0.00129199
774		0.00129032
775		0.00128866
776		0.001287
777		0.00128535
778		0.0012837
779		0.00128205
780		0.00128041
781		0.00127877
782		0.00127714
783		0.00127551
784		0.00127388
785		0.00127226
786		0.00127065
787		0.00126904
788		0.00126743
789		0.00126582
790		0.00126422
791		0.00126263
792		0.00126103
793		0.00125945
794		0.00125786
795		0.00125628
796		0.0012547
797		0.00125313
798		0.00125156
799		0.00125
800		0.00124844
801		0.00124688
802		0.00124533
803		0.00124378
804		0.00124224
805		0.00124069
806		0.00123916
807		0.00123762
808		0.00123609
809		0.00123457
810		0.00123305
811		0.00123153
812		0.00123001
813		0.0012285
814		0.00122699
815		0.00122549
816		0.00122399
817		0.00122249
818		0.001221
819		0.00121951
820		0.00121803
821		0.00121654
822		0.00121507
823		0.00121359
824		0.00121212
825		0.00121065
826		0.00120919
827		0.00120773
828		0.00120627
829		0.00120482
830		0.00120337
831		0.00120192
832		0.00120048
833		0.00119904
834		0.0011976
835		0.00119617
836		0.00119474
837		0.00119332
838		0.00119189
839		0.00119048
840		0.00118906
841		0.00118765
842		0.00118624
843		0.00118483
844		0.00118343
845		0.00118203
846		0.00118064
847		0.00117924
848		0.00117786
849		0.00117647
850		0.00117509
851		0.00117371
852		0.00117233
853		0.00117096
854		0.00116959
855		0.00116822
856		0.00116686
857		0.0011655
858		0.00116414
859		0.00116279
860		0.00116144
861		0.00116009
862		0.00115875
863		0.00115741
864		0.00115607
865		0.00115473
866		0.0011534
867		0.00115207
868		0.00115075
869		0.00114942
870		0.00114811
871		0.00114679
872		0.00114547
873		0.00114416
874		0.00114286
875		0.00114155
876		0.00114025
877		0.00113895
878		0.00113766
879		0.00113636
880		0.00113507
881		0.00113379
882		0.0011325
883		0.00113122
884		0.00112994
885		0.00112867
886		0.0011274
887		0.00112613
888		0.00112486
889		0.0011236
890		0.00112233
891		0.00112108
892		0.00111982
893		0.00111857
894		0.00111732
895		0.00111607
896		0.00111483
897		0.00111359
898		0.00111235
899		0.00111111
900		0.00110988
901		0.00110865
902		0.00110742
903		0.00110619
904		0.00110497
905		0.00110375
906		0.00110254
907		0.00110132
908		0.00110011
909		0.0010989
910		0.00109769
911		0.00109649
912		0.00109529
913		0.00109409
914		0.0010929
915		0.0010917
916		0.00109051
917		0.00108932
918		0.00108814
919		0.00108696
920		0.00108578
921		0.0010846
922		0.00108342
923		0.00108225
924		0.00108108
925		0.00107991
926		0.00107875
927		0.00107759
928		0.00107643
929		0.00107527
930		0.00107411
931		0.00107296
932		0.00107181
933		0.00107066
934		0.00106952
935		0.00106838
936		0.00106724
937		0.0010661
938		0.00106496
939		0.00106383
940		0.0010627
941		0.00106157
942		0.00106045
943		0.00105932
944		0.0010582
945		0.00105708
946		0.00105597
947		0.00105485
948		0.00105374
949		0.00105263
950		0.00105152
951		0.00105042
952		0.00104932
953		0.00104822
954		0.00104712
955		0.00104602
956		0.00104493
957		0.00104384
958		0.00104275
959		0.00104167
960		0.00104058
961		0.0010395
962		0.00103842
963		0.00103734
964		0.00103627
965		0.0010352
966		0.00103413
967		0.00103306
968		0.00103199
969		0.00103093
970		0.00102987
971		0.00102881
972		0.00102775
973		0.00102669
974		0.00102564
975		0.00102459
976		0.00102354
977		0.00102249
978		0.00102145
979		0.00102041
980		0.00101937
981		0.00101833
982		0.00101729
983		0.00101626
984		0.00101523
985		0.0010142
986		0.00101317
987		0.00101215
988		0.00101112
989		0.0010101
990		0.00100908
991		0.00100806
992		0.00100705
993		0.00100604
994		0.00100502
995		0.00100402
996		0.00100301
997		0.001002
998		0.001001
999		0.001
