x		n=0			n=1			n=2			n=3			n=4
-3			1		-6		34		-180		876		
-2.99			1		-5.98		33.7604		-177.967		861.681		
-2.98			1		-5.96		33.5216		-175.949		847.525		
-2.97			1		-5.94		33.2836		-173.945		833.529		
-2.96			1		-5.92		33.0464		-171.955		819.693		
-2.95			1		-5.9		32.81		-169.979		806.016		
-2.94			1		-5.88		32.5744		-168.017		792.496		
-2.93			1		-5.86		32.3396		-166.07		779.133		
-2.92			1		-5.84		32.1056		-164.137		765.925		
-2.91			1		-5.82		31.8724		-162.217		752.871		
-2.9			1		-5.8		31.64		-160.312		739.97		
-2.89			1		-5.78		31.4084		-158.421		727.22		
-2.88			1		-5.76		31.1776		-156.543		714.622		
-2.87			1		-5.74		30.9476		-154.679		702.173		
-2.86			1		-5.72		30.7184		-152.829		689.873		
-2.85			1		-5.7		30.49		-150.993		677.72		
-2.84			1		-5.68		30.2624		-149.17		665.714		
-2.83			1		-5.66		30.0356		-147.361		653.852		
-2.82			1		-5.64		29.8096		-145.566		642.135		
-2.81			1		-5.62		29.5844		-143.784		630.562		
-2.8			1		-5.6		29.36		-142.016		619.13		
-2.79			1		-5.58		29.1364		-140.261		607.839		
-2.78			1		-5.56		28.9136		-138.52		596.687		
-2.77			1		-5.54		28.6916		-136.791		585.675		
-2.76			1		-5.52		28.4704		-135.077		574.8		
-2.75			1		-5.5		28.25		-133.375		564.063		
-2.74			1		-5.48		28.0304		-131.687		553.46		
-2.73			1		-5.46		27.8116		-130.011		542.992		
-2.72			1		-5.44		27.5936		-128.349		532.658		
-2.71			1		-5.42		27.3764		-126.7		522.456		
-2.7			1		-5.4		27.16		-125.064		512.386		
-2.69			1		-5.38		26.9444		-123.441		502.445		
-2.68			1		-5.36		26.7296		-121.831		492.635		
-2.67			1		-5.34		26.5156		-120.233		482.952		
-2.66			1		-5.32		26.3024		-118.649		473.397		
-2.65			1		-5.3		26.09		-117.077		463.968		
-2.64			1		-5.28		25.8784		-115.518		454.664		
-2.63			1		-5.26		25.6676		-113.972		445.485		
-2.62			1		-5.24		25.4576		-112.438		436.429		
-2.61			1		-5.22		25.2484		-110.917		427.495		
-2.6			1		-5.2		25.04		-109.408		418.682		
-2.59			1		-5.18		24.8324		-107.912		409.989		
-2.58			1		-5.16		24.6256		-106.428		401.415		
-2.57			1		-5.14		24.4196		-104.957		392.96		
-2.56			1		-5.12		24.2144		-103.498		384.622		
-2.55			1		-5.1		24.01		-102.051		376.4		
-2.54			1		-5.08		23.8064		-100.617		368.293		
-2.53			1		-5.06		23.6036		-99.1942		360.301		
-2.52			1		-5.04		23.4016		-97.7841		352.422		
-2.51			1		-5.02		23.2004		-96.386		344.655		
-2.5			1		-5		23		-95		337		
-2.49			1		-4.98		22.8004		-93.626		329.455		
-2.48			1		-4.96		22.6016		-92.2639		322.02		
-2.47			1		-4.94		22.4036		-90.9138		314.692		
-2.46			1		-4.92		22.2064		-89.5755		307.473		
-2.45			1		-4.9		22.01		-88.249		300.36		
-2.44			1		-4.88		21.8144		-86.9343		293.353		
-2.43			1		-4.86		21.6196		-85.6313		286.45		
-2.42			1		-4.84		21.4256		-84.3399		279.652		
-2.41			1		-4.82		21.2324		-83.0602		272.956		
-2.4			1		-4.8		21.04		-81.792		266.362		
-2.39			1		-4.78		20.8484		-80.5354		259.869		
-2.38			1		-4.76		20.6576		-79.2902		253.476		
-2.37			1		-4.74		20.4676		-78.0564		247.182		
-2.36			1		-4.72		20.2784		-76.834		240.986		
-2.35			1		-4.7		20.09		-75.623		234.888		
-2.34			1		-4.68		19.9024		-74.4232		228.886		
-2.33			1		-4.66		19.7156		-73.2347		222.98		
-2.32			1		-4.64		19.5296		-72.0573		217.168		
-2.31			1		-4.62		19.3444		-70.8911		211.451		
-2.3			1		-4.6		19.16		-69.736		205.826		
-2.29			1		-4.58		18.9764		-68.5919		200.293		
-2.28			1		-4.56		18.7936		-67.4588		194.851		
-2.27			1		-4.54		18.6116		-66.3367		189.499		
-2.26			1		-4.52		18.4304		-65.2254		184.236		
-2.25			1		-4.5		18.25		-64.125		179.063		
-2.24			1		-4.48		18.0704		-63.0354		173.976		
-2.23			1		-4.46		17.8916		-61.9565		168.977		
-2.22			1		-4.44		17.7136		-60.8884		164.063		
-2.21			1		-4.42		17.5364		-59.8309		159.234		
-2.2			1		-4.4		17.36		-58.784		154.49		
-2.19			1		-4.38		17.1844		-57.7477		149.828		
-2.18			1		-4.36		17.0096		-56.7219		145.25		
-2.17			1		-4.34		16.8356		-55.7065		140.753		
-2.16			1		-4.32		16.6624		-54.7016		136.336		
-2.15			1		-4.3		16.49		-53.707		132		
-2.14			1		-4.28		16.3184		-52.7228		127.743		
-2.13			1		-4.26		16.1476		-51.7488		123.564		
-2.12			1		-4.24		15.9776		-50.785		119.463		
-2.11			1		-4.22		15.8084		-49.8314		115.438		
-2.1			1		-4.2		15.64		-48.888		111.49		
-2.09			1		-4.18		15.4724		-47.9546		107.616		
-2.08			1		-4.16		15.3056		-47.0313		103.817		
-2.07			1		-4.14		15.1396		-46.1179		100.091		
-2.06			1		-4.12		14.9744		-45.2145		96.4375		
-2.05			1		-4.1		14.81		-44.321		92.8561		
-2.04			1		-4.08		14.6464		-43.4373		89.3458		
-2.03			1		-4.06		14.4836		-42.5634		85.9059		
-2.02			1		-4.04		14.3216		-41.6993		82.5354		
-2.01			1		-4.02		14.1604		-40.8448		79.2337		
-2			1		-4		14		-40		76		
-1.99			1		-3.98		13.8404		-39.1648		72.8335		
-1.98			1		-3.96		13.6816		-38.3391		69.7334		
-1.97			1		-3.94		13.5236		-37.523		66.699		
-1.96			1		-3.92		13.3664		-36.7163		63.7294		
-1.95			1		-3.9		13.21		-35.919		60.8241		
-1.94			1		-3.88		13.0544		-35.1311		57.9822		
-1.93			1		-3.86		12.8996		-34.3525		55.2029		
-1.92			1		-3.84		12.7456		-33.5831		52.4855		
-1.91			1		-3.82		12.5924		-32.823		49.8293		
-1.9			1		-3.8		12.44		-32.072		47.2336		
-1.89			1		-3.78		12.2884		-31.3302		44.6976		
-1.88			1		-3.76		12.1376		-30.5974		42.2205		
-1.87			1		-3.74		11.9876		-29.8736		39.8018		
-1.86			1		-3.72		11.8384		-29.1588		37.4405		
-1.85			1		-3.7		11.69		-28.453		35.1361		
-1.84			1		-3.68		11.5424		-27.756		32.8878		
-1.83			1		-3.66		11.3956		-27.0679		30.6949		
-1.82			1		-3.64		11.2496		-26.3885		28.5567		
-1.81			1		-3.62		11.1044		-25.7179		26.4725		
-1.8			1		-3.6		10.96		-25.056		24.4416		
-1.79			1		-3.58		10.8164		-24.4027		22.4633		
-1.78			1		-3.56		10.6736		-23.758		20.5369		
-1.77			1		-3.54		10.5316		-23.1219		18.6618		
-1.76			1		-3.52		10.3904		-22.4942		16.8372		
-1.75			1		-3.5		10.25		-21.875		15.0625		
-1.74			1		-3.48		10.1104		-21.2642		13.337		
-1.73			1		-3.46		9.9716		-20.6617		11.66		
-1.72			1		-3.44		9.8336		-20.0676		10.0309		
-1.71			1		-3.42		9.6964		-19.4817		8.44897		
-1.7			1		-3.4		9.56		-18.904		6.9136		
-1.69			1		-3.38		9.4244		-18.3345		5.42412		
-1.68			1		-3.36		9.2896		-17.7731		3.97987		
-1.67			1		-3.34		9.1556		-17.2197		2.58021		
-1.66			1		-3.32		9.0224		-16.6744		1.2245		
-1.65			1		-3.3		8.89		-16.137		-0.0879		
-1.64			1		-3.28		8.7584		-15.6076		-1.35763		
-1.63			1		-3.26		8.6276		-15.086		-2.58532		
-1.62			1		-3.24		8.4976		-14.5722		-3.77159		
-1.61			1		-3.22		8.3684		-14.0662		-4.91708		
-1.6			1		-3.2		8.24		-13.568		-6.0224		
-1.59			1		-3.18		8.1124		-13.0774		-7.08817		
-1.58			1		-3.16		7.9856		-12.5945		-8.11499		
-1.57			1		-3.14		7.8596		-12.1191		-9.10349		
-1.56			1		-3.12		7.7344		-11.6513		-10.0543		
-1.55			1		-3.1		7.61		-11.191		-10.9679		
-1.54			1		-3.08		7.4864		-10.7381		-11.845		
-1.53			1		-3.06		7.3636		-10.2926		-12.6862		
-1.52			1		-3.04		7.2416		-9.85446		-13.492		
-1.51			1		-3.02		7.1204		-9.42361		-14.2631		
-1.5			1		-3		7		-9		-15		
-1.49			1		-2.98		6.8804		-8.58359		-15.7033		
-1.48			1		-2.96		6.7616		-8.17434		-16.3736		
-1.47			1		-2.94		6.6436		-7.77218		-17.0114		
-1.46			1		-2.92		6.5264		-7.37709		-17.6173		
-1.45			1		-2.9		6.41		-6.989		-18.1919		
-1.44			1		-2.88		6.2944		-6.60787		-18.7357		
-1.43			1		-2.86		6.1796		-6.23366		-19.2493		
-1.42			1		-2.84		6.0656		-5.8663		-19.7333		
-1.41			1		-2.82		5.9524		-5.50577		-20.1881		
-1.4			1		-2.8		5.84		-5.152		-20.6144		
-1.39			1		-2.78		5.7284		-4.80495		-21.0126		
-1.38			1		-2.76		5.6176		-4.46458		-21.3834		
-1.37			1		-2.74		5.5076		-4.13082		-21.7271		
-1.36			1		-2.72		5.3984		-3.80365		-22.0445		
-1.35			1		-2.7		5.29		-3.483		-22.3359		
-1.34			1		-2.68		5.1824		-3.16883		-22.6019		
-1.33			1		-2.66		5.0756		-2.8611		-22.8431		
-1.32			1		-2.64		4.9696		-2.55974		-23.0599		
-1.31			1		-2.62		4.8644		-2.26473		-23.2528		
-1.3			1		-2.6		4.76		-1.976		-23.4224		
-1.29			1		-2.58		4.6564		-1.69351		-23.5691		
-1.28			1		-2.56		4.5536		-1.41722		-23.6935		
-1.27			1		-2.54		4.4516		-1.14706		-23.7961		
-1.26			1		-2.52		4.3504		-0.883008		-23.8772		
-1.25			1		-2.5		4.25		-0.625		-23.9375		
-1.24			1		-2.48		4.1504		-0.372992		-23.9774		
-1.23			1		-2.46		4.0516		-0.126936		-23.9973		
-1.22			1		-2.44		3.9536		0.113216		-23.9978		
-1.21			1		-2.42		3.8564		0.347512		-23.9794		
-1.2			1		-2.4		3.76		0.576		-23.9424		
-1.19			1		-2.38		3.6644		0.798728		-23.8874		
-1.18			1		-2.36		3.5696		1.01574		-23.8148		
-1.17			1		-2.34		3.4756		1.2271		-23.725		
-1.16			1		-2.32		3.3824		1.43283		-23.6186		
-1.15			1		-2.3		3.29		1.633		-23.4959		
-1.14			1		-2.28		3.1984		1.82765		-23.3574		
-1.13			1		-2.26		3.1076		2.01682		-23.2036		
-1.12			1		-2.24		3.0176		2.20058		-23.0349		
-1.11			1		-2.22		2.9284		2.37895		-22.8517		
-1.1			1		-2.2		2.84		2.552		-22.6544		
-1.09			1		-2.18		2.7524		2.71977		-22.4435		
-1.08			1		-2.16		2.6656		2.8823		-22.2194		
-1.07			1		-2.14		2.5796		3.03966		-21.9825		
-1.06			1		-2.12		2.4944		3.19187		-21.7332		
-1.05			1		-2.1		2.41		3.339		-21.4719		
-1.04			1		-2.08		2.3264		3.48109		-21.1991		
-1.03			1		-2.06		2.2436		3.61818		-20.9151		
-1.02			1		-2.04		2.1616		3.75034		-20.6203		
-1.01			1		-2.02		2.0804		3.87759		-20.3151		
-1			1		-2		2		4		-20		
-0.99			1		-1.98		1.9204		4.11761		-19.6753		
-0.98			1		-1.96		1.8416		4.23046		-19.3413		
-0.97			1		-1.94		1.7636		4.33862		-18.9985		
-0.96			1		-1.92		1.6864		4.44211		-18.6473		
-0.95			1		-1.9		1.61		4.541		-18.2879		
-0.94			1		-1.88		1.5344		4.63533		-17.9208		
-0.93			1		-1.86		1.4596		4.72514		-17.5464		
-0.92			1		-1.84		1.3856		4.8105		-17.1649		
-0.91			1		-1.82		1.3124		4.89143		-16.7768		
-0.9			1		-1.8		1.24		4.968		-16.3824		
-0.89			1		-1.78		1.1684		5.04025		-15.982		
-0.88			1		-1.76		1.0976		5.10822		-15.5761		
-0.87			1		-1.74		1.0276		5.17198		-15.1648		
-0.86			1		-1.72		0.9584		5.23155		-14.7487		
-0.85			1		-1.7		0.89		5.287		-14.3279		
-0.84			1		-1.68		0.8224		5.33837		-13.9029		
-0.83			1		-1.66		0.7556		5.3857		-13.4739		
-0.82			1		-1.64		0.6896		5.42906		-13.0413		
-0.81			1		-1.62		0.6244		5.46847		-12.6053		
-0.8			1		-1.6		0.56		5.504		-12.1664		
-0.79			1		-1.58		0.4964		5.53569		-11.7248		
-0.78			1		-1.56		0.4336		5.56358		-11.2808		
-0.77			1		-1.54		0.3716		5.58774		-10.8347		
-0.76			1		-1.52		0.3104		5.60819		-10.3869		
-0.75			1		-1.5		0.25		5.625		-9.9375		
-0.74			1		-1.48		0.1904		5.63821		-9.48695		
-0.73			1		-1.46		0.1316		5.64786		-9.03548		
-0.72			1		-1.44		0.0736		5.65402		-8.58338		
-0.71			1		-1.42		0.0164		5.65671		-8.13093		
-0.7			1		-1.4		-0.04		5.656		-7.6784		
-0.69			1		-1.38		-0.0956		5.65193		-7.22606		
-0.68			1		-1.36		-0.1504		5.64454		-6.77418		
-0.67			1		-1.34		-0.2044		5.6339		-6.32302		
-0.66			1		-1.32		-0.2576		5.62003		-5.87284		
-0.65			1		-1.3		-0.31		5.603		-5.4239		
-0.64			1		-1.28		-0.3616		5.58285		-4.97645		
-0.63			1		-1.26		-0.4124		5.55962		-4.53073		
-0.62			1		-1.24		-0.4624		5.53338		-4.08699		
-0.61			1		-1.22		-0.5116		5.50415		-3.64547		
-0.6			1		-1.2		-0.56		5.472		-3.2064		
-0.59			1		-1.18		-0.6076		5.43697		-2.77002		
-0.58			1		-1.16		-0.6544		5.3991		-2.33656		
-0.57			1		-1.14		-0.7004		5.35846		-1.90624		
-0.56			1		-1.12		-0.7456		5.31507		-1.47928		
-0.55			1		-1.1		-0.79		5.269		-1.0559		
-0.54			1		-1.08		-0.8336		5.22029		-0.636311		
-0.53			1		-1.06		-0.8764		5.16898		-0.220723		
-0.52			1		-1.04		-0.9184		5.11514		0.190659		
-0.51			1		-1.02		-0.9596		5.05879		0.597632		
-0.5			1		-1		-1		5		1		
-0.49			1		-0.98		-1.0396		4.93881		1.39757		
-0.48			1		-0.96		-1.0784		4.87526		1.79015		
-0.47			1		-0.94		-1.1164		4.80942		2.17755		
-0.46			1		-0.92		-1.1536		4.74131		2.55959		
-0.45			1		-0.9		-1.19		4.671		2.9361		
-0.44			1		-0.88		-1.2256		4.59853		3.3069		
-0.43			1		-0.86		-1.2604		4.52394		3.67181		
-0.42			1		-0.84		-1.2944		4.4473		4.03067		
-0.41			1		-0.82		-1.3276		4.36863		4.38332		
-0.4			1		-0.8		-1.36		4.288		4.7296		
-0.39			1		-0.78		-1.3916		4.20545		5.06935		
-0.38			1		-0.76		-1.4224		4.12102		5.40242		
-0.37			1		-0.74		-1.4524		4.03478		5.72867		
-0.36			1		-0.72		-1.4816		3.94675		6.04794		
-0.35			1		-0.7		-1.51		3.857		6.3601		
-0.34			1		-0.68		-1.5376		3.76557		6.66501		
-0.33			1		-0.66		-1.5644		3.6725		6.96255		
-0.32			1		-0.64		-1.5904		3.57786		7.25257		
-0.31			1		-0.62		-1.6156		3.48167		7.53496		
-0.3			1		-0.6		-1.64		3.384		7.8096		
-0.29			1		-0.58		-1.6636		3.28489		8.07636		
-0.28			1		-0.56		-1.6864		3.18438		8.33514		
-0.27			1		-0.54		-1.7084		3.08254		8.58583		
-0.26			1		-0.52		-1.7296		2.97939		8.82832		
-0.25			1		-0.5		-1.75		2.875		9.0625		
-0.24			1		-0.48		-1.7696		2.76941		9.28828		
-0.23			1		-0.46		-1.7884		2.66266		9.50557		
-0.22			1		-0.44		-1.8064		2.55482		9.71428		
-0.21			1		-0.42		-1.8236		2.44591		9.91432		
-0.2			1		-0.4		-1.84		2.336		10.1056		
-0.19			1		-0.38		-1.8556		2.22513		10.2881		
-0.18			1		-0.36		-1.8704		2.11334		10.4616		
-0.17			1		-0.34		-1.8844		2.0007		10.6262		
-0.16			1		-0.32		-1.8976		1.88723		10.7817		
-0.15			1		-0.3		-1.91		1.773		10.9281		
-0.14			1		-0.28		-1.9216		1.65805		11.0653		
-0.13			1		-0.26		-1.9324		1.54242		11.1934		
-0.12			1		-0.24		-1.9424		1.42618		11.3121		
-0.11			1		-0.22		-1.9516		1.30935		11.4215		
-0.1			1		-0.2		-1.96		1.192		11.5216		
-0.09			1		-0.18		-1.9676		1.07417		11.6122		
-0.08			1		-0.16		-1.9744		0.955904		11.6935		
-0.07			1		-0.14		-1.9804		0.837256		11.7652		
-0.06			1		-0.12		-1.9856		0.718272		11.8274		
-0.05			1		-0.1		-1.99		0.599		11.8801		
-0.04			1		-0.08		-1.9936		0.479488		11.9232		
-0.03			1		-0.06		-1.9964		0.359784		11.9568		
-0.02			1		-0.04		-1.9984		0.239936		11.9808		
-0.01			1		-0.02		-1.9996		0.119992		11.9952		
-1.96752e-014			1		-3.93505e-014		-2		2.36103e-013		12		
0.01			1		0.02		-1.9996		-0.119992		11.9952		
0.02			1		0.04		-1.9984		-0.239936		11.9808		
0.03			1		0.06		-1.9964		-0.359784		11.9568		
0.04			1		0.08		-1.9936		-0.479488		11.9232		
0.05			1		0.1		-1.99		-0.599		11.8801		
0.06			1		0.12		-1.9856		-0.718272		11.8274		
0.07			1		0.14		-1.9804		-0.837256		11.7652		
0.08			1		0.16		-1.9744		-0.955904		11.6935		
0.09			1		0.18		-1.9676		-1.07417		11.6122		
0.1			1		0.2		-1.96		-1.192		11.5216		
0.11			1		0.22		-1.9516		-1.30935		11.4215		
0.12			1		0.24		-1.9424		-1.42618		11.3121		
0.13			1		0.26		-1.9324		-1.54242		11.1934		
0.14			1		0.28		-1.9216		-1.65805		11.0653		
0.15			1		0.3		-1.91		-1.773		10.9281		
0.16			1		0.32		-1.8976		-1.88723		10.7817		
0.17			1		0.34		-1.8844		-2.0007		10.6262		
0.18			1		0.36		-1.8704		-2.11334		10.4616		
0.19			1		0.38		-1.8556		-2.22513		10.2881		
0.2			1		0.4		-1.84		-2.336		10.1056		
0.21			1		0.42		-1.8236		-2.44591		9.91432		
0.22			1		0.44		-1.8064		-2.55482		9.71428		
0.23			1		0.46		-1.7884		-2.66266		9.50557		
0.24			1		0.48		-1.7696		-2.76941		9.28828		
0.25			1		0.5		-1.75		-2.875		9.0625		
0.26			1		0.52		-1.7296		-2.97939		8.82832		
0.27			1		0.54		-1.7084		-3.08254		8.58583		
0.28			1		0.56		-1.6864		-3.18438		8.33514		
0.29			1		0.58		-1.6636		-3.28489		8.07636		
0.3			1		0.6		-1.64		-3.384		7.8096		
0.31			1		0.62		-1.6156		-3.48167		7.53496		
0.32			1		0.64		-1.5904		-3.57786		7.25257		
0.33			1		0.66		-1.5644		-3.6725		6.96255		
0.34			1		0.68		-1.5376		-3.76557		6.66501		
0.35			1		0.7		-1.51		-3.857		6.3601		
0.36			1		0.72		-1.4816		-3.94675		6.04794		
0.37			1		0.74		-1.4524		-4.03478		5.72867		
0.38			1		0.76		-1.4224		-4.12102		5.40242		
0.39			1		0.78		-1.3916		-4.20545		5.06935		
0.4			1		0.8		-1.36		-4.288		4.7296		
0.41			1		0.82		-1.3276		-4.36863		4.38332		
0.42			1		0.84		-1.2944		-4.4473		4.03067		
0.43			1		0.86		-1.2604		-4.52394		3.67181		
0.44			1		0.88		-1.2256		-4.59853		3.3069		
0.45			1		0.9		-1.19		-4.671		2.9361		
0.46			1		0.92		-1.1536		-4.74131		2.55959		
0.47			1		0.94		-1.1164		-4.80942		2.17755		
0.48			1		0.96		-1.0784		-4.87526		1.79015		
0.49			1		0.98		-1.0396		-4.93881		1.39757		
0.5			1		1		-1		-5		1		
0.51			1		1.02		-0.9596		-5.05879		0.597632		
0.52			1		1.04		-0.9184		-5.11514		0.190659		
0.53			1		1.06		-0.8764		-5.16898		-0.220723		
0.54			1		1.08		-0.8336		-5.22029		-0.636311		
0.55			1		1.1		-0.79		-5.269		-1.0559		
0.56			1		1.12		-0.7456		-5.31507		-1.47928		
0.57			1		1.14		-0.7004		-5.35846		-1.90624		
0.58			1		1.16		-0.6544		-5.3991		-2.33656		
0.59			1		1.18		-0.6076		-5.43697		-2.77002		
0.6			1		1.2		-0.56		-5.472		-3.2064		
0.61			1		1.22		-0.5116		-5.50415		-3.64547		
0.62			1		1.24		-0.4624		-5.53338		-4.08699		
0.63			1		1.26		-0.4124		-5.55962		-4.53073		
0.64			1		1.28		-0.3616		-5.58285		-4.97645		
0.65			1		1.3		-0.31		-5.603		-5.4239		
0.66			1		1.32		-0.2576		-5.62003		-5.87284		
0.67			1		1.34		-0.2044		-5.6339		-6.32302		
0.68			1		1.36		-0.1504		-5.64454		-6.77418		
0.69			1		1.38		-0.0956		-5.65193		-7.22606		
0.7			1		1.4		-0.04		-5.656		-7.6784		
0.71			1		1.42		0.0164		-5.65671		-8.13093		
0.72			1		1.44		0.0736		-5.65402		-8.58338		
0.73			1		1.46		0.1316		-5.64786		-9.03548		
0.74			1		1.48		0.1904		-5.63821		-9.48695		
0.75			1		1.5		0.25		-5.625		-9.9375		
0.76			1		1.52		0.3104		-5.60819		-10.3869		
0.77			1		1.54		0.3716		-5.58774		-10.8347		
0.78			1		1.56		0.4336		-5.56358		-11.2808		
0.79			1		1.58		0.4964		-5.53569		-11.7248		
0.8			1		1.6		0.56		-5.504		-12.1664		
0.81			1		1.62		0.6244		-5.46847		-12.6053		
0.82			1		1.64		0.6896		-5.42906		-13.0413		
0.83			1		1.66		0.7556		-5.3857		-13.4739		
0.84			1		1.68		0.8224		-5.33837		-13.9029		
0.85			1		1.7		0.89		-5.287		-14.3279		
0.86			1		1.72		0.9584		-5.23155		-14.7487		
0.87			1		1.74		1.0276		-5.17198		-15.1648		
0.88			1		1.76		1.0976		-5.10822		-15.5761		
0.89			1		1.78		1.1684		-5.04025		-15.982		
0.9			1		1.8		1.24		-4.968		-16.3824		
0.91			1		1.82		1.3124		-4.89143		-16.7768		
0.92			1		1.84		1.3856		-4.8105		-17.1649		
0.93			1		1.86		1.4596		-4.72514		-17.5464		
0.94			1		1.88		1.5344		-4.63533		-17.9208		
0.95			1		1.9		1.61		-4.541		-18.2879		
0.96			1		1.92		1.6864		-4.44211		-18.6473		
0.97			1		1.94		1.7636		-4.33862		-18.9985		
0.98			1		1.96		1.8416		-4.23046		-19.3413		
0.99			1		1.98		1.9204		-4.11761		-19.6753		
1			1		2		2		-4		-20		
1.01			1		2.02		2.0804		-3.87759		-20.3151		
1.02			1		2.04		2.1616		-3.75034		-20.6203		
1.03			1		2.06		2.2436		-3.61818		-20.9151		
1.04			1		2.08		2.3264		-3.48109		-21.1991		
1.05			1		2.1		2.41		-3.339		-21.4719		
1.06			1		2.12		2.4944		-3.19187		-21.7332		
1.07			1		2.14		2.5796		-3.03966		-21.9825		
1.08			1		2.16		2.6656		-2.8823		-22.2194		
1.09			1		2.18		2.7524		-2.71977		-22.4435		
1.1			1		2.2		2.84		-2.552		-22.6544		
1.11			1		2.22		2.9284		-2.37895		-22.8517		
1.12			1		2.24		3.0176		-2.20058		-23.0349		
1.13			1		2.26		3.1076		-2.01682		-23.2036		
1.14			1		2.28		3.1984		-1.82765		-23.3574		
1.15			1		2.3		3.29		-1.633		-23.4959		
1.16			1		2.32		3.3824		-1.43283		-23.6186		
1.17			1		2.34		3.4756		-1.2271		-23.725		
1.18			1		2.36		3.5696		-1.01574		-23.8148		
1.19			1		2.38		3.6644		-0.798728		-23.8874		
1.2			1		2.4		3.76		-0.576		-23.9424		
1.21			1		2.42		3.8564		-0.347512		-23.9794		
1.22			1		2.44		3.9536		-0.113216		-23.9978		
1.23			1		2.46		4.0516		0.126936		-23.9973		
1.24			1		2.48		4.1504		0.372992		-23.9774		
1.25			1		2.5		4.25		0.625		-23.9375		
1.26			1		2.52		4.3504		0.883008		-23.8772		
1.27			1		2.54		4.4516		1.14706		-23.7961		
1.28			1		2.56		4.5536		1.41722		-23.6935		
1.29			1		2.58		4.6564		1.69351		-23.5691		
1.3			1		2.6		4.76		1.976		-23.4224		
1.31			1		2.62		4.8644		2.26473		-23.2528		
1.32			1		2.64		4.9696		2.55974		-23.0599		
1.33			1		2.66		5.0756		2.8611		-22.8431		
1.34			1		2.68		5.1824		3.16883		-22.6019		
1.35			1		2.7		5.29		3.483		-22.3359		
1.36			1		2.72		5.3984		3.80365		-22.0445		
1.37			1		2.74		5.5076		4.13082		-21.7271		
1.38			1		2.76		5.6176		4.46458		-21.3834		
1.39			1		2.78		5.7284		4.80495		-21.0126		
1.4			1		2.8		5.84		5.152		-20.6144		
1.41			1		2.82		5.9524		5.50577		-20.1881		
1.42			1		2.84		6.0656		5.8663		-19.7333		
1.43			1		2.86		6.1796		6.23366		-19.2493		
1.44			1		2.88		6.2944		6.60787		-18.7357		
1.45			1		2.9		6.41		6.989		-18.1919		
1.46			1		2.92		6.5264		7.37709		-17.6173		
1.47			1		2.94		6.6436		7.77218		-17.0114		
1.48			1		2.96		6.7616		8.17434		-16.3736		
1.49			1		2.98		6.8804		8.58359		-15.7033		
1.5			1		3		7		9		-15		
1.51			1		3.02		7.1204		9.42361		-14.2631		
1.52			1		3.04		7.2416		9.85446		-13.492		
1.53			1		3.06		7.3636		10.2926		-12.6862		
1.54			1		3.08		7.4864		10.7381		-11.845		
1.55			1		3.1		7.61		11.191		-10.9679		
1.56			1		3.12		7.7344		11.6513		-10.0543		
1.57			1		3.14		7.8596		12.1191		-9.10349		
1.58			1		3.16		7.9856		12.5945		-8.11499		
1.59			1		3.18		8.1124		13.0774		-7.08817		
1.6			1		3.2		8.24		13.568		-6.0224		
1.61			1		3.22		8.3684		14.0662		-4.91708		
1.62			1		3.24		8.4976		14.5722		-3.77159		
1.63			1		3.26		8.6276		15.086		-2.58532		
1.64			1		3.28		8.7584		15.6076		-1.35763		
1.65			1		3.3		8.89		16.137		-0.0879		
1.66			1		3.32		9.0224		16.6744		1.2245		
1.67			1		3.34		9.1556		17.2197		2.58021		
1.68			1		3.36		9.2896		17.7731		3.97987		
1.69			1		3.38		9.4244		18.3345		5.42412		
1.7			1		3.4		9.56		18.904		6.9136		
1.71			1		3.42		9.6964		19.4817		8.44897		
1.72			1		3.44		9.8336		20.0676		10.0309		
1.73			1		3.46		9.9716		20.6617		11.66		
1.74			1		3.48		10.1104		21.2642		13.337		
1.75			1		3.5		10.25		21.875		15.0625		
1.76			1		3.52		10.3904		22.4942		16.8372		
1.77			1		3.54		10.5316		23.1219		18.6618		
1.78			1		3.56		10.6736		23.758		20.5369		
1.79			1		3.58		10.8164		24.4027		22.4633		
1.8			1		3.6		10.96		25.056		24.4416		
1.81			1		3.62		11.1044		25.7179		26.4725		
1.82			1		3.64		11.2496		26.3885		28.5567		
1.83			1		3.66		11.3956		27.0679		30.6949		
1.84			1		3.68		11.5424		27.756		32.8878		
1.85			1		3.7		11.69		28.453		35.1361		
1.86			1		3.72		11.8384		29.1588		37.4405		
1.87			1		3.74		11.9876		29.8736		39.8018		
1.88			1		3.76		12.1376		30.5974		42.2205		
1.89			1		3.78		12.2884		31.3302		44.6976		
1.9			1		3.8		12.44		32.072		47.2336		
1.91			1		3.82		12.5924		32.823		49.8293		
1.92			1		3.84		12.7456		33.5831		52.4855		
1.93			1		3.86		12.8996		34.3525		55.2029		
1.94			1		3.88		13.0544		35.1311		57.9822		
1.95			1		3.9		13.21		35.919		60.8241		
1.96			1		3.92		13.3664		36.7163		63.7294		
1.97			1		3.94		13.5236		37.523		66.699		
1.98			1		3.96		13.6816		38.3391		69.7334		
1.99			1		3.98		13.8404		39.1648		72.8335		
2			1		4		14		40		76		
2.01			1		4.02		14.1604		40.8448		79.2337		
2.02			1		4.04		14.3216		41.6993		82.5354		
2.03			1		4.06		14.4836		42.5634		85.9059		
2.04			1		4.08		14.6464		43.4373		89.3458		
2.05			1		4.1		14.81		44.321		92.8561		
2.06			1		4.12		14.9744		45.2145		96.4375		
2.07			1		4.14		15.1396		46.1179		100.091		
2.08			1		4.16		15.3056		47.0313		103.817		
2.09			1		4.18		15.4724		47.9546		107.616		
2.1			1		4.2		15.64		48.888		111.49		
2.11			1		4.22		15.8084		49.8314		115.438		
2.12			1		4.24		15.9776		50.785		119.463		
2.13			1		4.26		16.1476		51.7488		123.564		
2.14			1		4.28		16.3184		52.7228		127.743		
2.15			1		4.3		16.49		53.707		132		
2.16			1		4.32		16.6624		54.7016		136.336		
2.17			1		4.34		16.8356		55.7065		140.753		
2.18			1		4.36		17.0096		56.7219		145.25		
2.19			1		4.38		17.1844		57.7477		149.828		
2.2			1		4.4		17.36		58.784		154.49		
2.21			1		4.42		17.5364		59.8309		159.234		
2.22			1		4.44		17.7136		60.8884		164.063		
2.23			1		4.46		17.8916		61.9565		168.977		
2.24			1		4.48		18.0704		63.0354		173.976		
2.25			1		4.5		18.25		64.125		179.062		
2.26			1		4.52		18.4304		65.2254		184.236		
2.27			1		4.54		18.6116		66.3367		189.499		
2.28			1		4.56		18.7936		67.4588		194.851		
2.29			1		4.58		18.9764		68.5919		200.293		
2.3			1		4.6		19.16		69.736		205.826		
2.31			1		4.62		19.3444		70.8911		211.451		
2.32			1		4.64		19.5296		72.0573		217.168		
2.33			1		4.66		19.7156		73.2347		222.98		
2.34			1		4.68		19.9024		74.4232		228.886		
2.35			1		4.7		20.09		75.623		234.888		
2.36			1		4.72		20.2784		76.834		240.986		
2.37			1		4.74		20.4676		78.0564		247.182		
2.38			1		4.76		20.6576		79.2902		253.476		
2.39			1		4.78		20.8484		80.5354		259.869		
2.4			1		4.8		21.04		81.792		266.362		
2.41			1		4.82		21.2324		83.0602		272.956		
2.42			1		4.84		21.4256		84.3399		279.652		
2.43			1		4.86		21.6196		85.6313		286.45		
2.44			1		4.88		21.8144		86.9343		293.353		
2.45			1		4.9		22.01		88.249		300.36		
2.46			1		4.92		22.2064		89.5755		307.473		
2.47			1		4.94		22.4036		90.9138		314.692		
2.48			1		4.96		22.6016		92.2639		322.02		
2.49			1		4.98		22.8004		93.626		329.455		
2.5			1		5		23		95		337		
2.51			1		5.02		23.2004		96.386		344.655		
2.52			1		5.04		23.4016		97.7841		352.422		
2.53			1		5.06		23.6036		99.1942		360.301		
2.54			1		5.08		23.8064		100.617		368.293		
2.55			1		5.1		24.01		102.051		376.4		
2.56			1		5.12		24.2144		103.498		384.622		
2.57			1		5.14		24.4196		104.957		392.96		
2.58			1		5.16		24.6256		106.428		401.415		
2.59			1		5.18		24.8324		107.912		409.989		
2.6			1		5.2		25.04		109.408		418.682		
2.61			1		5.22		25.2484		110.917		427.495		
2.62			1		5.24		25.4576		112.438		436.429		
2.63			1		5.26		25.6676		113.972		445.485		
2.64			1		5.28		25.8784		115.518		454.664		
2.65			1		5.3		26.09		117.077		463.968		
2.66			1		5.32		26.3024		118.649		473.397		
2.67			1		5.34		26.5156		120.233		482.952		
2.68			1		5.36		26.7296		121.831		492.635		
2.69			1		5.38		26.9444		123.441		502.445		
2.7			1		5.4		27.16		125.064		512.386		
2.71			1		5.42		27.3764		126.7		522.456		
2.72			1		5.44		27.5936		128.349		532.658		
2.73			1		5.46		27.8116		130.011		542.992		
2.74			1		5.48		28.0304		131.687		553.46		
2.75			1		5.5		28.25		133.375		564.062		
2.76			1		5.52		28.4704		135.077		574.8		
2.77			1		5.54		28.6916		136.791		585.675		
2.78			1		5.56		28.9136		138.52		596.687		
2.79			1		5.58		29.1364		140.261		607.839		
2.8			1		5.6		29.36		142.016		619.13		
2.81			1		5.62		29.5844		143.784		630.562		
2.82			1		5.64		29.8096		145.566		642.135		
2.83			1		5.66		30.0356		147.361		653.852		
2.84			1		5.68		30.2624		149.17		665.714		
2.85			1		5.7		30.49		150.993		677.72		
2.86			1		5.72		30.7184		152.829		689.873		
2.87			1		5.74		30.9476		154.679		702.173		
2.88			1		5.76		31.1776		156.543		714.622		
2.89			1		5.78		31.4084		158.421		727.22		
2.9			1		5.8		31.64		160.312		739.97		
2.91			1		5.82		31.8724		162.217		752.871		
2.92			1		5.84		32.1056		164.137		765.925		
2.93			1		5.86		32.3396		166.07		779.133		
2.94			1		5.88		32.5744		168.017		792.496		
2.95			1		5.9		32.81		169.979		806.016		
2.96			1		5.92		33.0464		171.955		819.693		
2.97			1		5.94		33.2836		173.945		833.529		
2.98			1		5.96		33.5216		175.949		847.525		
2.99			1		5.98		33.7604		177.967		861.681		
3			1		6		34		180		876		
