Terms		Difference
10		0.0249383
11		0.0226808
12		0.0207975
13		0.0192025
14		0.0178345
15		0.0166482
16		0.0156098
17		0.0146932
18		0.0138782
19		0.0131488
20		0.0124922
21		0.011898
22		0.0113578
23		0.0108644
24		0.0104122
25		0.00999601
26		0.00961184
27		0.00925609
28		0.00892573
29		0.00861813
30		0.00833102
31		0.00806242
32		0.00781059
33		0.00757402
34		0.00735135
35		0.0071414
36		0.00694311
37		0.00675552
38		0.00657781
39		0.0064092
40		0.00624902
41		0.00609665
42		0.00595154
43		0.00581317
44		0.00568108
45		0.00555487
46		0.00543414
47		0.00531855
48		0.00520777
49		0.00510151
50		0.0049995
51		0.00490149
52		0.00480725
53		0.00471656
54		0.00462923
55		0.00454508
56		0.00446393
57		0.00438563
58		0.00431002
59		0.00423698
60		0.00416638
61		0.00409809
62		0.004032
63		0.003968
64		0.00390601
65		0.00384593
66		0.00378766
67		0.00373114
68		0.00367627
69		0.003623
70		0.00357125
71		0.00352095
72		0.00347205
73		0.0034245
74		0.00337822
75		0.00333319
76		0.00328933
77		0.00324662
78		0.003205
79		0.00316443
80		0.00312488
81		0.0030863
82		0.00304867
83		0.00301194
84		0.00297609
85		0.00294107
86		0.00290688
87		0.00287347
88		0.00284082
89		0.0028089
90		0.00277769
91		0.00274717
92		0.00271731
93		0.00268809
94		0.0026595
95		0.00263151
96		0.0026041
97		0.00257725
98		0.00255095
99		0.00252519
100		0.00249994
101		0.00247519
102		0.00245092
103		0.00242713
104		0.00240379
105		0.0023809
106		0.00235844
107		0.0023364
108		0.00231477
109		0.00229353
110		0.00227268
111		0.00225221
112		0.0022321
113		0.00221235
114		0.00219294
115		0.00217387
116		0.00215513
117		0.00213671
118		0.00211861
119		0.0021008
120		0.0020833
121		0.00206608
122		0.00204915
123		0.00203249
124		0.0020161
125		0.00199997
126		0.0019841
127		0.00196847
128		0.0019531
129		0.00193796
130		0.00192305
131		0.00190837
132		0.00189391
133		0.00187967
134		0.00186565
135		0.00185183
136		0.00183821
137		0.00182479
138		0.00181157
139		0.00179854
140		0.00178569
141		0.00177303
142		0.00176054
143		0.00174823
144		0.00173609
145		0.00172412
146		0.00171231
147		0.00170066
148		0.00168917
149		0.00167783
150		0.00166665
151		0.00165561
152		0.00164472
153		0.00163397
154		0.00162336
155		0.00161289
156		0.00160255
157		0.00159234
158		0.00158226
159		0.00157231
160		0.00156248
161		0.00155278
162		0.0015432
163		0.00153373
164		0.00152438
165		0.00151514
166		0.00150601
167		0.00149699
168		0.00148808
169		0.00147928
170		0.00147058
171		0.00146198
172		0.00145348
173		0.00144507
174		0.00143677
175		0.00142856
176		0.00142044
177		0.00141242
178		0.00140448
179		0.00139664
180		0.00138888
181		0.0013812
182		0.00137362
183		0.00136611
184		0.00135869
185		0.00135134
186		0.00134408
187		0.00133689
188		0.00132978
189		0.00132274
190		0.00131578
191		0.00130889
192		0.00130207
193		0.00129533
194		0.00128865
195		0.00128204
196		0.0012755
197		0.00126903
198		0.00126262
199		0.00125627
200		0.00124999
201		0.00124377
202		0.00123762
203		0.00123152
204		0.00122548
205		0.0012195
206		0.00121359
207		0.00120772
208		0.00120192
209		0.00119617
210		0.00119047
211		0.00118483
212		0.00117924
213		0.0011737
214		0.00116822
215		0.00116278
216		0.0011574
217		0.00115207
218		0.00114678
219		0.00114155
220		0.00113636
221		0.00113122
222		0.00112612
223		0.00112107
224		0.00111607
225		0.00111111
226		0.00110619
227		0.00110132
228		0.00109649
229		0.0010917
230		0.00108695
231		0.00108225
232		0.00107758
233		0.00107296
234		0.00106837
235		0.00106382
236		0.00105932
237		0.00105485
238		0.00105042
239		0.00104602
240		0.00104166
241		0.00103734
242		0.00103305
243		0.0010288
244		0.00102459
245		0.0010204
246		0.00101626
247		0.00101214
248		0.00100806
249		0.00100401
250		0.000999996
251		0.000996012
252		0.00099206
253		0.000988138
254		0.000984248
255		0.000980388
256		0.000976559
257		0.000972759
258		0.000968989
259		0.000965247
260		0.000961535
261		0.000957851
262		0.000954195
263		0.000950567
264		0.000946966
265		0.000943393
266		0.000939846
267		0.000936326
268		0.000932833
269		0.000929365
270		0.000925923
271		0.000922506
272		0.000919115
273		0.000915748
274		0.000912406
275		0.000909088
276		0.000905794
277		0.000902524
278		0.000899278
279		0.000896054
280		0.000892854
281		0.000889677
282		0.000886522
283		0.000883389
284		0.000880279
285		0.00087719
286		0.000874123
287		0.000871077
288		0.000868053
289		0.000865049
290		0.000862066
291		0.000859104
292		0.000856162
293		0.00085324
294		0.000850338
295		0.000847455
296		0.000844592
297		0.000841748
298		0.000838924
299		0.000836118
300		0.000833331
301		0.000830562
302		0.000827812
303		0.00082508
304		0.000822366
305		0.00081967
306		0.000816991
307		0.00081433
308		0.000811686
309		0.000809059
310		0.00080645
311		0.000803856
312		0.00080128
313		0.00079872
314		0.000796176
315		0.000793649
316		0.000791137
317		0.000788642
318		0.000786162
319		0.000783697
320		0.000781248
321		0.000778814
322		0.000776396
323		0.000773992
324		0.000771603
325		0.000769229
326		0.000766869
327		0.000764524
328		0.000762193
329		0.000759877
330		0.000757574
331		0.000755285
332		0.00075301
333		0.000750749
334		0.000748501
335		0.000746267
336		0.000744046
337		0.000741838
338		0.000739643
339		0.000737462
340		0.000735293
341		0.000733136
342		0.000730993
343		0.000728861
344		0.000726743
345		0.000724636
346		0.000722542
347		0.00072046
348		0.000718389
349		0.000716331
350		0.000714284
351		0.000712249
352		0.000710226
353		0.000708214
354		0.000706213
355		0.000704224
356		0.000702246
357		0.000700279
358		0.000698323
359		0.000696377
360		0.000694443
361		0.000692519
362		0.000690606
363		0.000688704
364		0.000686812
365		0.00068493
366		0.000683059
367		0.000681198
368		0.000679347
369		0.000677506
370		0.000675674
371		0.000673853
372		0.000672042
373		0.00067024
374		0.000668448
375		0.000666665
376		0.000664892
377		0.000663129
378		0.000661375
379		0.000659629
380		0.000657894
381		0.000656167
382		0.000654449
383		0.00065274
384		0.000651041
385		0.00064935
386		0.000647667
387		0.000645994
388		0.000644329
389		0.000642672
390		0.000641025
391		0.000639385
392		0.000637754
393		0.000636131
394		0.000634517
395		0.00063291
396		0.000631312
397		0.000629722
398		0.00062814
399		0.000626565
400		0.000624999
401		0.00062344
402		0.00062189
403		0.000620346
404		0.000618811
405		0.000617283
406		0.000615763
407		0.00061425
408		0.000612744
409		0.000611246
410		0.000609755
411		0.000608272
412		0.000606795
413		0.000605326
414		0.000603864
415		0.000602409
416		0.000600961
417		0.00059952
418		0.000598085
419		0.000596658
420		0.000595237
421		0.000593823
422		0.000592416
423		0.000591016
424		0.000589622
425		0.000588234
426		0.000586854
427		0.000585479
428		0.000584111
429		0.00058275
430		0.000581395
431		0.000580046
432		0.000578703
433		0.000577366
434		0.000576036
435		0.000574712
436		0.000573394
437		0.000572082
438		0.000570776
439		0.000569475
440		0.000568181
441		0.000566893
442		0.00056561
443		0.000564333
444		0.000563062
445		0.000561797
446		0.000560537
447		0.000559283
448		0.000558035
449		0.000556792
450		0.000555555
451		0.000554323
452		0.000553097
453		0.000551876
454		0.00055066
455		0.00054945
456		0.000548245
457		0.000547045
458		0.000545851
459		0.000544662
460		0.000543478
461		0.000542299
462		0.000541125
463		0.000539956
464		0.000538792
465		0.000537634
466		0.00053648
467		0.000535331
468		0.000534187
469		0.000533048
470		0.000531914
471		0.000530785
472		0.00052966
473		0.000528541
474		0.000527426
475		0.000526315
476		0.00052521
477		0.000524108
478		0.000523012
479		0.00052192
480		0.000520833
481		0.00051975
482		0.000518672
483		0.000517598
484		0.000516528
485		0.000515463
486		0.000514403
487		0.000513346
488		0.000512295
489		0.000511247
490		0.000510204
491		0.000509164
492		0.00050813
493		0.000507099
494		0.000506072
495		0.00050505
496		0.000504032
497		0.000503018
498		0.000502008
499		0.000501002
500		0.0005
501		0.000499001
502		0.000498007
503		0.000497017
504		0.000496031
505		0.000495049
506		0.000494071
507		0.000493096
508		0.000492126
509		0.000491159
510		0.000490196
511		0.000489236
512		0.000488281
513		0.000487329
514		0.000486381
515		0.000485436
516		0.000484496
517		0.000483559
518		0.000482625
519		0.000481695
520		0.000480769
521		0.000479846
522		0.000478927
523		0.000478011
524		0.000477099
525		0.00047619
526		0.000475285
527		0.000474383
528		0.000473484
529		0.000472589
530		0.000471698
531		0.000470809
532		0.000469924
533		0.000469043
534		0.000468164
535		0.000467289
536		0.000466418
537		0.000465549
538		0.000464684
539		0.000463821
540		0.000462963
541		0.000462107
542		0.000461254
543		0.000460405
544		0.000459558
545		0.000458715
546		0.000457875
547		0.000457038
548		0.000456204
549		0.000455373
550		0.000454545
551		0.00045372
552		0.000452898
553		0.000452079
554		0.000451263
555		0.00045045
556		0.00044964
557		0.000448833
558		0.000448028
559		0.000447227
560		0.000446428
561		0.000445632
562		0.00044484
563		0.000444049
564		0.000443262
565		0.000442478
566		0.000441696
567		0.000440917
568		0.000440141
569		0.000439367
570		0.000438596
571		0.000437828
572		0.000437063
573		0.0004363
574		0.00043554
575		0.000434782
576		0.000434027
577		0.000433275
578		0.000432526
579		0.000431779
580		0.000431034
581		0.000430292
582		0.000429553
583		0.000428816
584		0.000428082
585		0.00042735
586		0.000426621
587		0.000425894
588		0.00042517
589		0.000424448
590		0.000423729
591		0.000423012
592		0.000422297
593		0.000421585
594		0.000420875
595		0.000420168
596		0.000419463
597		0.00041876
598		0.00041806
599		0.000417362
600		0.000416666
601		0.000415973
602		0.000415282
603		0.000414593
604		0.000413907
605		0.000413223
606		0.000412541
607		0.000411861
608		0.000411184
609		0.000410509
610		0.000409836
611		0.000409165
612		0.000408496
613		0.00040783
614		0.000407166
615		0.000406504
616		0.000405844
617		0.000405186
618		0.00040453
619		0.000403877
620		0.000403226
621		0.000402576
622		0.000401929
623		0.000401284
624		0.000400641
625		0.0004
626		0.000399361
627		0.000398724
628		0.000398089
629		0.000397456
630		0.000396825
631		0.000396196
632		0.000395569
633		0.000394944
634		0.000394322
635		0.000393701
636		0.000393082
637		0.000392464
638		0.000391849
639		0.000391236
640		0.000390625
641		0.000390015
642		0.000389408
643		0.000388802
644		0.000388199
645		0.000387597
646		0.000386997
647		0.000386399
648		0.000385802
649		0.000385208
650		0.000384615
651		0.000384024
652		0.000383435
653		0.000382848
654		0.000382263
655		0.000381679
656		0.000381097
657		0.000380517
658		0.000379939
659		0.000379362
660		0.000378788
661		0.000378215
662		0.000377643
663		0.000377074
664		0.000376506
665		0.00037594
666		0.000375375
667		0.000374812
668		0.000374251
669		0.000373692
670		0.000373134
671		0.000372578
672		0.000372024
673		0.000371471
674		0.00037092
675		0.00037037
676		0.000369822
677		0.000369276
678		0.000368731
679		0.000368188
680		0.000367647
681		0.000367107
682		0.000366569
683		0.000366032
684		0.000365497
685		0.000364963
686		0.000364431
687		0.000363901
688		0.000363372
689		0.000362845
690		0.000362319
691		0.000361794
692		0.000361271
693		0.00036075
694		0.00036023
695		0.000359712
696		0.000359195
697		0.00035868
698		0.000358166
699		0.000357654
700		0.000357143
701		0.000356633
702		0.000356125
703		0.000355619
704		0.000355113
705		0.00035461
706		0.000354107
707		0.000353607
708		0.000353107
709		0.000352609
710		0.000352113
711		0.000351617
712		0.000351123
713		0.000350631
714		0.00035014
715		0.00034965
716		0.000349162
717		0.000348675
718		0.000348189
719		0.000347705
720		0.000347222
721		0.00034674
722		0.00034626
723		0.000345781
724		0.000345304
725		0.000344827
726		0.000344352
727		0.000343879
728		0.000343406
729		0.000342935
730		0.000342466
731		0.000341997
732		0.00034153
733		0.000341064
734		0.000340599
735		0.000340136
736		0.000339674
737		0.000339213
738		0.000338753
739		0.000338295
740		0.000337838
741		0.000337382
742		0.000336927
743		0.000336474
744		0.000336021
745		0.00033557
746		0.00033512
747		0.000334672
748		0.000334224
749		0.000333778
750		0.000333333
751		0.000332889
752		0.000332447
753		0.000332005
754		0.000331565
755		0.000331126
756		0.000330688
757		0.000330251
758		0.000329815
759		0.000329381
760		0.000328947
761		0.000328515
762		0.000328084
763		0.000327654
764		0.000327225
765		0.000326797
766		0.000326371
767		0.000325945
768		0.000325521
769		0.000325097
770		0.000324675
771		0.000324254
772		0.000323834
773		0.000323415
774		0.000322997
775		0.000322581
776		0.000322165
777		0.00032175
778		0.000321337
779		0.000320924
780		0.000320513
781		0.000320102
782		0.000319693
783		0.000319285
784		0.000318877
785		0.000318471
786		0.000318066
787		0.000317662
788		0.000317259
789		0.000316857
790		0.000316456
791		0.000316055
792		0.000315656
793		0.000315258
794		0.000314861
795		0.000314465
796		0.00031407
797		0.000313676
798		0.000313283
799		0.000312891
800		0.0003125
801		0.00031211
802		0.000311721
803		0.000311332
804		0.000310945
805		0.000310559
806		0.000310174
807		0.000309789
808		0.000309406
809		0.000309023
810		0.000308642
811		0.000308261
812		0.000307882
813		0.000307503
814		0.000307125
815		0.000306748
816		0.000306372
817		0.000305997
818		0.000305623
819		0.00030525
820		0.000304878
821		0.000304507
822		0.000304136
823		0.000303767
824		0.000303398
825		0.00030303
826		0.000302663
827		0.000302297
828		0.000301932
829		0.000301568
830		0.000301205
831		0.000300842
832		0.000300481
833		0.00030012
834		0.00029976
835		0.000299401
836		0.000299043
837		0.000298686
838		0.000298329
839		0.000297974
840		0.000297619
841		0.000297265
842		0.000296912
843		0.00029656
844		0.000296208
845		0.000295858
846		0.000295508
847		0.000295159
848		0.000294811
849		0.000294464
850		0.000294118
851		0.000293772
852		0.000293427
853		0.000293083
854		0.00029274
855		0.000292398
856		0.000292056
857		0.000291715
858		0.000291375
859		0.000291036
860		0.000290698
861		0.00029036
862		0.000290023
863		0.000289687
864		0.000289352
865		0.000289017
866		0.000288684
867		0.000288351
868		0.000288018
869		0.000287687
870		0.000287356
871		0.000287026
872		0.000286697
873		0.000286369
874		0.000286041
875		0.000285714
876		0.000285388
877		0.000285063
878		0.000284738
879		0.000284414
880		0.000284091
881		0.000283768
882		0.000283447
883		0.000283126
884		0.000282805
885		0.000282486
886		0.000282167
887		0.000281849
888		0.000281531
889		0.000281215
890		0.000280899
891		0.000280584
892		0.000280269
893		0.000279955
894		0.000279642
895		0.00027933
896		0.000279018
897		0.000278707
898		0.000278396
899		0.000278087
900		0.000277778
901		0.000277469
902		0.000277162
903		0.000276855
904		0.000276549
905		0.000276243
906		0.000275938
907		0.000275634
908		0.00027533
909		0.000275027
910		0.000274725
911		0.000274424
912		0.000274123
913		0.000273822
914		0.000273523
915		0.000273224
916		0.000272926
917		0.000272628
918		0.000272331
919		0.000272035
920		0.000271739
921		0.000271444
922		0.00027115
923		0.000270856
924		0.000270563
925		0.00027027
926		0.000269978
927		0.000269687
928		0.000269396
929		0.000269106
930		0.000268817
931		0.000268528
932		0.00026824
933		0.000267953
934		0.000267666
935		0.00026738
936		0.000267094
937		0.000266809
938		0.000266524
939		0.000266241
940		0.000265957
941		0.000265675
942		0.000265393
943		0.000265111
944		0.00026483
945		0.00026455
946		0.000264271
947		0.000263991
948		0.000263713
949		0.000263435
950		0.000263158
951		0.000262881
952		0.000262605
953		0.000262329
954		0.000262054
955		0.00026178
956		0.000261506
957		0.000261233
958		0.00026096
959		0.000260688
960		0.000260417
961		0.000260146
962		0.000259875
963		0.000259605
964		0.000259336
965		0.000259067
966		0.000258799
967		0.000258531
968		0.000258264
969		0.000257998
970		0.000257732
971		0.000257466
972		0.000257202
973		0.000256937
974		0.000256673
975		0.00025641
976		0.000256147
977		0.000255885
978		0.000255624
979		0.000255363
980		0.000255102
981		0.000254842
982		0.000254582
983		0.000254323
984		0.000254065
985		0.000253807
986		0.00025355
987		0.000253293
988		0.000253036
989		0.000252781
990		0.000252525
991		0.00025227
992		0.000252016
993		0.000251762
994		0.000251509
995		0.000251256
996		0.000251004
997		0.000250752
998		0.000250501
999		0.00025025
1000		0.00025
