x		n=2			n=3			n=4			n=5			n=6			n=7			n=8			
-3.14159		-4.89851e-016			-7.34764e-016			-9.79685e-016			-1.22461e-015			-1.46953e-015			-1.71445e-015			-1.95937e-015			
-3.13159		-0.0399983			-0.0599953			-0.07999			-0.0999817			-0.11997			-0.139953			-0.159932			
-3.12159		-0.0799867			-0.119963			-0.15992			-0.199853			-0.239757			-0.279627			-0.319456			
-3.11159		-0.119955			-0.179874			-0.23973			-0.299505			-0.359182			-0.418742			-0.478168			
-3.10159		-0.159893			-0.239702			-0.319361			-0.398828			-0.478063			-0.557021			-0.635663			
-3.09159		-0.199792			-0.299417			-0.398752			-0.497713			-0.59622			-0.694191			-0.791546			
-3.08159		-0.23964			-0.358993			-0.477845			-0.596053			-0.713477			-0.82998			-0.945425			
-3.07159		-0.279429			-0.418402			-0.55658			-0.693739			-0.829659			-0.964124			-1.09692			
-3.06159		-0.319148			-0.477616			-0.634899			-0.790667			-0.944593			-1.09636			-1.24566			
-3.05159		-0.358787			-0.536608			-0.712745			-0.886731			-1.05811			-1.22644			-1.39128			
-3.04159		-0.398336			-0.59535			-0.790059			-0.981829			-1.17004			-1.35411			-1.53344			
-3.03159		-0.437786			-0.653815			-0.866785			-1.07586			-1.28023			-1.47913			-1.67181			
-3.02159		-0.477127			-0.711977			-0.942866			-1.16872			-1.38852			-1.60127			-1.80607			
-3.01159		-0.516349			-0.769808			-1.01825			-1.26032			-1.49475			-1.72032			-1.93592			
-3.00159		-0.555442			-0.827282			-1.09288			-1.35056			-1.59878			-1.83606			-2.06109			
-2.99159		-0.594396			-0.884373			-1.16669			-1.43935			-1.70046			-1.94829			-2.1813			
-2.98159		-0.633203			-0.941056			-1.23965			-1.5266			-1.79966			-2.05683			-2.29634			
-2.97159		-0.671852			-0.997303			-1.3117			-1.61221			-1.89625			-2.1615			-2.40596			
-2.96159		-0.710333			-1.05309			-1.38278			-1.69611			-1.9901			-2.26213			-2.50999			
-2.95159		-0.748638			-1.10839			-1.45285			-1.77822			-2.0811			-2.35857			-2.60825			
-2.94159		-0.786757			-1.16319			-1.52186			-1.85845			-2.16913			-2.45069			-2.70058			
-2.93159		-0.82468			-1.21744			-1.58976			-1.93673			-2.2541			-2.53836			-2.78687			
-2.92159		-0.862399			-1.27114			-1.65651			-2.013			-2.3359			-2.62148			-2.86702			
-2.91159		-0.899903			-1.32426			-1.72206			-2.08717			-2.41445			-2.69995			-2.94094			
-2.90159		-0.937184			-1.37677			-1.78637			-2.15919			-2.48967			-2.77368			-3.0086			
-2.89159		-0.974233			-1.42866			-1.84939			-2.22899			-2.56149			-2.84263			-3.06995			
-2.88159		-1.01104			-1.47989			-1.9111			-2.29652			-2.62983			-2.90672			-3.12501			
-2.87159		-1.0476			-1.53046			-1.97144			-2.36173			-2.69466			-2.96594			-3.17378			
-2.86159		-1.0839			-1.58033			-2.03038			-2.42456			-2.7559			-3.02025			-3.21633			
-2.85159		-1.11993			-1.62948			-2.08788			-2.48497			-2.81354			-3.06966			-3.25271			
-2.84159		-1.15568			-1.6779			-2.14392			-2.54292			-2.86753			-3.11417			-3.28303			
-2.83159		-1.19115			-1.72557			-2.19846			-2.59837			-2.91786			-3.1538			-3.30739			
-2.82159		-1.22633			-1.77246			-2.25146			-2.65129			-2.96451			-3.1886			-3.32594			
-2.81159		-1.2612			-1.81855			-2.30291			-2.70166			-3.00747			-3.21861			-3.33882			
-2.80159		-1.29577			-1.86384			-2.35277			-2.74944			-3.04675			-3.24391			-3.34621			
-2.79159		-1.33001			-1.9083			-2.40102			-2.79461			-3.08235			-3.26457			-3.34832			
-2.78159		-1.36393			-1.95191			-2.44763			-2.83717			-3.1143			-3.28068			-3.34534			
-2.77159		-1.39752			-1.99465			-2.49259			-2.8771			-3.14262			-3.29235			-3.3375			
-2.76159		-1.43076			-2.03652			-2.53587			-2.91439			-3.16735			-3.29969			-3.32505			
-2.75159		-1.46366			-2.07749			-2.57746			-2.94904			-3.18853			-3.30284			-3.30824			
-2.74159		-1.49619			-2.11755			-2.61734			-2.98106			-3.20621			-3.30192			-3.28733			
-2.73159		-1.52836			-2.15669			-2.65549			-3.01044			-3.22045			-3.2971			-3.2626			
-2.72159		-1.56016			-2.19489			-2.69191			-3.0372			-3.23131			-3.28852			-3.23435			
-2.71159		-1.59158			-2.23214			-2.72659			-3.06135			-3.23886			-3.27635			-3.20285			
-2.70159		-1.62262			-2.26843			-2.75951			-3.0829			-3.24318			-3.26076			-3.1684			
-2.69159		-1.65326			-2.30374			-2.79066			-3.10189			-3.24435			-3.24195			-3.13132			
-2.68159		-1.6835			-2.33807			-2.82006			-3.11834			-3.24247			-3.22009			-3.0919			
-2.67159		-1.71333			-2.3714			-2.84769			-3.13227			-3.23763			-3.19539			-3.05045			
-2.66159		-1.74275			-2.40372			-2.87354			-3.14373			-3.22994			-3.16803			-3.00728			
-2.65159		-1.77175			-2.43503			-2.89764			-3.15274			-3.21949			-3.13822			-2.96269			
-2.64159		-1.80032			-2.46532			-2.91997			-3.15936			-3.2064			-3.10617			-2.91697			
-2.63159		-1.82846			-2.49457			-2.94054			-3.16361			-3.19078			-3.07209			-2.87043			
-2.62159		-1.85616			-2.52279			-2.95936			-3.16556			-3.17276			-3.03618			-2.82336			
-2.61159		-1.88342			-2.54997			-2.97644			-3.16525			-3.15245			-2.99865			-2.77603			
-2.60159		-1.91023			-2.57609			-2.99178			-3.16273			-3.12998			-2.95972			-2.72872			
-2.59159		-1.93658			-2.60116			-3.00541			-3.15807			-3.10549			-2.9196			-2.6817			
-2.58159		-1.96247			-2.62517			-3.01733			-3.15132			-3.0791			-2.87848			-2.6352			
-2.57159		-1.9879			-2.64812			-3.02756			-3.14255			-3.05094			-2.83659			-2.58949			
-2.56159		-2.01285			-2.67			-3.03611			-3.13181			-3.02115			-2.79411			-2.54477			
-2.55159		-2.03733			-2.69081			-3.04302			-3.11919			-2.98987			-2.75125			-2.50126			
-2.54159		-2.06132			-2.71056			-3.04829			-3.10474			-2.95723			-2.70821			-2.45917			
-2.53159		-2.08483			-2.72923			-3.05195			-3.08853			-2.92337			-2.66516			-2.41866			
-2.52159		-2.10785			-2.74684			-3.05402			-3.07065			-2.88842			-2.62229			-2.37992			
-2.51159		-2.13038			-2.76337			-3.05454			-3.05117			-2.85253			-2.57978			-2.34308			
-2.50159		-2.15241			-2.77884			-3.05351			-3.03017			-2.81583			-2.5378			-2.30828			
-2.49159		-2.17393			-2.79324			-3.05099			-3.00771			-2.77845			-2.4965			-2.27564			
-2.48159		-2.19495			-2.80657			-3.04699			-2.98389			-2.74053			-2.45604			-2.24524			
-2.47159		-2.21546			-2.81885			-3.04154			-2.95878			-2.7022			-2.41656			-2.21718			
-2.46159		-2.23545			-2.83007			-3.03468			-2.93246			-2.66359			-2.3782			-2.19151			
-2.45159		-2.25493			-2.84024			-3.02644			-2.90502			-2.62482			-2.34108			-2.16827			
-2.44159		-2.27389			-2.84936			-3.01685			-2.87654			-2.58601			-2.30531			-2.1475			
-2.43159		-2.29232			-2.85744			-3.00596			-2.8471			-2.5473			-2.27101			-2.12919			
-2.42159		-2.31023			-2.86448			-2.99379			-2.81678			-2.50879			-2.23827			-2.11336			
-2.41159		-2.32761			-2.8705			-2.98039			-2.78568			-2.47059			-2.20716			-2.09996			
-2.40159		-2.34446			-2.8755			-2.9658			-2.75386			-2.43282			-2.17778			-2.08896			
-2.39159		-2.36077			-2.87949			-2.95005			-2.72142			-2.39558			-2.15017			-2.08032			
-2.38159		-2.37655			-2.88247			-2.93318			-2.68844			-2.35897			-2.12439			-2.07395			
-2.37159		-2.3918			-2.88447			-2.91524			-2.65499			-2.32308			-2.10049			-2.06977			
-2.36159		-2.4065			-2.88548			-2.89627			-2.62117			-2.28801			-2.07849			-2.0677			
-2.35159		-2.42066			-2.88552			-2.87631			-2.58704			-2.25383			-2.05841			-2.06761			
-2.34159		-2.43429			-2.88459			-2.85541			-2.55269			-2.22063			-2.04027			-2.06941			
-2.33159		-2.44736			-2.88272			-2.8336			-2.51819			-2.18848			-2.02406			-2.07295			
-2.32159		-2.4599			-2.87992			-2.81094			-2.48362			-2.15745			-2.00977			-2.0781			
-2.31159		-2.47189			-2.87619			-2.78746			-2.44906			-2.1276			-1.99739			-2.08471			
-2.30159		-2.48333			-2.87155			-2.76321			-2.41458			-2.09898			-1.98688			-2.09264			
-2.29159		-2.49423			-2.86601			-2.73824			-2.38025			-2.07164			-1.9782			-2.10173			
-2.28159		-2.50457			-2.8596			-2.7126			-2.34613			-2.04564			-1.97131			-2.11181			
-2.27159		-2.51438			-2.85231			-2.68632			-2.3123			-2.021			-1.96615			-2.12272			
-2.26159		-2.52363			-2.84418			-2.65946			-2.27882			-1.99776			-1.96265			-2.1343			
-2.25159		-2.53234			-2.83521			-2.63206			-2.24575			-1.97594			-1.96075			-2.14638			
-2.24159		-2.5405			-2.82542			-2.60416			-2.21315			-1.95556			-1.96036			-2.15878			
-2.23159		-2.54812			-2.81483			-2.57582			-2.18108			-1.93664			-1.96141			-2.17135			
-2.22159		-2.55519			-2.80345			-2.54707			-2.14959			-1.91918			-1.9638			-2.18392			
-2.21159		-2.56171			-2.79131			-2.51796			-2.11874			-1.90319			-1.96744			-2.19632			
-2.20159		-2.56769			-2.77841			-2.48854			-2.08857			-1.88866			-1.97222			-2.20841			
-2.19159		-2.57313			-2.76478			-2.45885			-2.05914			-1.87558			-1.97804			-2.22002			
-2.18159		-2.57803			-2.75044			-2.42894			-2.03048			-1.86393			-1.9848			-2.23103			
-2.17159		-2.58239			-2.73541			-2.39885			-2.00263			-1.8537			-1.99238			-2.24128			
-2.16159		-2.58621			-2.71969			-2.36862			-1.97564			-1.84486			-2.00067			-2.25065			
-2.15159		-2.58949			-2.70332			-2.3383			-1.94953			-1.83737			-2.00956			-2.25901			
-2.14159		-2.59224			-2.68632			-2.30792			-1.92435			-1.83121			-2.01892			-2.26626			
-2.13159		-2.59446			-2.6687			-2.27753			-1.90011			-1.82633			-2.02865			-2.27229			
-2.12159		-2.59614			-2.65048			-2.24717			-1.87684			-1.82269			-2.03862			-2.27701			
-2.11159		-2.59731			-2.63169			-2.21688			-1.85457			-1.82024			-2.04873			-2.28033			
-2.10159		-2.59794			-2.61234			-2.1867			-1.83332			-1.81893			-2.05885			-2.28219			
-2.09159		-2.59806			-2.59245			-2.15666			-1.81309			-1.81869			-2.06888			-2.28253			
-2.08159		-2.59765			-2.57205			-2.12681			-1.7939			-1.81948			-2.07871			-2.2813			
-2.07159		-2.59673			-2.55116			-2.09718			-1.77577			-1.82123			-2.08823			-2.27847			
-2.06159		-2.5953			-2.5298			-2.0678			-1.7587			-1.82388			-2.09733			-2.274			
-2.05159		-2.59336			-2.50799			-2.03871			-1.74268			-1.82735			-2.10593			-2.26789			
-2.04159		-2.59091			-2.48575			-2.00995			-1.72773			-1.83158			-2.11391			-2.26014			
-2.03159		-2.58796			-2.4631			-1.98153			-1.71384			-1.83649			-2.1212			-2.25076			
-2.02159		-2.58452			-2.44007			-1.95351			-1.701			-1.84202			-2.12771			-2.23976			
-2.01159		-2.58058			-2.41667			-1.92589			-1.68921			-1.84808			-2.13335			-2.22719			
-2.00159		-2.57615			-2.39293			-1.89873			-1.67845			-1.85461			-2.13806			-2.21308			
-1.99159		-2.57123			-2.36887			-1.87203			-1.66871			-1.86153			-2.14177			-2.19749			
-1.98159		-2.56584			-2.34451			-1.84582			-1.65998			-1.86875			-2.14442			-2.18049			
-1.97159		-2.55997			-2.31988			-1.82014			-1.65224			-1.87621			-2.14595			-2.16213			
-1.96159		-2.55362			-2.29499			-1.795			-1.64545			-1.88383			-2.14632			-2.14251			
-1.95159		-2.54681			-2.26986			-1.77043			-1.63961			-1.89153			-2.14548			-2.12171			
-1.94159		-2.53954			-2.24453			-1.74645			-1.63468			-1.89924			-2.14341			-2.09982			
-1.93159		-2.53181			-2.219			-1.72307			-1.63063			-1.90687			-2.14007			-2.07695			
-1.92159		-2.52363			-2.1933			-1.70031			-1.62744			-1.91437			-2.13545			-2.05321			
-1.91159		-2.51501			-2.16746			-1.67819			-1.62508			-1.92166			-2.12954			-2.02869			
-1.90159		-2.50594			-2.14148			-1.65673			-1.6235			-1.92867			-2.12233			-2.00352			
-1.89159		-2.49644			-2.1154			-1.63594			-1.62267			-1.93533			-2.11383			-1.97782			
-1.88159		-2.48651			-2.08923			-1.61583			-1.62255			-1.94158			-2.10404			-1.9517			
-1.87159		-2.47616			-2.063			-1.59641			-1.62311			-1.94736			-2.09298			-1.92529			
-1.86159		-2.46539			-2.03672			-1.57769			-1.62431			-1.95261			-2.08067			-1.8987			
-1.85159		-2.45421			-2.01042			-1.55968			-1.62609			-1.95726			-2.06715			-1.87206			
-1.84159		-2.44262			-1.98411			-1.54238			-1.62843			-1.96128			-2.05245			-1.84549			
-1.83159		-2.43063			-1.95781			-1.5258			-1.63127			-1.9646			-2.0366			-1.8191			
-1.82159		-2.41825			-1.93155			-1.50995			-1.63457			-1.96718			-2.01967			-1.79301			
-1.81159		-2.40549			-1.90534			-1.49483			-1.63829			-1.96898			-2.0017			-1.76734			
-1.80159		-2.39234			-1.87919			-1.48043			-1.64237			-1.96995			-1.98274			-1.74218			
-1.79159		-2.37883			-1.85314			-1.46676			-1.64678			-1.97008			-1.96287			-1.71764			
-1.78159		-2.36494			-1.8272			-1.45382			-1.65146			-1.96931			-1.94214			-1.69381			
-1.77159		-2.3507			-1.80138			-1.44159			-1.65637			-1.96762			-1.92063			-1.67079			
-1.76159		-2.33611			-1.7757			-1.43009			-1.66146			-1.965			-1.89841			-1.64866			
-1.75159		-2.32117			-1.75018			-1.41929			-1.66669			-1.96142			-1.87556			-1.62749			
-1.74159		-2.30589			-1.72484			-1.4092			-1.672			-1.95686			-1.85216			-1.60736			
-1.73159		-2.29028			-1.69969			-1.39981			-1.67735			-1.95132			-1.82828			-1.58832			
-1.72159		-2.27434			-1.67474			-1.39111			-1.68269			-1.94479			-1.80401			-1.57043			
-1.71159		-2.2581			-1.65002			-1.38308			-1.68799			-1.93726			-1.77944			-1.55372			
-1.70159		-2.24154			-1.62554			-1.37572			-1.69318			-1.92874			-1.75464			-1.53824			
-1.69159		-2.22468			-1.60131			-1.36901			-1.69824			-1.91923			-1.72971			-1.52401			
-1.68159		-2.20752			-1.57734			-1.36293			-1.70311			-1.90874			-1.70473			-1.51104			
-1.67159		-2.19008			-1.55366			-1.35749			-1.70775			-1.89728			-1.67978			-1.49934			
-1.66159		-2.17236			-1.53027			-1.35264			-1.71213			-1.88487			-1.65495			-1.48891			
-1.65159		-2.15437			-1.50719			-1.34839			-1.71619			-1.87153			-1.63031			-1.47974			
-1.64159		-2.13611			-1.48442			-1.34472			-1.71992			-1.85729			-1.60595			-1.4718			
-1.63159		-2.1176			-1.46199			-1.34159			-1.72325			-1.84217			-1.58194			-1.46508			
-1.62159		-2.09884			-1.4399			-1.339			-1.72617			-1.8262			-1.55836			-1.45954			
-1.61159		-2.07984			-1.41816			-1.33693			-1.72863			-1.80941			-1.53527			-1.45512			
-1.60159		-2.06061			-1.39678			-1.33534			-1.73061			-1.79185			-1.51275			-1.45178			
-1.59159		-2.04115			-1.37578			-1.33423			-1.73207			-1.77356			-1.49087			-1.44946			
-1.58159		-2.02147			-1.35516			-1.33357			-1.73299			-1.75457			-1.46967			-1.4481			
-1.57159		-2.00159			-1.33493			-1.33333			-1.73333			-1.73492			-1.44921			-1.44762			
-1.56159		-1.98151			-1.3151			-1.3335			-1.73308			-1.71468			-1.42956			-1.44795			
-1.55159		-1.96123			-1.29567			-1.33404			-1.7322			-1.69388			-1.41074			-1.449			
-1.54159		-1.94077			-1.27666			-1.33494			-1.73068			-1.67257			-1.39281			-1.45068			
-1.53159		-1.92014			-1.25808			-1.33616			-1.7285			-1.65082			-1.37579			-1.45292			
-1.52159		-1.89933			-1.23991			-1.33769			-1.72564			-1.62866			-1.35972			-1.45561			
-1.51159		-1.87837			-1.22219			-1.33949			-1.72209			-1.60616			-1.34463			-1.45866			
-1.50159		-1.85725			-1.2049			-1.34154			-1.71783			-1.58337			-1.33053			-1.46197			
-1.49159		-1.83598			-1.18805			-1.34382			-1.71286			-1.56035			-1.31743			-1.46545			
-1.48159		-1.81459			-1.17165			-1.34629			-1.70716			-1.53715			-1.30535			-1.469			
-1.47159		-1.79306			-1.1557			-1.34894			-1.70073			-1.51384			-1.29429			-1.47251			
-1.46159		-1.77141			-1.1402			-1.35173			-1.69357			-1.49046			-1.28423			-1.4759			
-1.45159		-1.74965			-1.12516			-1.35464			-1.68567			-1.46707			-1.27519			-1.47907			
-1.44159		-1.72779			-1.11058			-1.35764			-1.67703			-1.44374			-1.26713			-1.48192			
-1.43159		-1.70583			-1.09646			-1.3607			-1.66766			-1.42051			-1.26004			-1.48437			
-1.42159		-1.68378			-1.08279			-1.3638			-1.65756			-1.39744			-1.2539			-1.48633			
-1.41159		-1.66165			-1.06959			-1.36691			-1.64673			-1.37458			-1.24867			-1.48771			
-1.40159		-1.63945			-1.05685			-1.37			-1.63519			-1.35199			-1.24433			-1.48846			
-1.39159		-1.61719			-1.04457			-1.37306			-1.62295			-1.32972			-1.24083			-1.48848			
-1.38159		-1.59487			-1.03274			-1.37605			-1.61001			-1.3078			-1.23812			-1.48771			
-1.37159		-1.5725			-1.02138			-1.37894			-1.5964			-1.2863			-1.23617			-1.48611			
-1.36159		-1.55009			-1.01047			-1.38172			-1.58213			-1.26526			-1.23492			-1.4836			
-1.35159		-1.52764			-1.00001			-1.38436			-1.56722			-1.24471			-1.23432			-1.48015			
-1.34159		-1.50517			-0.989998			-1.38683			-1.55168			-1.2247			-1.23431			-1.47572			
-1.33159		-1.48269			-0.980435			-1.38912			-1.53554			-1.20527			-1.23482			-1.47027			
-1.32159		-1.46019			-0.971314			-1.39119			-1.51883			-1.18644			-1.2358			-1.46379			
-1.31159		-1.43769			-0.96263			-1.39302			-1.50156			-1.16826			-1.23719			-1.45624			
-1.30159		-1.4152			-0.954379			-1.3946			-1.48376			-1.15076			-1.2389			-1.44763			
-1.29159		-1.39271			-0.946554			-1.39591			-1.46546			-1.13395			-1.24089			-1.43795			
-1.28159		-1.37025			-0.939151			-1.39691			-1.4467			-1.11786			-1.24307			-1.42721			
-1.27159		-1.34782			-0.932163			-1.3976			-1.42749			-1.10251			-1.24538			-1.41541			
-1.26159		-1.32541			-0.925583			-1.39795			-1.40787			-1.08792			-1.24775			-1.40259			
-1.25159		-1.30305			-0.919404			-1.39795			-1.38786			-1.07411			-1.2501			-1.38877			
-1.24159		-1.28074			-0.913619			-1.39758			-1.36752			-1.06108			-1.25238			-1.37398			
-1.23159		-1.25849			-0.908219			-1.39682			-1.34686			-1.04883			-1.25451			-1.35827			
-1.22159		-1.23629			-0.903198			-1.39565			-1.32592			-1.03738			-1.25643			-1.34167			
-1.21159		-1.21417			-0.898545			-1.39406			-1.30473			-1.02673			-1.25807			-1.32426			
-1.20159		-1.19212			-0.894252			-1.39205			-1.28334			-1.01686			-1.25936			-1.30608			
-1.19159		-1.17015			-0.890311			-1.38958			-1.26177			-1.00778			-1.26026			-1.28719			
-1.18159		-1.14828			-0.88671			-1.38666			-1.24007			-0.999476			-1.26069			-1.26768			
-1.17159		-1.1265			-0.88344			-1.38327			-1.21826			-0.991936			-1.2606			-1.2476			
-1.16159		-1.10482			-0.880492			-1.3794			-1.19639			-0.985144			-1.25995			-1.22704			
-1.15159		-1.08325			-0.877854			-1.37505			-1.17448			-0.979082			-1.25869			-1.20607			
-1.14159		-1.06179			-0.875515			-1.37019			-1.15259			-0.973728			-1.25676			-1.18478			
-1.13159		-1.04046			-0.873465			-1.36484			-1.13073			-0.96906			-1.25413			-1.16325			
-1.12159		-1.01925			-0.871692			-1.35898			-1.10895			-0.965049			-1.25076			-1.14156			
-1.11159		-0.998176			-0.870185			-1.3526			-1.08728			-0.961667			-1.24662			-1.1198			
-1.10159		-0.97724			-0.868932			-1.3457			-1.06575			-0.958883			-1.24169			-1.09805			
-1.09159		-0.956448			-0.86792			-1.33828			-1.04441			-0.956662			-1.23593			-1.0764			
-1.08159		-0.935806			-0.867137			-1.33035			-1.02327			-0.954968			-1.22933			-1.05493			
-1.07159		-0.915319			-0.866572			-1.32188			-1.00238			-0.953763			-1.22188			-1.03372			
-1.06159		-0.894993			-0.866211			-1.31289			-0.981763			-0.953009			-1.21356			-1.01285			
-1.05159		-0.874832			-0.866042			-1.30338			-0.961451			-0.952662			-1.20438			-0.992397			
-1.04159		-0.854843			-0.866052			-1.29335			-0.941473			-0.952681			-1.19432			-0.972431			
-1.03159		-0.83503			-0.866228			-1.2828			-0.921857			-0.953022			-1.18341			-0.953023			
-1.02159		-0.815397			-0.866557			-1.27174			-0.90263			-0.953638			-1.17164			-0.934236			
-1.01159		-0.79595			-0.867025			-1.26017			-0.883816			-0.954486			-1.15904			-0.916131			
-1.00159		-0.776694			-0.867619			-1.24809			-0.865441			-0.955517			-1.14562			-0.898761			
-0.991593		-0.757632			-0.868326			-1.23552			-0.847526			-0.956684			-1.1314			-0.882175			
-0.981593		-0.738769			-0.869133			-1.22247			-0.830093			-0.95794			-1.11642			-0.866417			
-0.971593		-0.720109			-0.870026			-1.20893			-0.813161			-0.959238			-1.1007			-0.851523			
-0.961593		-0.701657			-0.870991			-1.19492			-0.796749			-0.960529			-1.08428			-0.837524			
-0.951593		-0.683416			-0.872015			-1.18046			-0.780873			-0.961767			-1.0672			-0.824444			
-0.941593		-0.665391			-0.873085			-1.16554			-0.765547			-0.962905			-1.04951			-0.812299			
-0.931593		-0.647584			-0.874187			-1.15019			-0.750786			-0.963897			-1.03125			-0.801102			
-0.921593		-0.63			-0.875307			-1.13442			-0.7366			-0.964697			-1.01246			-0.790856			
-0.911593		-0.612642			-0.876432			-1.11824			-0.722999			-0.965261			-0.993205			-0.781557			
-0.901593		-0.595513			-0.87755			-1.10166			-0.709991			-0.965546			-0.973534			-0.773195			
-0.891593		-0.578616			-0.878646			-1.0847			-0.697582			-0.96551			-0.953503			-0.765756			
-0.881593		-0.561955			-0.879707			-1.06738			-0.685776			-0.965113			-0.93317			-0.759216			
-0.871593		-0.545532			-0.88072			-1.04971			-0.674576			-0.964317			-0.912593			-0.753545			
-0.861593		-0.52935			-0.881673			-1.03171			-0.663983			-0.963085			-0.891834			-0.748708			
-0.851593		-0.513412			-0.882553			-1.0134			-0.653995			-0.961382			-0.870953			-0.744666			
-0.841593		-0.497719			-0.883346			-0.994791			-0.64461			-0.959175			-0.850012			-0.741371			
-0.831593		-0.482275			-0.88404			-0.975905			-0.635823			-0.956435			-0.829071			-0.738771			
-0.821593		-0.467082			-0.884624			-0.95676			-0.627629			-0.953133			-0.808193			-0.736811			
-0.811593		-0.452141			-0.885084			-0.937377			-0.620018			-0.949243			-0.787437			-0.73543			
-0.801593		-0.437454			-0.885409			-0.917775			-0.612982			-0.944743			-0.766862			-0.734564			
-0.791593		-0.423023			-0.885587			-0.897974			-0.606508			-0.939612			-0.746529			-0.734145			
-0.781593		-0.40885			-0.885606			-0.877995			-0.600585			-0.933832			-0.726492			-0.734102			
-0.771593		-0.394937			-0.885455			-0.857858			-0.595198			-0.927388			-0.706807			-0.734362			
-0.761593		-0.381283			-0.885123			-0.837584			-0.59033			-0.920268			-0.687526			-0.73485			
-0.751593		-0.367891			-0.8846			-0.817195			-0.585964			-0.912464			-0.6687			-0.73549			
-0.741593		-0.354762			-0.883874			-0.79671			-0.582081			-0.903967			-0.650376			-0.736205			
-0.731593		-0.341896			-0.882935			-0.776153			-0.578662			-0.894775			-0.6326			-0.736918			
-0.721593		-0.329294			-0.881773			-0.755543			-0.575684			-0.884887			-0.615411			-0.737552			
-0.711593		-0.316956			-0.880379			-0.734902			-0.573125			-0.874305			-0.598848			-0.73803			
-0.701593		-0.304884			-0.878742			-0.714253			-0.570961			-0.863035			-0.582945			-0.738279			
-0.691593		-0.293077			-0.876855			-0.693615			-0.569167			-0.851083			-0.567734			-0.738225			
-0.681593		-0.281535			-0.874707			-0.673011			-0.567718			-0.838461			-0.55324			-0.737797			
-0.671593		-0.270259			-0.872291			-0.65246			-0.566586			-0.825182			-0.539486			-0.73693			
-0.661593		-0.259248			-0.869599			-0.631985			-0.565744			-0.811262			-0.52649			-0.735557			
-0.651593		-0.248502			-0.866622			-0.611606			-0.565163			-0.79672			-0.514267			-0.73362			
-0.641593		-0.23802			-0.863353			-0.591343			-0.564814			-0.781577			-0.502826			-0.731063			
-0.631593		-0.227802			-0.859786			-0.571216			-0.564668			-0.765856			-0.492173			-0.727833			
-0.621593		-0.217848			-0.855913			-0.551245			-0.564694			-0.749583			-0.482309			-0.723884			
-0.611593		-0.208155			-0.851728			-0.53145			-0.564862			-0.732787			-0.473231			-0.719176			
-0.601593		-0.198724			-0.847225			-0.511849			-0.565141			-0.715498			-0.46493			-0.713672			
-0.591593		-0.189553			-0.842398			-0.492461			-0.5655			-0.697747			-0.457395			-0.707344			
-0.581593		-0.18064			-0.837243			-0.473304			-0.565908			-0.679569			-0.450611			-0.700166			
-0.571593		-0.171985			-0.831754			-0.454395			-0.566332			-0.660999			-0.444555			-0.692121			
-0.561593		-0.163586			-0.825927			-0.435753			-0.566743			-0.642074			-0.439205			-0.683199			
-0.551593		-0.155441			-0.819758			-0.417393			-0.567108			-0.622833			-0.434533			-0.673393			
-0.541593		-0.147548			-0.813244			-0.39933			-0.567397			-0.603315			-0.430506			-0.662705			
-0.531593		-0.139905			-0.80638			-0.381582			-0.56758			-0.583561			-0.427089			-0.651141			
-0.521593		-0.132511			-0.799166			-0.364161			-0.567625			-0.563613			-0.424245			-0.638717			
-0.511593		-0.125362			-0.791597			-0.347082			-0.567504			-0.543513			-0.421931			-0.625451			
-0.501593		-0.118457			-0.783672			-0.330358			-0.567187			-0.523303			-0.420102			-0.61137			
-0.491593		-0.111794			-0.775389			-0.314002			-0.566646			-0.503027			-0.418714			-0.596504			
-0.481593		-0.105368			-0.766748			-0.298025			-0.565853			-0.482727			-0.417714			-0.580891			
-0.471593		-0.0991787			-0.757748			-0.282439			-0.564781			-0.462448			-0.417054			-0.564572			
-0.461593		-0.093222			-0.748388			-0.267253			-0.563403			-0.442232			-0.416679			-0.547596			
-0.451593		-0.0874952			-0.738668			-0.252477			-0.561696			-0.422122			-0.416535			-0.530013			
-0.441593		-0.0819953			-0.728588			-0.23812			-0.559634			-0.40216			-0.416567			-0.511879			
-0.431593		-0.076719			-0.718151			-0.22419			-0.557195			-0.382388			-0.416717			-0.493255			
-0.421593		-0.0716629			-0.707357			-0.210692			-0.554357			-0.362845			-0.416929			-0.474203			
-0.411593		-0.0668238			-0.696207			-0.197634			-0.551099			-0.343572			-0.417146			-0.45479			
-0.401593		-0.0621979			-0.684704			-0.185021			-0.547403			-0.324607			-0.417311			-0.435083			
-0.391593		-0.0577817			-0.672851			-0.172856			-0.543249			-0.305987			-0.417366			-0.415154			
-0.381593		-0.0535713			-0.66065			-0.161144			-0.538622			-0.287747			-0.417257			-0.395073			
-0.371593		-0.049563			-0.648105			-0.149886			-0.533506			-0.269922			-0.416927			-0.374914			
-0.361593		-0.0457526			-0.635219			-0.139085			-0.527888			-0.252542			-0.416323			-0.35475			
-0.351593		-0.0421363			-0.621997			-0.12874			-0.521755			-0.235639			-0.415393			-0.334654			
-0.341593		-0.0387097			-0.608442			-0.118853			-0.515096			-0.219241			-0.414087			-0.314698			
-0.331593		-0.0354686			-0.594561			-0.109422			-0.507904			-0.203372			-0.412358			-0.294955			
-0.321593		-0.0324086			-0.580357			-0.100445			-0.500169			-0.188058			-0.410158			-0.275492			
-0.311593		-0.0295253			-0.565837			-0.0919198			-0.491887			-0.173319			-0.407447			-0.256379			
-0.301593		-0.0268142			-0.551006			-0.0838418			-0.483053			-0.159175			-0.404183			-0.23768			
-0.291593		-0.0242705			-0.535871			-0.076207			-0.473663			-0.145642			-0.40033			-0.219456			
-0.281593		-0.0218896			-0.520439			-0.0690099			-0.463719			-0.132733			-0.395854			-0.201767			
-0.271593		-0.0196667			-0.504716			-0.0622442			-0.453219			-0.120461			-0.390726			-0.184667			
-0.261593		-0.0175968			-0.488709			-0.0559031			-0.442166			-0.108833			-0.384919			-0.168206			
-0.251593		-0.0156751			-0.472426			-0.0499784			-0.430565			-0.0978562			-0.37841			-0.152429			
-0.241593		-0.0138965			-0.455876			-0.0444617			-0.41842			-0.0875332			-0.371181			-0.137378			
-0.231593		-0.0122558			-0.439066			-0.0393433			-0.405738			-0.0778648			-0.363217			-0.123088			
-0.221593		-0.010748			-0.422004			-0.0346131			-0.39253			-0.0688488			-0.354508			-0.109588			
-0.211593		-0.00936775			-0.4047			-0.0302602			-0.378803			-0.0604803			-0.345047			-0.0969038			
-0.201593		-0.00810975			-0.387163			-0.0262727			-0.364571			-0.0527517			-0.334833			-0.0850526			
-0.191593		-0.00696863			-0.369401			-0.0226384			-0.349847			-0.0456529			-0.323866			-0.0740473			
-0.181593		-0.00593898			-0.351424			-0.0193441			-0.334645			-0.0391711			-0.312154			-0.0638942			
-0.171593		-0.0050153			-0.333243			-0.0163761			-0.318981			-0.0332909			-0.299706			-0.0545937			
-0.161593		-0.00419206			-0.314867			-0.0137201			-0.302873			-0.0279945			-0.286538			-0.04614			
-0.151593		-0.00346368			-0.296306			-0.0113611			-0.286339			-0.0232616			-0.272666			-0.0385212			
-0.141593		-0.00282452			-0.27757			-0.00928372			-0.269399			-0.0190698			-0.258114			-0.0317196			
-0.131593		-0.00226889			-0.258671			-0.00747177			-0.252074			-0.0153942			-0.242908			-0.0257116			
-0.121593		-0.00179108			-0.239619			-0.00590877			-0.234388			-0.012208			-0.227076			-0.0204679			
-0.111593		-0.00138533			-0.220425			-0.00457767			-0.216361			-0.00948218			-0.210652			-0.0159538			
-0.101593		-0.00104584			-0.2011			-0.00346103			-0.198021			-0.00718603			-0.193673			-0.0121294			
-0.0915927		-0.00076678			-0.181656			-0.00254096			-0.17939			-0.00528697			-0.176177			-0.00894989			
-0.0815927		-0.000542288			-0.162103			-0.00179922			-0.160495			-0.00375078			-0.158208			-0.00636595			
-0.0715927		-0.000366479			-0.142453			-0.00121722			-0.141364			-0.00254178			-0.139808			-0.00432394			
-0.0615927		-0.00023344			-0.122719			-0.000776068			-0.122023			-0.00162295			-0.121027			-0.00276641			
-0.0515927		-0.000137238			-0.102911			-0.000456609			-0.102501			-0.000956074			-0.101913			-0.00163245			
-0.0415927		-7.1922e-005			-0.0830415			-0.00023945			-0.0828264			-0.000501889			-0.0825169			-0.000858151			
-0.0315927		-3.15246e-005			-0.0631223			-0.000105009			-0.0630279			-0.000220276			-0.0628918			-0.000377051			
-0.0215927		-1.00662e-005			-0.0431652			-3.35432e-005			-0.043135			-7.04046e-005			-0.0430915			-0.000120609			
-0.0115927		-1.55788e-006			-0.0231822			-5.19244e-006			-0.0231775			-1.09025e-005			-0.0231708			-1.86863e-005			
-0.00159265		-4.03984e-009			-0.0031853			-1.34661e-008			-0.00318529			-2.82787e-008			-0.00318527			-4.84776e-008			
0.00840735		5.9425e-007			0.0168135			1.98074e-006			0.0168117			4.15922e-006			0.0168091			7.12934e-006			
0.0184073		6.23644e-006			0.0368022			2.07832e-005			0.0367835			4.36285e-005			0.0367565			7.47536e-005			
0.0284073		2.29195e-005			0.0567689			7.63551e-005			0.0567002			0.000160203			0.0566012			0.000274302			
0.0384073		5.66347e-005			0.0767015			0.000188588			0.076532			0.000395392			0.076288			0.000676316			
0.0484073		0.000113365			0.0965881			0.000377264			0.0962495			0.000790215			0.0957628			0.0013499			
0.0584073		0.000199082			0.116417			0.000662024			0.115823			0.00138504			0.114972			0.00236223			
0.0684073		0.000319742			0.136176			0.00106232			0.135225			0.00221942			0.133865			0.00377808			
0.0784073		0.000481285			0.155854			0.00159739			0.154426			0.0033319			0.152391			0.00565936			
0.0884073		0.00068963			0.175439			0.00228622			0.173399			0.00475993			0.170503			0.00806466			
0.0984073		0.000950672			0.194919			0.00314749			0.192116			0.00653963			0.188154			0.0110489			
0.108407		0.00127028			0.214283			0.00419956			0.210552			0.00870567			0.205302			0.0146628			
0.118407		0.0016543			0.23352			0.00546043			0.228681			0.0112912			0.221907			0.0189526			
0.128407		0.00210852			0.252618			0.00694769			0.246479			0.0143275			0.237931			0.0239599			
0.138407		0.00263874			0.271567			0.00867852			0.263921			0.0178442			0.25334			0.0297211			
0.148407		0.00325068			0.290356			0.0106696			0.280986			0.0218688			0.268104			0.036267			
0.158407		0.00395002			0.308974			0.0129372			0.297651			0.0264268			0.282195			0.0436233			
0.168407		0.00474244			0.32741			0.0154969			0.313897			0.0315414			0.295589			0.0518095			
0.178407		0.00563352			0.345655			0.0183639			0.329705			0.0372336			0.308268			0.0608393			
0.188407		0.00662882			0.363698			0.0215528			0.345056			0.043522			0.320216			0.0707206			
0.198407		0.00773384			0.381529			0.0250774			0.359934			0.0504228			0.331421			0.0814548			
0.208407		0.00895402			0.399139			0.028951			0.374324			0.0579495			0.341875			0.0930376			
0.218407		0.0102948			0.416518			0.0331862			0.388213			0.0661132			0.351576			0.105458			
0.228407		0.0117614			0.433658			0.037795			0.401588			0.0749223			0.360524			0.118701			
0.238407		0.0133592			0.450549			0.0427885			0.414438			0.0843826			0.368724			0.132742			
0.248407		0.0150933			0.467183			0.0481773			0.426755			0.0944969			0.376186			0.147555			
0.258407		0.0169689			0.483552			0.0539711			0.43853			0.105266			0.382922			0.163104			
0.268407		0.018991			0.499647			0.0601787			0.449758			0.116687			0.388951			0.179352			
0.278407		0.0211646			0.515462			0.0668083			0.460434			0.128755			0.394293			0.196254			
0.288407		0.0234947			0.530988			0.0738673			0.470556			0.141462			0.398973			0.213761			
0.298407		0.025986			0.546218			0.0813621			0.480122			0.154797			0.403021			0.23182			
0.308407		0.0286433			0.561146			0.0892983			0.489133			0.168749			0.406469			0.250375			
0.318407		0.0314712			0.575766			0.0976809			0.497591			0.1833			0.409352			0.269363			
0.328407		0.0344744			0.590071			0.106514			0.505499			0.198433			0.41171			0.288722			
0.338407		0.0376573			0.604056			0.1158			0.512864			0.214127			0.413585			0.308383			
0.348407		0.0410244			0.617715			0.125542			0.519691			0.23036			0.41502			0.328279			
0.358407		0.0445799			0.631044			0.13574			0.52599			0.247105			0.416065			0.348338			
0.368407		0.048328			0.644037			0.146396			0.531771			0.264336			0.416767			0.368488			
0.378407		0.0522728			0.656691			0.157508			0.537046			0.282023			0.417178			0.388657			
0.388407		0.0564184			0.669002			0.169076			0.541827			0.300134			0.417352			0.40877			
0.398407		0.0607686			0.680967			0.181097			0.54613			0.318637			0.417343			0.428756			
0.408407		0.0653273			0.692581			0.193568			0.54997			0.337496			0.417207			0.448541			
0.418407		0.0700981			0.703844			0.206485			0.553366			0.356675			0.417001			0.468056			
0.428407		0.0750847			0.714751			0.219843			0.556335			0.376136			0.416781			0.48723			
0.438407		0.0802905			0.725303			0.233636			0.558899			0.395839			0.416604			0.505997			
0.448407		0.0857188			0.735496			0.247858			0.561079			0.415746			0.416529			0.524294			
0.458407		0.091373			0.745331			0.262502			0.562897			0.435813			0.416611			0.542058			
0.468407		0.0972562			0.754805			0.277558			0.564376			0.456			0.416906			0.559234			
0.478407		0.103371			0.763921			0.293017			0.565543			0.476264			0.41747			0.575767			
0.488407		0.109721			0.772676			0.308871			0.566422			0.496561			0.418355			0.59161			
0.498407		0.116309			0.781073			0.325108			0.567041			0.516849			0.419615			0.606718			
0.508407		0.123137			0.789111			0.341716			0.567426			0.537085			0.421298			0.621053			
0.518407		0.130207			0.796793			0.358683			0.567606			0.557225			0.423452			0.634582			
0.528407		0.137523			0.804121			0.375996			0.567611			0.577226			0.426123			0.647277			
0.538407		0.145087			0.811095			0.393642			0.567468			0.597047			0.429353			0.659116			
0.548407		0.1529			0.817721			0.411606			0.56721			0.616644			0.433182			0.670084			
0.558407		0.160964			0.823999			0.429873			0.566865			0.635978			0.437645			0.680171			
0.568407		0.169282			0.829935			0.448428			0.566466			0.655007			0.442776			0.689375			
0.578407		0.177856			0.835531			0.467253			0.566042			0.673695			0.448604			0.697698			
0.588407		0.186686			0.840792			0.486333			0.565626			0.692002			0.455154			0.70515			
0.598407		0.195774			0.845722			0.505649			0.565249			0.709892			0.462448			0.711747			
0.608407		0.205123			0.850328			0.525184			0.564941			0.727332			0.470503			0.717511			
0.618407		0.214732			0.854614			0.54492			0.564734			0.744289			0.479333			0.722469			
0.628407		0.224603			0.858586			0.564837			0.564659			0.760731			0.488946			0.726655			
0.638407		0.234737			0.86225			0.584916			0.564747			0.776631			0.499347			0.730109			
0.648407		0.245134			0.865613			0.605138			0.565028			0.79196			0.510538			0.732876			
0.658407		0.255796			0.868682			0.625482			0.565532			0.806696			0.522512			0.735005			
0.668407		0.266723			0.871464			0.645929			0.566287			0.820817			0.535263			0.73655			
0.678407		0.277914			0.873967			0.666458			0.567324			0.834302			0.548777			0.737572			
0.688407		0.289372			0.876199			0.687047			0.56867			0.847135			0.563038			0.738132			
0.698407		0.301094			0.878169			0.707677			0.570351			0.859301			0.578024			0.738298			
0.708407		0.313082			0.879884			0.728325			0.572394			0.87079			0.593709			0.738138			
0.718407		0.325335			0.881354			0.74897			0.574824			0.881592			0.610065			0.737725			
0.728407		0.337853			0.882589			0.769592			0.577666			0.891701			0.627059			0.737132			
0.738407		0.350635			0.883598			0.790169			0.580943			0.901115			0.644653			0.736436			
0.748407		0.363681			0.884391			0.810679			0.584675			0.909832			0.662807			0.735713			
0.758407		0.376989			0.884978			0.831101			0.588885			0.917857			0.681478			0.735041			
0.768407		0.390559			0.88537			0.851414			0.593591			0.925194			0.700619			0.734496			
0.778407		0.40439			0.885577			0.871597			0.598812			0.931852			0.720181			0.734155			
0.788407		0.418481			0.885611			0.891629			0.604563			0.937842			0.740111			0.734094			
0.798407		0.43283			0.885482			0.911489			0.610859			0.943178			0.760357			0.734385			
0.808407		0.447435			0.885203			0.931156			0.617715			0.947877			0.780861			0.735102			
0.818407		0.462295			0.884784			0.950611			0.625142			0.951959			0.801565			0.736311			
0.828407		0.477408			0.884239			0.969834			0.633149			0.955445			0.822411			0.73808			
0.838407		0.492773			0.883578			0.988804			0.641747			0.958362			0.843339			0.74047			
0.848407		0.508386			0.882815			1.0075			0.65094			0.960735			0.864287			0.743537			
0.858407		0.524247			0.881962			1.02591			0.660736			0.962595			0.885193			0.747337			
0.868407		0.540351			0.881031			1.04402			0.671136			0.963974			0.905998			0.751915			
0.878407		0.556698			0.880036			1.06179			0.682143			0.964905			0.926639			0.757316			
0.888407		0.573283			0.878988			1.07923			0.693756			0.965425			0.947056			0.763576			
0.898407		0.590105			0.877902			1.0963			0.705973			0.965571			0.96719			0.770727			
0.908407		0.607161			0.87679			1.113			0.718791			0.965384			0.986982			0.778792			
0.918407		0.624446			0.875666			1.12931			0.732204			0.964904			1.00638			0.787791			
0.928407		0.641959			0.874542			1.14522			0.746204			0.964175			1.02532			0.797735			
0.938407		0.659695			0.873433			1.1607			0.760784			0.963239			1.04375			0.80863			
0.948407		0.677651			0.872352			1.17575			0.775931			0.962143			1.06163			0.820473			
0.958407		0.695824			0.871312			1.19036			0.791633			0.960932			1.07891			0.833257			
0.968407		0.714209			0.870326			1.20452			0.807876			0.959652			1.09554			0.846965			
0.978407		0.732803			0.869409			1.21821			0.824644			0.958351			1.11149			0.861577			
0.988407		0.751601			0.868573			1.23142			0.84192			0.957077			1.12671			0.877064			
0.998407		0.7706			0.867833			1.24414			0.859683			0.955876			1.14117			0.89339			
1.00841		0.789796			0.867201			1.25638			0.877914			0.954796			1.15485			0.910516			
1.01841		0.809182			0.866691			1.26811			0.896591			0.953886			1.16772			0.928392			
1.02841		0.828756			0.866317			1.27933			0.915689			0.95319			1.17975			0.946968			
1.03841		0.848512			0.866091			1.29005			0.935185			0.952757			1.19094			0.966185			
1.04841		0.868446			0.866027			1.30024			0.95505			0.95263			1.20127			0.985981			
1.05841		0.888553			0.866137			1.30992			0.975259			0.952856			1.21073			1.00629			
1.06841		0.908827			0.866436			1.31908			0.995781			0.953476			1.21932			1.02703			
1.07841		0.929263			0.866934			1.32771			1.01659			0.954533			1.22705			1.04814			
1.08841		0.949856			0.867646			1.33581			1.03765			0.956067			1.23392			1.06954			
1.09841		0.970601			0.868584			1.3434			1.05893			0.958116			1.23994			1.09114			
1.10841		0.991492			0.869759			1.35046			1.0804			0.960717			1.24514			1.11287			
1.11841		1.01252			0.871184			1.357			1.10203			0.963905			1.24953			1.13463			
1.12841		1.03369			0.872871			1.36303			1.12378			0.967712			1.25314			1.15636			
1.13841		1.05498			0.874832			1.36854			1.14562			0.972168			1.256			1.17795			
1.14841		1.0764			0.877077			1.37356			1.16751			0.977301			1.25815			1.19932			
1.15841		1.09793			0.879618			1.37807			1.18941			0.983135			1.25962			1.2204			
1.16841		1.11958			0.882467			1.38209			1.2113			0.989692			1.26046			1.2411			
1.17841		1.14133			0.885633			1.38563			1.23313			0.996992			1.26072			1.26134			
1.18841		1.16317			0.889127			1.3887			1.25487			1.00505			1.26045			1.28104			
1.19841		1.18511			0.892959			1.39131			1.27649			1.01388			1.25969			1.30013			
1.20841		1.20714			0.897139			1.39347			1.29794			1.0235			1.25852			1.31855			
1.21841		1.22924			0.901676			1.39519			1.3192			1.0339			1.25698			1.33621			
1.22841		1.25141			0.906579			1.39649			1.34022			1.0451			1.25515			1.35307			
1.23841		1.27365			0.911857			1.39738			1.36097			1.05709			1.25308			1.36907			
1.24841		1.29594			0.917519			1.39787			1.38142			1.06987			1.25084			1.38416			
1.25841		1.31829			0.923571			1.39799			1.40153			1.08344			1.2485			1.3983			
1.26841		1.34068			0.930023			1.39775			1.42128			1.09778			1.24613			1.41144			
1.27841		1.3631			0.93688			1.39717			1.44062			1.11289			1.24379			1.42356			
1.28841		1.38556			0.944151			1.39626			1.45954			1.12874			1.24156			1.43464			
1.29841		1.40803			0.95184			1.39505			1.47799			1.14532			1.23951			1.44466			
1.30841		1.43053			0.959955			1.39356			1.49594			1.16261			1.2377			1.45361			
1.31841		1.45302			0.968501			1.3918			1.51338			1.18058			1.2362			1.4615			
1.32841		1.47552			0.977482			1.3898			1.53028			1.1992			1.23509			1.46832			
1.33841		1.49801			0.986904			1.38758			1.5466			1.21845			1.23442			1.4741			
1.34841		1.52049			0.996771			1.38517			1.56233			1.23828			1.23426			1.47885			
1.35841		1.54294			1.00709			1.38258			1.57745			1.25866			1.23466			1.48261			
1.36841		1.56536			1.01785			1.37984			1.59193			1.27955			1.2357			1.48541			
1.37841		1.58775			1.02907			1.37698			1.60575			1.30091			1.23742			1.4873			
1.38841		1.61008			1.04075			1.37402			1.6189			1.3227			1.23988			1.48832			
1.39841		1.63237			1.05289			1.37098			1.63137			1.34486			1.24312			1.48854			
1.40841		1.65459			1.06548			1.3679			1.64313			1.36736			1.24719			1.48802			
1.41841		1.67674			1.07854			1.36479			1.65419			1.39013			1.25214			1.48683			
1.42841		1.69882			1.09205			1.36168			1.66452			1.41314			1.25798			1.48505			
1.43841		1.7208			1.10603			1.35861			1.67412			1.43633			1.26477			1.48275			
1.44841		1.7427			1.12047			1.35558			1.683			1.45963			1.27251			1.48001			
1.45841		1.76449			1.13536			1.35264			1.69113			1.48301			1.28124			1.47694			
1.46841		1.78618			1.15071			1.34981			1.69853			1.50639			1.29098			1.47361			
1.47841		1.80774			1.16652			1.34712			1.70519			1.52974			1.30172			1.47013			
1.48841		1.82918			1.18278			1.34459			1.71113			1.55298			1.31348			1.46658			
1.49841		1.85049			1.19948			1.34224			1.71633			1.57606			1.32625			1.46307			
1.50841		1.87165			1.21663			1.34012			1.72081			1.59893			1.34003			1.45969			
1.51841		1.89267			1.23422			1.33823			1.72459			1.62153			1.35481			1.45655			
1.52841		1.91353			1.25224			1.33662			1.72767			1.6438			1.37057			1.45373			
1.53841		1.93422			1.2707			1.33529			1.73006			1.66569			1.38729			1.45134			
1.54841		1.95474			1.28957			1.33429			1.73179			1.68714			1.40493			1.44947			
1.55841		1.97507			1.30886			1.33363			1.73287			1.70811			1.42347			1.44821			
1.56841		1.99522			1.32857			1.33334			1.73332			1.72854			1.44286			1.44764			
1.57841		2.01516			1.34867			1.33345			1.73316			1.74838			1.46307			1.44786			
1.58841		2.0349			1.36917			1.33398			1.73243			1.76758			1.48404			1.44893			
1.59841		2.05443			1.39005			1.33494			1.73114			1.7861			1.50571			1.45094			
1.60841		2.07374			1.41131			1.33637			1.72932			1.8039			1.52803			1.45394			
1.61841		2.09281			1.43293			1.33829			1.72701			1.82094			1.55095			1.45801			
1.62841		2.11165			1.45491			1.34071			1.72423			1.83717			1.57438			1.46319			
1.63841		2.13024			1.47724			1.34366			1.72102			1.85257			1.59826			1.46953			
1.64841		2.14858			1.4999			1.34716			1.71742			1.86709			1.62252			1.47708			
1.65841		2.16666			1.52288			1.35123			1.71346			1.88072			1.64707			1.48585			
1.66841		2.18446			1.54618			1.35588			1.70918			1.89343			1.67185			1.49588			
1.67841		2.202			1.56977			1.36113			1.70461			1.90519			1.69678			1.50717			
1.68841		2.21924			1.59364			1.367			1.69981			1.91599			1.72176			1.51974			
1.69841		2.2362			1.61779			1.37351			1.69481			1.92582			1.74671			1.53357			
1.70841		2.25285			1.6422			1.38066			1.68966			1.93466			1.77156			1.54866			
1.71841		2.2692			1.66684			1.38848			1.68439			1.9425			1.79621			1.56498			
1.72841		2.28524			1.69172			1.39696			1.67906			1.94935			1.82059			1.5825			
1.73841		2.30095			1.7168			1.40614			1.6737			1.95521			1.8446			1.60118			
1.74841		2.31634			1.74209			1.416			1.66837			1.96008			1.86816			1.62097			
1.75841		2.33138			1.76755			1.42657			1.66311			1.96397			1.8912			1.64181			
1.76841		2.34609			1.79318			1.43785			1.65798			1.96689			1.91363			1.66364			
1.77841		2.36045			1.81896			1.44984			1.653			1.96887			1.93537			1.68639			
1.78841		2.37444			1.84487			1.46256			1.64824			1.96993			1.95636			1.70996			
1.79841		2.38808			1.87089			1.476			1.64374			1.97009			1.97651			1.73429			
1.80841		2.40134			1.897			1.49016			1.63955			1.96938			1.99576			1.75926			
1.81841		2.41423			1.92319			1.50506			1.63571			1.96784			2.01406			1.78479			
1.82841		2.42673			1.94944			1.52068			1.63227			1.9655			2.03133			1.81075			
1.83841		2.43884			1.97573			1.53702			1.62928			1.96241			2.04752			1.83706			
1.84841		2.45056			2.00204			1.55409			1.62678			1.95861			2.06259			1.86359			
1.85841		2.46187			2.02834			1.57187			1.62481			1.95416			2.07649			1.89022			
1.86841		2.47277			2.05463			1.59037			1.62343			1.94909			2.08919			1.91683			
1.87841		2.48326			2.08088			1.60956			1.62266			1.94348			2.10065			1.94331			
1.88841		2.49332			2.10707			1.62946			1.62255			1.93737			2.11085			1.96954			
1.89841		2.50296			2.13318			1.65003			1.62315			1.93083			2.11976			1.99539			
1.90841		2.51217			2.1592			1.67128			1.62449			1.92393			2.12738			2.02074			
1.91841		2.52093			2.18508			1.69319			1.6266			1.91672			2.13371			2.04548			
1.92841		2.52926			2.21083			1.71575			1.62953			1.90928			2.13874			2.06948			
1.93841		2.53713			2.23642			1.73893			1.6333			1.90168			2.14248			2.09264			
1.94841		2.54455			2.26182			1.76273			1.63794			1.89399			2.14495			2.11485			
1.95841		2.5515			2.28701			1.78711			1.64349			1.88628			2.14618			2.13601			
1.96841		2.558			2.31198			1.81207			1.64997			1.87863			2.14619			2.15602			
1.97841		2.56402			2.3367			1.83759			1.65741			1.87111			2.14503			2.17478			
1.98841		2.56957			2.36114			1.86363			1.66583			1.8638			2.14273			2.19223			
1.99841		2.57463			2.3853			1.89017			1.67524			1.85678			2.13935			2.20827			
2.00841		2.57922			2.40914			1.91719			1.68567			1.85012			2.13496			2.22286			
2.01841		2.58332			2.43265			1.94467			1.69713			1.8439			2.1296			2.23593			
2.02841		2.58692			2.4558			1.97256			1.70964			1.83819			2.12336			2.24743			
2.03841		2.59003			2.47858			2.00086			1.72319			1.83307			2.11631			2.25733			
2.04841		2.59263			2.50095			2.02951			1.7378			1.82862			2.10854			2.2656			
2.05841		2.59474			2.5229			2.0585			1.75348			1.8249			2.10013			2.27223			
2.06841		2.59633			2.54441			2.08779			1.77022			1.82198			2.09118			2.27722			
2.07841		2.59741			2.56545			2.11735			1.78801			1.81994			2.08178			2.28058			
2.08841		2.59798			2.58601			2.14713			1.80686			1.81884			2.07204			2.28231			
2.09841		2.59803			2.60606			2.17711			1.82676			1.81874			2.06206			2.28247			
2.10841		2.59756			2.62558			2.20725			1.84769			1.8197			2.05196			2.28109			
2.11841		2.59657			2.64455			2.23751			1.86964			1.82178			2.04183			2.27822			
2.12841		2.59505			2.66296			2.26785			1.89259			1.82504			2.0318			2.27394			
2.13841		2.593			2.68077			2.29824			1.91652			1.82952			2.02198			2.26832			
2.14841		2.59042			2.69798			2.32862			1.94141			1.83527			2.01249			2.26145			
2.15841		2.58731			2.71455			2.35897			1.96723			1.84233			2.00344			2.25343			
2.16841		2.58366			2.73047			2.38923			1.99394			1.85073			1.99495			2.24436			
2.17841		2.57948			2.74573			2.41937			2.02152			1.86052			1.98713			2.23438			
2.18841		2.57475			2.76029			2.44935			2.04992			1.87171			1.9801			2.2236			
2.19841		2.56948			2.77415			2.47911			2.07911			1.88433			1.97397			2.21217			
2.20841		2.56368			2.78728			2.50862			2.10905			1.8984			1.96884			2.20021			
2.21841		2.55732			2.79967			2.53783			2.13969			1.91393			1.96483			2.18789			
2.22841		2.55043			2.81129			2.5667			2.17098			1.93092			1.96203			2.17536			
2.23841		2.54299			2.82213			2.59518			2.20287			1.94938			1.96055			2.16278			
2.24841		2.535			2.83218			2.62322			2.23531			1.96929			1.96047			2.1503			
2.25841		2.52647			2.84141			2.65079			2.26824			1.99065			1.96187			2.1381			
2.26841		2.51738			2.84982			2.67783			2.3016			2.01344			1.96485			2.12635			
2.27841		2.50776			2.85737			2.7043			2.33532			2.03764			1.96948			2.1152			
2.28841		2.49758			2.86407			2.73015			2.36935			2.06321			1.97581			2.10484			
2.29841		2.48686			2.86988			2.75534			2.40363			2.09013			1.98392			2.09542			
2.30841		2.47559			2.87481			2.77982			2.43807			2.11834			1.99384			2.0871			
2.31841		2.46378			2.87883			2.80354			2.47261			2.14781			2.00562			2.08005			
2.32841		2.45142			2.88193			2.82647			2.50718			2.17847			2.0193			2.07442			
2.33841		2.43851			2.8841			2.84856			2.54171			2.21027			2.0349			2.07035			
2.34841		2.42506			2.88533			2.86975			2.57612			2.24315			2.05242			2.06799			
2.35841		2.41107			2.88559			2.89002			2.61032			2.27702			2.07188			2.06746			
2.36841		2.39654			2.88489			2.90931			2.64426			2.31182			2.09327			2.06889			
2.37841		2.38147			2.88322			2.92758			2.67783			2.34745			2.11657			2.07238			
2.38841		2.36586			2.88055			2.94479			2.71097			2.38385			2.14176			2.07804			
2.39841		2.34971			2.87688			2.9609			2.74359			2.4209			2.16879			2.08596			
2.40841		2.33303			2.8722			2.97587			2.77562			2.45851			2.19761			2.0962			
2.41841		2.31582			2.86651			2.98966			2.80696			2.49658			2.22818			2.10883			
2.42841		2.29808			2.85979			3.00222			2.83753			2.535			2.26041			2.12388			
2.43841		2.27981			2.85204			3.01352			2.86726			2.57367			2.29422			2.1414			
2.44841		2.26102			2.84326			3.02353			2.89606			2.61245			2.32953			2.16138			
2.45841		2.24171			2.83342			3.0322			2.92384			2.65125			2.36623			2.18384			
2.46841		2.22188			2.82254			3.0395			2.95052			2.68993			2.40421			2.20874			
2.47841		2.20154			2.8106			3.04541			2.97602			2.72836			2.44335			2.23605			
2.48841		2.18068			2.7976			3.04987			3.00027			2.76643			2.48351			2.26571			
2.49841		2.15932			2.78354			3.05287			3.02317			2.80399			2.52456			2.29764			
2.50841		2.13745			2.76841			3.05438			3.04464			2.84092			2.56634			2.33177			
2.51841		2.11508			2.75222			3.05435			3.06462			2.87709			2.60871			2.36797			
2.52841		2.09222			2.73495			3.05278			3.08302			2.91235			2.65148			2.40612			
2.53841		2.06887			2.71662			3.04963			3.09976			2.94657			2.69449			2.44608			
2.54841		2.04502			2.69722			3.04487			3.11478			2.97961			2.73755			2.48769			
2.55841		2.0207			2.67674			3.03849			3.12799			3.01134			2.78049			2.53077			
2.56841		1.9959			2.6552			3.03046			3.13934			3.04162			2.82311			2.57512			
2.57841		1.97062			2.63259			3.02077			3.14874			3.07031			2.86521			2.62055			
2.58841		1.94488			2.60892			3.00939			3.15614			3.09728			2.9066			2.66682			
2.59841		1.91867			2.58419			2.99631			3.16148			3.1224			2.94706			2.7137			
2.60841		1.89201			2.5584			2.98151			3.16468			3.14552			2.98639			2.76095			
2.61841		1.8649			2.53156			2.96499			3.1657			3.16653			3.02439			2.8083			
2.62841		1.83733			2.50368			2.94672			3.16448			3.18529			3.06084			2.85548			
2.63841		1.80933			2.47475			2.92671			3.16097			3.20169			3.09553			2.90222			
2.64841		1.7809			2.44479			2.90494			3.15511			3.2156			3.12825			2.94823			
2.65841		1.75203			2.41381			2.88141			3.14686			3.2269			3.15879			2.99322			
2.66841		1.72275			2.3818			2.85611			3.13619			3.23549			3.18695			3.03687			
2.67841		1.69305			2.34879			2.82905			3.12305			3.24125			3.21252			3.0789			
2.68841		1.66293			2.31478			2.80022			3.10741			3.24408			3.23531			3.119			
2.69841		1.63242			2.27978			2.76962			3.08923			3.24389			3.25511			3.15686			
2.70841		1.60151			2.2438			2.73726			3.06849			3.24058			3.27175			3.19218			
2.71841		1.57021			2.20686			2.70315			3.04517			3.23407			3.28502			3.22465			
2.72841		1.53853			2.16896			2.66728			3.01925			3.22427			3.29476			3.25397			
2.73841		1.50648			2.13012			2.62968			2.9907			3.21112			3.3008			3.27986			
2.74841		1.47406			2.09035			2.59035			2.95953			3.19454			3.30298			3.30201			
2.75841		1.44128			2.04967			2.5493			2.92572			3.17448			3.30114			3.32015			
2.76841		1.40815			2.00808			2.50656			2.88927			3.15089			3.29515			3.33402			
2.77841		1.37467			1.96562			2.46214			2.85018			3.12371			3.28488			3.34336			
2.78841		1.34085			1.92228			2.41605			2.80846			3.09292			3.27019			3.34791			
2.79841		1.30671			1.87809			2.36832			2.76411			3.05849			3.25099			3.34745			
2.80841		1.27225			1.83307			2.31897			2.71716			3.02038			3.22718			3.34176			
2.81841		1.23747			1.78723			2.26802			2.66761			2.97859			3.19868			3.33065			
2.82841		1.20239			1.74059			2.21551			2.6155			2.93312			3.16541			3.31393			
2.83841		1.16701			1.69317			2.16146			2.56085			2.88396			3.12732			3.29143			
2.84841		1.13135			1.64498			2.10589			2.5037			2.83114			3.08436			3.26303			
2.85841		1.0954			1.59606			2.04885			2.44406			2.77466			3.03652			3.22858			
2.86841		1.05919			1.54642			1.99036			2.382			2.71455			2.98377			3.18801			
2.87841		1.02271			1.49607			1.93047			2.31754			2.65087			2.92611			3.14122			
2.88841		0.985984			1.44505			1.86919			2.25075			2.58364			2.86357			3.08817			
2.89841		0.949011			1.39337			1.80659			2.18166			2.51292			2.79617			3.02882			
2.90841		0.911803			1.34106			1.74268			2.11034			2.43878			2.72395			2.96317			
2.91841		0.874369			1.28813			1.67752			2.03685			2.36128			2.64698			2.89124			
2.92841		0.836717			1.23461			1.61115			1.96125			2.2805			2.56534			2.81307			
2.93841		0.798858			1.18053			1.54361			1.8836			2.19653			2.4791			2.72873			
2.94841		0.760801			1.1259			1.47495			1.80398			2.10947			2.38839			2.63831			
2.95841		0.722554			1.07076			1.40521			1.72247			2.0194			2.29331			2.54192			
2.96841		0.684128			1.01512			1.33445			1.63913			1.92645			2.194			2.43971			
2.97841		0.645531			0.959021			1.2627			1.55405			1.83072			2.0906			2.33185			
2.98841		0.606774			0.902474			1.19003			1.46731			1.73233			1.98328			2.21852			
2.99841		0.567866			0.84551			1.11648			1.37901			1.63143			1.8722			2.09993			
3.00841		0.528816			0.788155			1.0421			1.28922			1.52813			1.75756			1.97631			
3.01841		0.489634			0.730435			0.966956			1.19804			1.42259			1.63954			1.84792			
3.02841		0.45033			0.672375			0.891092			1.10557			1.31494			1.51836			1.71504			
3.03841		0.410913			0.614004			0.814565			1.0119			1.20534			1.39423			1.57795			
3.04841		0.371395			0.555347			0.737432			0.917132			1.09394			1.26738			1.43696			
3.05841		0.331783			0.496432			0.65975			0.821365			0.980913			1.13804			1.2924			
3.06841		0.292089			0.437286			0.581575			0.724701			0.866413			1.00646			1.14461			
3.07841		0.252321			0.377936			0.502966			0.627245			0.75061			0.8729			0.993958			
3.08841		0.212491			0.31841			0.423981			0.529102			0.633676			0.737607			0.840797			
3.09841		0.172607			0.258736			0.344678			0.430379			0.515786			0.600847			0.68551			
3.10841		0.13268			0.198941			0.265117			0.331184			0.397117			0.462892			0.528486			
3.11841		0.0927205			0.139054			0.185358			0.231625			0.277846			0.324013			0.370118			
3.12841		0.0527374			0.0791011			0.10546			0.131811			0.158154			0.184487			0.210809			
3.13841		0.0127412			0.0191117			0.0254821			0.0318525			0.0382227			0.0445928			0.0509627			
