Time		Position		Velocity
0		0		1
0.01		0.01		1
0.02		0.0199824		0.998236
0.03		0.0299295		0.994711
0.04		0.0398238		0.989432
0.05		0.0496479		0.982407
0.06		0.0593843		0.973649
0.07		0.0690161		0.963173
0.08		0.0785261		0.950999
0.09		0.0878975		0.937147
0.1		0.097114		0.921642
0.11		0.106159		0.904511
0.12		0.115017		0.885784
0.13		0.123672		0.865495
0.14		0.132109		0.84368
0.15		0.140312		0.820376
0.16		0.148269		0.795625
0.17		0.155963		0.76947
0.18		0.163383		0.741958
0.19		0.170514		0.713137
0.2		0.177345		0.683059
0.21		0.183863		0.651775
0.22		0.190056		0.619342
0.23		0.195914		0.585816
0.24		0.201427		0.551256
0.25		0.206584		0.515725
0.26		0.211377		0.479283
0.27		0.215797		0.441996
0.28		0.219836		0.40393
0.29		0.223488		0.365151
0.3		0.226745		0.325728
0.31		0.229602		0.28573
0.32		0.232055		0.245228
0.33		0.234097		0.204294
0.34		0.235727		0.162999
0.35		0.236942		0.121416
0.36		0.237738		0.07962
0.37		0.238115		0.037683
0.38		0.238071		-0.0043204
0.39		0.237608		-0.0463162
0.4		0.236726		-0.0882303
0.41		0.235426		-0.129989
0.42		0.233711		-0.171518
0.43		0.231583		-0.212745
0.44		0.229047		-0.253596
0.45		0.226107		-0.294
0.46		0.222769		-0.333885
0.47		0.219037		-0.373182
0.48		0.214919		-0.41182
0.49		0.210421		-0.449731
0.5		0.205553		-0.48685
0.51		0.200322		-0.523109
0.52		0.194737		-0.558446
0.53		0.188809		-0.592798
0.54		0.182548		-0.626103
0.55		0.175965		-0.658305
0.56		0.169072		-0.689345
0.57		0.16188		-0.71917
0.58		0.154403		-0.747725
0.59		0.146653		-0.774962
0.6		0.138645		-0.800831
0.61		0.130392		-0.825288
0.62		0.121909		-0.84829
0.63		0.113211		-0.869794
0.64		0.104313		-0.889765
0.65		0.0952318		-0.908166
0.66		0.0859822		-0.924965
0.67		0.0765809		-0.940132
0.68		0.0670445		-0.953641
0.69		0.0573898		-0.965467
0.7		0.0476339		-0.975591
0.71		0.037794		-0.983993
0.72		0.0278874		-0.99066
0.73		0.0179316		-0.99558
0.74		0.00794413		-0.998743
0.75		-0.00205731		-1.00014
0.76		-0.0120551		-0.999781
0.77		-0.0220317		-0.997655
0.78		-0.0319694		-0.993768
0.79		-0.0418506		-0.988129
0.8		-0.0516581		-0.980746
0.81		-0.0613744		-0.971634
0.82		-0.0709825		-0.960808
0.83		-0.0804654		-0.948286
0.84		-0.0898063		-0.934092
0.85		-0.0989888		-0.91825
0.86		-0.107997		-0.900789
0.87		-0.116814		-0.881738
0.88		-0.125425		-0.861132
0.89		-0.133815		-0.839007
0.9		-0.141969		-0.815402
0.91		-0.149873		-0.790359
0.92		-0.157512		-0.763921
0.93		-0.164874		-0.736136
0.94		-0.171944		-0.707052
0.95		-0.178711		-0.676721
0.96		-0.185163		-0.645196
0.97		-0.191289		-0.612534
0.98		-0.197077		-0.57879
0.99		-0.202517		-0.544026
1		-0.2076		-0.508302
1.01		-0.212317		-0.471681
1.02		-0.216659		-0.434229
1.03		-0.220619		-0.39601
1.04		-0.22419		-0.357093
1.05		-0.227365		-0.317546
1.06		-0.23014		-0.277439
1.07		-0.232508		-0.236842
1.08		-0.234467		-0.195827
1.09		-0.236011		-0.154467
1.1		-0.23714		-0.112835
1.11		-0.23785		-0.0710037
1.12		-0.23814		-0.029047
1.13		-0.23801		0.0129609
1.14		-0.237461		0.0549459
1.15		-0.236493		0.096834
1.16		-0.235107		0.138551
1.17		-0.233307		0.180024
1.18		-0.231095		0.22118
1.19		-0.228476		0.261945
1.2		-0.225453		0.302248
1.21		-0.222033		0.342018
1.22		-0.218221		0.381184
1.23		-0.214024		0.419679
1.24		-0.20945		0.457433
1.25		-0.204506		0.494379
1.26		-0.199202		0.530454
1.27		-0.193546		0.565594
1.28		-0.187548		0.599735
1.29		-0.18122		0.632819
1.3		-0.174572		0.664786
1.31		-0.167617		0.69558
1.32		-0.160365		0.725148
1.33		-0.152831		0.753436
1.34		-0.145027		0.780396
1.35		-0.136967		0.805978
1.36		-0.128666		0.830139
1.37		-0.120137		0.852836
1.38		-0.111397		0.874028
1.39		-0.10246		0.893679
1.4		-0.0933426		0.911753
1.41		-0.0840604		0.928218
1.42		-0.07463		0.943047
1.43		-0.0650679		0.956211
1.44		-0.055391		0.967689
1.45		-0.0456164		0.97746
1.46		-0.0357613		0.985507
1.47		-0.0258432		0.991815
1.48		-0.0158794		0.996374
1.49		-0.00588766		0.999175
1.5		0.00411447		1.00021
1.51		0.0141094		0.999488
1.52		0.0240793		0.996999
1.53		0.0340069		0.992751
1.54		0.0438744		0.986753
1.55		0.0536645		0.979013
1.56		0.06336		0.969547
1.57		0.0729437		0.95837
1.58		0.0823987		0.945503
1.59		0.0917084		0.930968
1.6		0.100856		0.91479
1.61		0.109826		0.896999
1.62		0.118603		0.877626
1.63		0.12717		0.856704
1.64		0.135512		0.834272
1.65		0.143616		0.810367
1.66		0.151466		0.785033
1.67		0.159049		0.758315
1.68		0.166352		0.730258
1.69		0.173361		0.700914
1.7		0.180065		0.670333
1.71		0.18645		0.63857
1.72		0.192507		0.60568
1.73		0.198224		0.571722
1.74		0.203592		0.536755
1.75		0.2086		0.500841
1.76		0.213241		0.464044
1.77		0.217505		0.426429
1.78		0.221386		0.388061
1.79		0.224876		0.349008
1.8		0.227969		0.30934
1.81		0.23066		0.269126
1.82		0.232945		0.228438
1.83		0.234818		0.187347
1.84		0.236277		0.145925
1.85		0.23732		0.104245
1.86		0.237944		0.0623821
1.87		0.238148		0.0204089
1.88		0.237932		-0.0216004
1.89		0.237296		-0.0635715
1.9		0.236242		-0.105431
1.91		0.234771		-0.147104
1.92		0.232885		-0.188517
1.93		0.23059		-0.229598
1.94		0.227887		-0.270274
1.95		0.224782		-0.310473
1.96		0.221281		-0.350125
1.97		0.217389		-0.389159
1.98		0.213114		-0.427506
1.99		0.208463		-0.4651
2		0.203444		-0.501872
2.01		0.198067		-0.53776
2.02		0.19234		-0.572699
2.03		0.186274		-0.606628
2.04		0.179879		-0.639486
2.05		0.173167		-0.671217
2.06		0.166149		-0.701764
2.07		0.158838		-0.731072
2.08		0.151247		-0.759091
2.09		0.14339		-0.785771
2.1		0.135279		-0.811065
2.11		0.12693		-0.834928
2.12		0.118356		-0.857319
2.13		0.109574		-0.878197
2.14		0.100599		-0.897526
2.15		0.0914464		-0.915272
2.16		0.0821324		-0.931403
2.17		0.0726735		-0.945891
2.18		0.0630864		-0.95871
2.19		0.053388		-0.969839
2.2		0.0435955		-0.979257
2.21		0.033726		-0.986947
2.22		0.023797		-0.992896
2.23		0.0138261		-0.997094
2.24		0.00383076		-0.999533
2.25		-0.00617133		-1.00021
2.26		-0.0161625		-0.99912
2.27		-0.0261252		-0.996269
2.28		-0.0360418		-0.99166
2.29		-0.0458948		-0.985303
2.3		-0.0556669		-0.977207
2.31		-0.0653408		-0.967387
2.32		-0.0748994		-0.955861
2.33		-0.0843259		-0.942649
2.34		-0.0936036		-0.927774
2.35		-0.102716		-0.911262
2.36		-0.111648		-0.893143
2.37		-0.120382		-0.873448
2.38		-0.128904		-0.852213
2.39		-0.137199		-0.829474
2.4		-0.145252		-0.805272
2.41		-0.153048		-0.77965
2.42		-0.160575		-0.752652
2.43		-0.167818		-0.724327
2.44		-0.174765		-0.694724
2.45		-0.181404		-0.663895
2.46		-0.187723		-0.631895
2.47		-0.193711		-0.598781
2.48		-0.199357		-0.56461
2.49		-0.204651		-0.529444
2.5		-0.209585		-0.493343
2.51		-0.214149		-0.456372
2.52		-0.218335		-0.418597
2.53		-0.222135		-0.380082
2.54		-0.225544		-0.340898
2.55		-0.228556		-0.301112
2.56		-0.231163		-0.260794
2.57		-0.233364		-0.220017
2.58		-0.235152		-0.178852
2.59		-0.236526		-0.137371
2.6		-0.237482		-0.0956478
2.61		-0.23802		-0.0537559
2.62		-0.238138		-0.0117692
2.63		-0.237835		0.0302383
2.64		-0.237113		0.0721924
2.65		-0.235973		0.114019
2.66		-0.234417		0.155645
2.67		-0.232447		0.196996
2.68		-0.230067		0.238
2.69		-0.227281		0.278583
2.7		-0.224094		0.318676
2.71		-0.220512		0.358206
2.72		-0.216541		0.397104
2.73		-0.212188		0.435302
2.74		-0.207461		0.472732
2.75		-0.202367		0.509328
2.76		-0.196917		0.545026
2.77		-0.19112		0.579762
2.78		-0.184985		0.613475
2.79		-0.178524		0.646107
2.8		-0.171748		0.677598
2.81		-0.164669		0.707894
2.82		-0.157299		0.736942
2.83		-0.149652		0.76469
2.84		-0.141742		0.791088
2.85		-0.133581		0.816092
2.86		-0.125184		0.839655
2.87		-0.116567		0.861738
2.88		-0.107744		0.8823
2.89		-0.0987307		0.901306
2.9		-0.0895434		0.918722
2.91		-0.0801983		0.934518
2.92		-0.0707116		0.948665
2.93		-0.0611002		0.961138
2.94		-0.0513811		0.971916
2.95		-0.0415713		0.98098
2.96		-0.0316881		0.988313
2.97		-0.0217491		0.993903
2.98		-0.0117717		0.997739
2.99		-0.00177357		0.999816
3		0.00822772		1.00013
3.01		0.0182145		0.998677
3.02		0.0281691		0.995464
3.03		0.0380741		0.990495
3.04		0.0479119		0.983779
3.05		0.0576651		0.975327
3.06		0.0673167		0.965155
3.07		0.0768495		0.953281
3.08		0.0862467		0.939724
3.09		0.0954919		0.92451
3.1		0.104569		0.907666
3.11		0.113461		0.88922
3.12		0.122153		0.869205
3.13		0.130629		0.847657
3.14		0.138875		0.824614
3.15		0.146877		0.800117
3.16		0.154619		0.774208
3.17		0.162088		0.746933
3.18		0.169271		0.718341
3.19		0.176156		0.688481
3.2		0.18273		0.657407
3.21		0.188982		0.625174
3.22		0.1949		0.591837
3.23		0.200475		0.557457
3.24		0.205696		0.522093
3.25		0.210554		0.485808
3.26		0.215041		0.448666
3.27		0.219148		0.410733
3.28		0.222869		0.372076
3.29		0.226196		0.332762
3.3		0.229125		0.29286
3.31		0.231649		0.252443
3.32		0.233765		0.21158
3.33		0.235469		0.170344
3.34		0.236757		0.128807
3.35		0.237627		0.0870431
3.36		0.238078		0.0451257
3.37		0.23811		0.00312864
3.38		0.237721		-0.0388739
3.39		0.236913		-0.0808079
3.4		0.235687		-0.122599
3.41		0.234045		-0.164174
3.42		0.231991		-0.20546
3.43		0.229527		-0.246383
3.44		0.226658		-0.286872
3.45		0.223389		-0.326854
3.46		0.219727		-0.36626
3.47		0.215677		-0.40502
3.48		0.211246		-0.443065
3.49		0.206443		-0.480329
3.5		0.201275		-0.516746
3.51		0.195753		-0.552251
3.52		0.189885		-0.586781
3.53		0.183682		-0.620277
3.54		0.177155		-0.652679
3.55		0.170316		-0.683929
3.56		0.163176		-0.713973
3.57		0.155749		-0.742757
3.58		0.148047		-0.770231
3.59		0.140083		-0.796346
3.6		0.131872		-0.821057
3.61		0.123429		-0.844319
3.62		0.114768		-0.866092
3.63		0.105905		-0.886337
3.64		0.0968548		-0.905019
3.65		0.0876338		-0.922104
3.66		0.0782581		-0.937563
3.67		0.0687444		-0.951368
3.68		0.0591095		-0.963494
3.69		0.0493703		-0.973921
3.7		0.039544		-0.98263
3.71		0.0296479		-0.989605
3.72		0.0196996		-0.994835
3.73		0.00971649		-0.99831
3.74		-0.000283753		-1.00002
3.75		-0.0102835		-0.999974
3.76		-0.0202651		-0.99816
3.77		-0.030211		-0.994585
3.78		-0.0401035		-0.989256
3.79		-0.0499253		-0.982182
3.8		-0.0596591		-0.973375
3.81		-0.0692876		-0.962851
3.82		-0.0787939		-0.950629
3.83		-0.0881612		-0.93673
3.84		-0.097373		-0.921178
3.85		-0.106413		-0.904002
3.86		-0.115265		-0.88523
3.87		-0.123914		-0.864897
3.88		-0.132345		-0.843039
3.89		-0.140542		-0.819693
3.9		-0.148491		-0.794902
3.91		-0.156178		-0.768708
3.92		-0.163589		-0.741158
3.93		-0.170712		-0.712301
3.94		-0.177534		-0.682188
3.95		-0.184043		-0.650871
3.96		-0.190227		-0.618405
3.97		-0.196075		-0.584849
3.98		-0.201578		-0.550262
3.99		-0.206725		-0.514703
4		-0.211507		-0.478237
4.01		-0.215917		-0.440927
4.02		-0.219945		-0.402839
4.03		-0.223586		-0.364041
4.04		-0.226832		-0.324601
4.05		-0.229677		-0.284588
4.06		-0.232118		-0.244072
4.07		-0.234149		-0.203127
4.08		-0.235768		-0.161823
4.09		-0.23697		-0.120233
4.1		-0.237754		-0.0784319
4.11		-0.238119		-0.0364921
4.12		-0.238064		0.00551215
4.13		-0.237589		0.0475066
4.14		-0.236695		0.0894173
4.15		-0.235383		0.13117
4.16		-0.233656		0.172692
4.17		-0.231517		0.213909
4.18		-0.22897		0.254748
4.19		-0.226018		0.295139
4.2		-0.222668		0.335008
4.21		-0.218925		0.374287
4.22		-0.214796		0.412905
4.23		-0.210288		0.450795
4.24		-0.205409		0.48789
4.25		-0.200168		0.524125
4.26		-0.194574		0.559434
4.27		-0.188636		0.593757
4.28		-0.182366		0.627032
4.29		-0.175774		0.659202
4.3		-0.168872		0.690208
4.31		-0.161672		0.719997
4.32		-0.154187		0.748516
4.33		-0.14643		0.775715
4.34		-0.138414		0.801545
4.35		-0.130154		0.825961
4.36		-0.121665		0.84892
4.37		-0.112961		0.870382
4.38		-0.104058		0.890309
4.39		-0.0949717		0.908664
4.4		-0.0857175		0.925417
4.41		-0.0763121		0.940538
4.42		-0.0667721		0.953999
4.43		-0.0571144		0.965778
4.44		-0.0473558		0.975853
4.45		-0.0375138		0.984207
4.46		-0.0276055		0.990824
4.47		-0.0176486		0.995694
4.48		-0.00766053		0.998807
4.49		0.00234105		1.00016
4.5		0.0123385		0.999745
4.51		0.0223142		0.997569
4.52		0.0322505		0.993632
4.53		0.04213		0.987943
4.54		0.0519351		0.980512
4.55		0.0616486		0.97135
4.56		0.0712533		0.960476
4.57		0.0807324		0.947907
4.58		0.090069		0.933665
4.59		0.0992468		0.917777
4.6		0.10825		0.90027
4.61		0.117061		0.881175
4.62		0.125667		0.860525
4.63		0.13405		0.838358
4.64		0.142197		0.814711
4.65		0.150093		0.789628
4.66		0.157725		0.763151
4.67		0.165078		0.735328
4.68		0.17214		0.706209
4.69		0.178899		0.675843
4.7		0.185342		0.644285
4.71		0.191458		0.611591
4.72		0.197236		0.577818
4.73		0.202666		0.543026
4.74		0.207739		0.507275
4.75		0.212445		0.47063
4.76		0.216777		0.433155
4.77		0.220726		0.394915
4.78		0.224286		0.355979
4.79		0.22745		0.316415
4.8		0.230213		0.276293
4.81		0.232569		0.235684
4.82		0.234516		0.194659
4.83		0.236049		0.15329
4.84		0.237165		0.111651
4.85		0.237864		0.0698149
4.86		0.238142		0.0278558
4.87		0.238001		-0.0141525
4.88		0.237439		-0.0561358
4.89		0.236459		-0.0980201
4.9		0.235062		-0.139732
4.91		0.23325		-0.181196
4.92		0.231026		-0.222342
4.93		0.228395		-0.263095
4.94		0.225362		-0.303384
4.95		0.22193		-0.343137
4.96		0.218107		-0.382286
4.97		0.2139		-0.42076
4.98		0.209315		-0.458492
4.99		0.204361		-0.495415
5		0.199046		-0.531464
5.01		0.19338		-0.566576
5.02		0.187373		-0.600688
5.03		0.181036		-0.633741
5.04		0.174379		-0.665676
5.05		0.167415		-0.696436
5.06		0.160155		-0.725968
5.07		0.152613		-0.75422
5.08		0.144802		-0.781141
5.09		0.136735		-0.806684
5.1		0.128427		-0.830804
5.11		0.119892		-0.853458
5.12		0.111146		-0.874607
5.13		0.102204		-0.894213
5.14		0.0930815		-0.912242
5.15		0.0837949		-0.928662
5.16		0.0743605		-0.943443
5.17		0.0647949		-0.95656
5.18		0.055115		-0.96799
5.19		0.0453378		-0.977712
5.2		0.0354807		-0.98571
5.21		0.0255611		-0.991969
5.22		0.0155963		-0.996478
5.23		0.00560399		-0.999229
5.24		-0.00439818		-1.00022
5.25		-0.0143926		-0.999442
5.26		-0.0243616		-0.996903
5.27		-0.0342877		-0.992605
5.28		-0.0441532		-0.986557
5.29		-0.0539409		-0.978768
5.3		-0.0636335		-0.969253
5.31		-0.0732137		-0.958028
5.32		-0.0826649		-0.945113
5.33		-0.0919702		-0.930531
5.34		-0.101113		-0.914308
5.35		-0.110078		-0.896471
5.36		-0.118849		-0.877054
5.37		-0.127409		-0.856089
5.38		-0.135746		-0.833614
5.39		-0.143842		-0.809668
5.4		-0.151685		-0.784294
5.41		-0.159261		-0.757537
5.42		-0.166555		-0.729444
5.43		-0.173556		-0.700063
5.44		-0.18025		-0.669448
5.45		-0.186627		-0.637652
5.46		-0.192674		-0.604731
5.47		-0.198381		-0.570743
5.48		-0.203739		-0.535749
5.49		-0.208737		-0.499809
5.5		-0.213367		-0.462988
5.51		-0.21762		-0.42535
5.52		-0.22149		-0.386962
5.53		-0.224969		-0.347891
5.54		-0.228051		-0.308207
5.55		-0.230731		-0.267978
5.56		-0.233003		-0.227278
5.57		-0.234865		-0.186176
5.58		-0.236313		-0.144746
5.59		-0.237343		-0.10306
5.6		-0.237955		-0.0611926
5.61		-0.238147		-0.0192174
5.62		-0.237919		0.0227918
5.63		-0.237272		0.0647608
5.64		-0.236206		0.106616
5.65		-0.234723		0.148282
5.66		-0.232826		0.189687
5.67		-0.230518		0.230758
5.68		-0.227804		0.271421
5.69		-0.224688		0.311606
5.7		-0.221176		0.351241
5.71		-0.217273		0.390256
5.72		-0.212987		0.428583
5.73		-0.208326		0.466154
5.74		-0.203297		0.502903
5.75		-0.197909		0.538765
5.76		-0.192172		0.573676
5.77		-0.186097		0.607575
5.78		-0.179693		0.640402
5.79		-0.172972		0.6721
5.8		-0.165945		0.702612
5.81		-0.158627		0.731885
5.82		-0.151028		0.759867
5.83		-0.143163		0.786508
5.84		-0.135045		0.811762
5.85		-0.126689		0.835584
5.86		-0.11811		0.857932
5.87		-0.109322		0.878767
5.88		-0.100342		0.898051
5.89		-0.0911844		0.915752
5.9		-0.081866		0.931836
5.91		-0.0724032		0.946278
5.92		-0.0628127		0.95905
5.93		-0.0531114		0.97013
5.94		-0.0433165		0.979499
5.95		-0.0334451		0.98714
5.96		-0.0235147		0.993039
5.97		-0.0135428		0.997187
5.98		-0.00354704		0.999576
5.99		0.00645498		1.0002
6		0.0164456		0.999063
6.01		0.0264072		0.996162
6.02		0.0363223		0.991504
6.03		0.0461732		0.985097
6.04		0.0559428		0.976952
6.05		0.0656136		0.967084
6.06		0.0751687		0.955509
6.07		0.0845912		0.94225
6.08		0.0938645		0.927328
6.09		0.102972		0.91077
6.1		0.111898		0.892606
6.11		0.120627		0.872867
6.12		0.129143		0.851588
6.13		0.137431		0.828807
6.14		0.145476		0.804565
6.15		0.153266		0.778903
6.16		0.160784		0.751867
6.17		0.168019		0.723504
6.18		0.174958		0.693866
6.19		0.181588		0.663003
6.2		0.187898		0.630971
6.21		0.193876		0.597826
6.22		0.199512		0.563626
6.23		0.204796		0.528432
6.24		0.20972		0.492306
6.25		0.214273		0.455312
6.26		0.218448		0.417514
6.27		0.222238		0.37898
6.28		0.225635		0.339777
6.29		0.228635		0.299975
6.3		0.231232		0.259644
6.31		0.23342		0.218854
6.32		0.235197		0.177679
6.33		0.236559		0.13619
6.34		0.237503		0.0944614
6.35		0.238029		0.0525658
6.36		0.238135		0.0105775
6.37		0.237821		-0.0314295
6.38		0.237087		-0.073381
6.39		0.235935		-0.115203
6.4		0.234366		-0.156822
6.41		0.232385		-0.198164
6.42		0.229993		-0.239157
6.43		0.227196		-0.279728
6.44		0.223998		-0.319805
6.45		0.220405		-0.359318
6.46		0.216423		-0.398198
6.47		0.212059		-0.436375
6.48		0.207321		-0.473782
6.49		0.202218		-0.510353
6.5		0.196757		-0.546025
6.51		0.19095		-0.580733
6.52		0.184806		-0.614416
6.53		0.178336		-0.647016
6.54		0.171551		-0.678474
6.55		0.164464		-0.708736
6.56		0.157086		-0.737747
6.57		0.149432		-0.765457
6.58		0.141513		-0.791817
6.59		0.133346		-0.81678
6.6		0.124943		-0.840302
6.61		0.116319		-0.862342
6.62		0.107491		-0.882861
6.63		0.0984724		-0.901822
6.64		0.0892804		-0.919193
6.65		0.079931		-0.934942
6.66		0.0704406		-0.949042
6.67		0.0608259		-0.961467
6.68		0.051104		-0.972197
6.69		0.0412919		-0.981212
6.7		0.0314069		-0.988496
6.71		0.0214665		-0.994036
6.72		0.0114883		-0.997822
6.73		0.00148982		-0.999849
6.74		-0.0085113		-1.00011
6.75		-0.0184974		-0.99861
6.76		-0.0284509		-0.995348
6.77		-0.0383542		-0.990329
6.78		-0.0481898		-0.983563
6.79		-0.0579404		-0.975062
6.8		-0.0675888		-0.964842
6.81		-0.077118		-0.952919
6.82		-0.0865112		-0.939315
6.83		-0.0957517		-0.924055
6.84		-0.104823		-0.907164
6.85		-0.11371		-0.888673
6.86		-0.122396		-0.868615
6.87		-0.130866		-0.847024
6.88		-0.139106		-0.823939
6.89		-0.1471		-0.799401
6.9		-0.154834		-0.773453
6.91		-0.162296		-0.74614
6.92		-0.169471		-0.717511
6.93		-0.176347		-0.687616
6.94		-0.182912		-0.656509
6.95		-0.189155		-0.624243
6.96		-0.195063		-0.590876
6.97		-0.200628		-0.556467
6.98		-0.205839		-0.521076
6.99		-0.210686		-0.484766
7		-0.215162		-0.447601
7.01		-0.219259		-0.409646
7.02		-0.222969		-0.370969
7.03		-0.226285		-0.331637
7.04		-0.229202		-0.291721
7.05		-0.231715		-0.251289
7.06		-0.233819		-0.210415
7.07		-0.235511		-0.169169
7.08		-0.236787		-0.127625
7.09		-0.237646		-0.0858558
7.1		-0.238085		-0.0439351
7.11		-0.238104		-0.00193689
7.12		-0.237704		0.0400647
7.13		-0.236884		0.0819957
7.14		-0.235646		0.123782
7.15		-0.233993		0.16535
7.16		-0.231926		0.206626
7.17		-0.229451		0.247538
7.18		-0.226571		0.288013
7.19		-0.223291		0.32798
7.2		-0.219617		0.367369
7.21		-0.215556		0.406109
7.22		-0.211115		0.444133
7.23		-0.206301		0.481374
7.24		-0.201123		0.517766
7.25		-0.195591		0.553244
7.26		-0.189714		0.587746
7.27		-0.183501		0.621212
7.28		-0.176966		0.653581
7.29		-0.170118		0.684798
7.3		-0.16297		0.714807
7.31		-0.155534		0.743554
7.32		-0.147824		0.770991
7.33		-0.139853		0.797067
7.34		-0.131636		0.821737
7.35		-0.123187		0.844958
7.36		-0.11452		0.866688
7.37		-0.105651		0.886889
7.38		-0.0965955		0.905526
7.39		-0.0873698		0.922565
7.4		-0.0779901		0.937977
7.41		-0.0684727		0.951735
7.42		-0.0588346		0.963813
7.43		-0.0490927		0.974192
7.44		-0.0392642		0.982852
7.45		-0.0293664		0.989778
7.46		-0.0194168		0.994958
7.47		-0.00943297		0.998383
7.48		0.000567505		1.00005
7.49		0.010567		0.999947
7.5		0.0205478		0.998083
7.51		0.0304924		0.994458
7.52		0.0403832		0.98908
7.53		0.0502027		0.981956
7.54		0.0599338		0.9731
7.55		0.069559		0.962528
7.56		0.0790616		0.950258
7.57		0.0884247		0.936311
7.58		0.0976319		0.920713
7.59		0.106667		0.903491
7.6		0.115514		0.884675
7.61		0.124156		0.864298
7.62		0.13258		0.842397
7.63		0.140771		0.81901
7.64		0.148712		0.794178
7.65		0.156392		0.767945
7.66		0.163795		0.740358
7.67		0.17091		0.711464
7.68		0.177723		0.681316
7.69		0.184223		0.649965
7.7		0.190397		0.617468
7.71		0.196236		0.583882
7.72		0.201729		0.549266
7.73		0.206866		0.513681
7.74		0.211638		0.47719
7.75		0.216036		0.439857
7.76		0.220054		0.401748
7.77		0.223683		0.362931
7.78		0.226918		0.323473
7.79		0.229752		0.283445
7.8		0.232181		0.242917
7.81		0.234201		0.20196
7.82		0.235807		0.160647
7.83		0.236998		0.11905
7.84		0.23777		0.0772438
7.85		0.238123		0.0353011
7.86		0.238056		-0.00670389
7.87		0.237569		-0.048697
7.88		0.236663		-0.0906043
7.89		0.23534		-0.132352
7.9		0.233601		-0.173866
7.91		0.23145		-0.215073
7.92		0.228891		-0.255901
7.93		0.225929		-0.296277
7.94		0.222567		-0.336131
7.95		0.218813		-0.375392
7.96		0.214674		-0.413991
7.97		0.210155		-0.451859
7.98		0.205266		-0.48893
7.99		0.200014		-0.525139
8		0.19441		-0.560422
8.01		0.188463		-0.594716
8.02		0.182183		-0.62796
8.03		0.175582		-0.660098
8.04		0.168672		-0.69107
8.05		0.161463		-0.720824
8.06		0.15397		-0.749306
8.07		0.146206		-0.776467
8.08		0.138183		-0.802257
8.09		0.129917		-0.826633
8.1		0.121421		-0.84955
8.11		0.112712		-0.870969
8.12		0.103803		-0.890851
8.13		0.0947114		-0.909162
8.14		0.0854527		-0.925869
8.15		0.0760433		-0.940943
8.16		0.0664997		-0.954357
8.17		0.0568389		-0.966087
8.18		0.0470777		-0.976114
8.19		0.0372335		-0.984418
8.2		0.0273237		-0.990986
8.21		0.0173656		-0.995806
8.22		0.00737692		-0.998869
8.23		-0.00262479		-1.00017
8.24		-0.0126219		-0.999708
8.25		-0.0225967		-0.997481
8.26		-0.0325316		-0.993495
8.27		-0.0424092		-0.987757
8.28		-0.052212		-0.980276
8.29		-0.0619226		-0.971065
8.3		-0.071524		-0.960142
8.31		-0.0809993		-0.947525
8.32		-0.0903317		-0.933237
8.33		-0.0995047		-0.917303
8.34		-0.108502		-0.89975
8.35		-0.117308		-0.88061
8.36		-0.125907		-0.859917
8.37		-0.134285		-0.837707
8.38		-0.142425		-0.814019
8.39		-0.150314		-0.788895
8.4		-0.157937		-0.76238
8.41		-0.165283		-0.73452
8.42		-0.172336		-0.705364
8.43		-0.179086		-0.674964
8.44		-0.18552		-0.643373
8.45		-0.191626		-0.610648
8.46		-0.197395		-0.576845
8.47		-0.202815		-0.542024
8.48		-0.207877		-0.506248
8.49		-0.212573		-0.469578
8.5		-0.216894		-0.43208
8.51		-0.220832		-0.39382
8.52		-0.224381		-0.354865
8.53		-0.227534		-0.315285
8.54		-0.230285		-0.275148
8.55		-0.23263		-0.234525
8.56		-0.234565		-0.193489
8.57		-0.236086		-0.152112
8.58		-0.237191		-0.110466
8.59		-0.237877		-0.068626
8.6		-0.238144		-0.0266644
8.61		-0.23799		0.0153442
8.62		-0.237417		0.0573257
8.63		-0.236425		0.0992061
8.64		-0.235016		0.140911
8.65		-0.233192		0.182368
8.66		-0.230957		0.223503
8.67		-0.228315		0.264244
8.68		-0.22527		0.304519
8.69		-0.221827		0.344257
8.7		-0.217993		0.383387
8.71		-0.213775		0.421841
8.72		-0.209179		0.459551
8.73		-0.204215		0.49645
8.74		-0.19889		0.532474
8.75		-0.193215		0.567558
8.76		-0.187198		0.601641
8.77		-0.180852		0.634663
8.78		-0.174186		0.666565
8.79		-0.167213		0.697291
8.8		-0.159945		0.726788
8.81		-0.152395		0.755002
8.82		-0.144576		0.781884
8.83		-0.136502		0.807388
8.84		-0.128188		0.831467
8.85		-0.119647		0.854079
8.86		-0.110895		0.875185
8.87		-0.101948		0.894747
8.88		-0.0928203		0.91273
8.89		-0.0835292		0.929104
8.9		-0.0740908		0.943838
8.91		-0.0645218		0.956908
8.92		-0.0548389		0.968289
8.93		-0.0450592		0.977963
8.94		-0.0352001		0.985911
8.95		-0.0252789		0.992121
8.96		-0.0153131		0.99658
8.97		-0.00532032		0.999281
8.98		0.00468188		1.00022
8.99		0.0146758		0.999394
9		0.0246439		0.996805
9.01		0.0345684		0.992458
9.02		0.044432		0.98636
9.03		0.0542173		0.978522
9.04		0.0639068		0.968958
9.05		0.0734837		0.957685
9.06		0.0829309		0.944722
9.07		0.0922319		0.930093
9.08		0.10137		0.913824
9.09		0.11033		0.895942
9.1		0.119094		0.87648
9.11		0.127649		0.855472
9.12		0.135979		0.832954
9.13		0.144068		0.808968
9.14		0.151904		0.783554
9.15		0.159471		0.756758
9.16		0.166758		0.728628
9.17		0.17375		0.699212
9.18		0.180435		0.668562
9.19		0.186803		0.636733
9.2		0.192841		0.603781
9.21		0.198538		0.569764
9.22		0.203886		0.534742
9.23		0.208873		0.498777
9.24		0.213493		0.461931
9.25		0.217735		0.424271
9.26		0.221594		0.385863
9.27		0.225062		0.346774
9.28		0.228132		0.307073
9.29		0.230801		0.26683
9.3		0.233062		0.226117
9.31		0.234912		0.185005
9.32		0.236348		0.143566
9.33		0.237366		0.101875
9.34		0.237966		0.0600031
9.35		0.238147		0.0180258
9.36		0.237907		-0.0239833
9.37		0.237247		-0.0659501
9.38		0.236169		-0.1078
9.39		0.234675		-0.149461
9.4		0.232766		-0.190857
9.41		0.230447		-0.231917
9.42		0.227721		-0.272568
9.43		0.224594		-0.312738
9.44		0.22107		-0.352357
9.45		0.217157		-0.391353
9.46		0.21286		-0.42966
9.47		0.208188		-0.467208
9.48		0.203149		-0.503933
9.49		0.197751		-0.539768
9.5		0.192005		-0.574652
9.51		0.185919		-0.608521
9.52		0.179506		-0.641317
9.53		0.172776		-0.672982
9.54		0.165742		-0.70346
9.55		0.158415		-0.732697
9.56		0.150808		-0.760641
9.57		0.142936		-0.787244
9.58		0.134811		-0.812458
9.59		0.126449		-0.836239
9.6		0.117864		-0.858544
9.61		0.10907		-0.879335
9.62		0.100084		-0.898575
9.63		0.0909222		-0.91623
9.64		0.0815995		-0.932269
9.65		0.0721329		-0.946663
9.66		0.062539		-0.959387
9.67		0.0528348		-0.970419
9.68		0.0430374		-0.979739
9.69		0.0331641		-0.987331
9.7		0.0232323		-0.993181
9.71		0.0132595		-0.997279
9.72		0.00326332		-0.999618
9.73		-0.00673862		-1.00019
9.74		-0.0167287		-0.999005
9.75		-0.0266892		-0.996054
9.76		-0.0366027		-0.991346
9.77		-0.0464516		-0.98489
9.78		-0.0562185		-0.976696
9.79		-0.0658863		-0.966779
9.8		-0.0754379		-0.955156
9.81		-0.0848564		-0.941849
9.82		-0.0941252		-0.92688
9.83		-0.103228		-0.910277
9.84		-0.112149		-0.892067
9.85		-0.120871		-0.872284
9.86		-0.129381		-0.850963
9.87		-0.137662		-0.82814
9.88		-0.145701		-0.803856
9.89		-0.153483		-0.778154
9.9		-0.160993		-0.75108
9.91		-0.16822		-0.722681
9.92		-0.17515		-0.693007
9.93		-0.181771		-0.66211
9.94		-0.188072		-0.630046
9.95		-0.194041		-0.59687
9.96		-0.199667		-0.562641
9.97		-0.204941		-0.52742
9.98		-0.209854		-0.491268
9.99		-0.214396		-0.45425
10		-0.218561		-0.416431
