Time		Position		Velocity
0		0		1
0.01		0.00999706		0.999118
0.02		0.0199765		0.996474
0.03		0.0299207		0.992072
0.04		0.0398121		0.985921
0.05		0.0496333		0.978031
0.06		0.059367		0.968416
0.07		0.0689959		0.957092
0.08		0.0785032		0.944081
0.09		0.087872		0.929405
0.1		0.0970858		0.913089
0.11		0.106128		0.895163
0.12		0.114984		0.875658
0.13		0.123636		0.854608
0.14		0.132071		0.832052
0.15		0.140273		0.808028
0.16		0.148227		0.782578
0.17		0.15592		0.755748
0.18		0.163337		0.727586
0.19		0.170467		0.69814
0.2		0.177296		0.667463
0.21		0.183812		0.635608
0.22		0.190004		0.602633
0.23		0.195861		0.568595
0.24		0.201373		0.533553
0.25		0.206529		0.497571
0.26		0.211321		0.460711
0.27		0.215741		0.423039
0.28		0.21978		0.38462
0.29		0.223431		0.345523
0.3		0.226688		0.305817
0.31		0.229546		0.265571
0.32		0.231998		0.224857
0.33		0.234041		0.183746
0.34		0.235672		0.142312
0.35		0.236887		0.100626
0.36		0.237684		0.0587625
0.37		0.238062		0.0167956
0.38		0.23802		-0.025201
0.39		0.237558		-0.0671531
0.4		0.236677		-0.108987
0.41		0.235379		-0.150628
0.42		0.233665		-0.192004
0.43		0.23154		-0.233041
0.44		0.229006		-0.273667
0.45		0.226068		-0.313811
0.46		0.222731		-0.3534
0.47		0.219002		-0.392367
0.48		0.214886		-0.430642
0.49		0.210392		-0.468157
0.5		0.205526		-0.504846
0.51		0.200298		-0.540645
0.52		0.194716		-0.57549
0.53		0.188791		-0.609321
0.54		0.182533		-0.642076
0.55		0.175954		-0.6737
0.56		0.169063		-0.704135
0.57		0.161875		-0.733328
0.58		0.154401		-0.761227
0.59		0.146655		-0.787784
0.6		0.13865		-0.812952
0.61		0.130401		-0.836686
0.62		0.121921		-0.858944
0.63		0.113227		-0.879687
0.64		0.104333		-0.898879
0.65		0.0952547		-0.916485
0.66		0.0860085		-0.932475
0.67		0.0766106		-0.94682
0.68		0.0670777		-0.959495
0.69		0.0574264		-0.970478
0.7		0.0476738		-0.979749
0.71		0.0378372		-0.987292
0.72		0.0279338		-0.993094
0.73		0.0179811		-0.997144
0.74		0.00799677		-0.999436
0.75		-0.00200171		-0.999965
0.76		-0.0119966		-0.99873
0.77		-0.0219704		-0.995733
0.78		-0.0319055		-0.990981
0.79		-0.0417842		-0.984481
0.8		-0.0515893		-0.976244
0.81		-0.0613034		-0.966285
0.82		-0.0709093		-0.954622
0.83		-0.0803902		-0.941276
0.84		-0.0897293		-0.926269
0.85		-0.0989101		-0.909629
0.86		-0.107917		-0.891384
0.87		-0.116733		-0.871567
0.88		-0.125343		-0.850213
0.89		-0.133732		-0.827359
0.9		-0.141885		-0.803046
0.91		-0.149788		-0.777317
0.92		-0.157427		-0.750216
0.93		-0.164788		-0.721793
0.94		-0.171858		-0.692096
0.95		-0.178626		-0.661179
0.96		-0.185078		-0.629096
0.97		-0.191204		-0.595903
0.98		-0.196993		-0.561659
0.99		-0.202434		-0.526424
1		-0.207518		-0.490261
1.01		-0.212236		-0.453233
1.02		-0.21658		-0.415406
1.03		-0.220542		-0.376846
1.04		-0.224115		-0.337622
1.05		-0.227292		-0.297802
1.06		-0.230069		-0.257457
1.07		-0.23244		-0.216657
1.08		-0.234401		-0.175476
1.09		-0.235948		-0.133985
1.1		-0.23708		-0.0922577
1.11		-0.237793		-0.0503678
1.12		-0.238087		-0.008389
1.13		-0.237961		0.0336046
1.14		-0.237415		0.0755389
1.15		-0.23645		0.11734
1.16		-0.235069		0.158934
1.17		-0.233273		0.200248
1.18		-0.231065		0.241208
1.19		-0.22845		0.281744
1.2		-0.225432		0.321782
1.21		-0.222016		0.361253
1.22		-0.218209		0.400086
1.23		-0.214017		0.438214
1.24		-0.209447		0.475569
1.25		-0.204508		0.512085
1.26		-0.199209		0.547698
1.27		-0.193557		0.582345
1.28		-0.187565		0.615965
1.29		-0.181242		0.648499
1.3		-0.174599		0.679889
1.31		-0.167648		0.710079
1.32		-0.160401		0.739018
1.33		-0.152872		0.766652
1.34		-0.145073		0.792935
1.35		-0.137018		0.817819
1.36		-0.128721		0.841261
1.37		-0.120198		0.863219
1.38		-0.111462		0.883654
1.39		-0.10253		0.902531
1.4		-0.0934168		0.919816
1.41		-0.0841389		0.935479
1.42		-0.0747127		0.949491
1.43		-0.0651547		0.961829
1.44		-0.0554817		0.972471
1.45		-0.045711		0.981398
1.46		-0.0358596		0.988593
1.47		-0.0259449		0.994045
1.48		-0.0159845		0.997744
1.49		-0.00599591		0.999683
1.5		0.00400327		0.999859
1.51		0.0139954		0.998271
1.52		0.0239628		0.994923
1.53		0.033888		0.989819
1.54		0.0437534		0.98297
1.55		0.0535416		0.974388
1.56		0.0632354		0.964086
1.57		0.0728177		0.952085
1.58		0.0822715		0.938404
1.59		0.0915802		0.923068
1.6		0.100727		0.906104
1.61		0.109697		0.887542
1.62		0.118473		0.867414
1.63		0.12704		0.845757
1.64		0.135383		0.822608
1.65		0.143487		0.798008
1.66		0.151339		0.772
1.67		0.158923		0.744631
1.68		0.166227		0.715949
1.69		0.173238		0.686003
1.7		0.179943		0.654848
1.71		0.186331		0.622538
1.72		0.19239		0.58913
1.73		0.19811		0.554683
1.74		0.20348		0.519257
1.75		0.208492		0.482916
1.76		0.213136		0.445723
1.77		0.217404		0.407744
1.78		0.221288		0.369046
1.79		0.224783		0.329696
1.8		0.22788		0.289766
1.81		0.230576		0.249324
1.82		0.232865		0.208442
1.83		0.234744		0.167193
1.84		0.236208		0.125649
1.85		0.237256		0.0838831
1.86		0.237885		0.0419695
1.87		0.238095		-1.81625e-05
1.88		0.237885		-0.0420058
1.89		0.237255		-0.0839193
1.9		0.236207		-0.125685
1.91		0.234742		-0.167229
1.92		0.232864		-0.208478
1.93		0.230574		-0.249359
1.94		0.227878		-0.2898
1.95		0.22478		-0.329731
1.96		0.221285		-0.369079
1.97		0.2174		-0.407777
1.98		0.213132		-0.445756
1.99		0.208488		-0.482948
2		0.203476		-0.519288
2.01		0.198105		-0.554713
2.02		0.192385		-0.589159
2.03		0.186325		-0.622567
2.04		0.179937		-0.654876
2.05		0.173232		-0.68603
2.06		0.166221		-0.715974
2.07		0.158917		-0.744655
2.08		0.151332		-0.772023
2.09		0.143481		-0.798029
2.1		0.135376		-0.822628
2.11		0.127033		-0.845776
2.12		0.118466		-0.867432
2.13		0.109689		-0.887558
2.14		0.10072		-0.906119
2.15		0.0915723		-0.923082
2.16		0.0822634		-0.938416
2.17		0.0728094		-0.952096
2.18		0.0632271		-0.964096
2.19		0.0535332		-0.974396
2.2		0.0437449		-0.982977
2.21		0.0338794		-0.989824
2.22		0.0239542		-0.994926
2.23		0.0139868		-0.998273
2.24		0.00399462		-0.999859
2.25		-0.00600455		-0.999682
2.26		-0.0159931		-0.997741
2.27		-0.0259535		-0.994041
2.28		-0.0358681		-0.988588
2.29		-0.0457195		-0.981391
2.3		-0.0554902		-0.972463
2.31		-0.065163		-0.961819
2.32		-0.0747209		-0.94948
2.33		-0.084147		-0.935466
2.34		-0.0934247		-0.919802
2.35		-0.102538		-0.902515
2.36		-0.11147		-0.883637
2.37		-0.120205		-0.8632
2.38		-0.128729		-0.841241
2.39		-0.137025		-0.817798
2.4		-0.14508		-0.792913
2.41		-0.152879		-0.766629
2.42		-0.160408		-0.738993
2.43		-0.167654		-0.710054
2.44		-0.174605		-0.679862
2.45		-0.181247		-0.648471
2.46		-0.18757		-0.615937
2.47		-0.193563		-0.582316
2.48		-0.199213		-0.547668
2.49		-0.204513		-0.512054
2.5		-0.209451		-0.475537
2.51		-0.214021		-0.438181
2.52		-0.218212		-0.400053
2.53		-0.222019		-0.361219
2.54		-0.225435		-0.321748
2.55		-0.228452		-0.281709
2.56		-0.231067		-0.241173
2.57		-0.233274		-0.200212
2.58		-0.23507		-0.158898
2.59		-0.236451		-0.117304
2.6		-0.237416		-0.0755026
2.61		-0.237961		-0.0335683
2.62		-0.238087		0.00842533
2.63		-0.237793		0.0504041
2.64		-0.237079		0.0922939
2.65		-0.235947		0.134021
2.66		-0.234399		0.175512
2.67		-0.232438		0.216693
2.68		-0.230067		0.257492
2.69		-0.22729		0.297836
2.7		-0.224112		0.337656
2.71		-0.220539		0.37688
2.72		-0.216576		0.415439
2.73		-0.212232		0.453266
2.74		-0.207514		0.490293
2.75		-0.202429		0.526455
2.76		-0.196988		0.561689
2.77		-0.191199		0.595932
2.78		-0.185073		0.629124
2.79		-0.17862		0.661206
2.8		-0.171852		0.692122
2.81		-0.164782		0.721818
2.82		-0.15742		0.75024
2.83		-0.149781		0.777339
2.84		-0.141878		0.803068
2.85		-0.133725		0.827379
2.86		-0.125335		0.850232
2.87		-0.116725		0.871585
2.88		-0.107909		0.8914
2.89		-0.0989023		0.909644
2.9		-0.0897213		0.926283
2.91		-0.080382		0.941288
2.92		-0.070901		0.954633
2.93		-0.061295		0.966295
2.94		-0.0515808		0.976252
2.95		-0.0417757		0.984487
2.96		-0.0318969		0.990986
2.97		-0.0219618		0.995737
2.98		-0.011988		0.998732
2.99		-0.00199306		0.999965
3		0.00800541		0.999435
3.01		0.0179898		0.997141
3.02		0.0279424		0.99309
3.03		0.0378457		0.987286
3.04		0.0476823		0.979742
3.05		0.0574348		0.970469
3.06		0.067086		0.959485
3.07		0.0766188		0.946808
3.08		0.0860166		0.932461
3.09		0.0952626		0.91647
3.1		0.104341		0.898863
3.11		0.113235		0.87967
3.12		0.121929		0.858925
3.13		0.130408		0.836666
3.14		0.138657		0.812931
3.15		0.146662		0.787762
3.16		0.154408		0.761204
3.17		0.161881		0.733303
3.18		0.16907		0.704109
3.19		0.175959		0.673673
3.2		0.182539		0.642049
3.21		0.188797		0.609292
3.22		0.194721		0.575461
3.23		0.200302		0.540614
3.24		0.20553		0.504815
3.25		0.210396		0.468125
3.26		0.21489		0.430609
3.27		0.219005		0.392334
3.28		0.222735		0.353366
3.29		0.226071		0.313776
3.3		0.229008		0.273632
3.31		0.231542		0.233006
3.32		0.233667		0.191968
3.33		0.23538		0.150592
3.34		0.236678		0.108951
3.35		0.237558		0.0671168
3.36		0.23802		0.0251646
3.37		0.238062		-0.0168319
3.38		0.237683		-0.0587988
3.39		0.236886		-0.100662
3.4		0.235671		-0.142348
3.41		0.23404		-0.183782
3.42		0.231996		-0.224892
3.43		0.229543		-0.265606
3.44		0.226686		-0.305852
3.45		0.223428		-0.345557
3.46		0.219776		-0.384654
3.47		0.215737		-0.423072
3.48		0.211317		-0.460743
3.49		0.206525		-0.497603
3.5		0.201368		-0.533584
3.51		0.195856		-0.568624
3.52		0.189999		-0.602662
3.53		0.183807		-0.635636
3.54		0.17729		-0.66749
3.55		0.170461		-0.698166
3.56		0.163331		-0.727611
3.57		0.155913		-0.755772
3.58		0.14822		-0.782601
3.59		0.140266		-0.808049
3.6		0.132064		-0.832072
3.61		0.123629		-0.854627
3.62		0.114976		-0.875675
3.63		0.106121		-0.895179
3.64		0.0970779		-0.913104
3.65		0.087864		-0.929418
3.66		0.078495		-0.944093
3.67		0.0689876		-0.957103
3.68		0.0593586		-0.968425
3.69		0.0496248		-0.978038
3.7		0.0398036		-0.985927
3.71		0.0299121		-0.992077
3.72		0.0199679		-0.996477
3.73		0.00998842		-0.99912
3.74		-8.64881e-06		-1
3.75		-0.0100057		-0.999117
3.76		-0.0199851		-0.996471
3.77		-0.0299293		-0.992068
3.78		-0.0398206		-0.985915
3.79		-0.0496418		-0.978023
3.8		-0.0593753		-0.968407
3.81		-0.0690042		-0.957082
3.82		-0.0785114		-0.944069
3.83		-0.08788		-0.929391
3.84		-0.0970937		-0.913074
3.85		-0.106136		-0.895147
3.86		-0.114991		-0.87564
3.87		-0.123644		-0.85459
3.88		-0.132078		-0.832032
3.89		-0.14028		-0.808006
3.9		-0.148234		-0.782556
3.91		-0.155926		-0.755725
3.92		-0.163344		-0.727561
3.93		-0.170473		-0.698114
3.94		-0.177302		-0.667436
3.95		-0.183818		-0.63558
3.96		-0.19001		-0.602604
3.97		-0.195866		-0.568565
3.98		-0.201378		-0.533523
3.99		-0.206534		-0.49754
4		-0.211325		-0.460679
4.01		-0.215745		-0.423006
4.02		-0.219783		-0.384587
4.03		-0.223434		-0.345489
4.04		-0.226691		-0.305782
4.05		-0.229548		-0.265536
4.06		-0.232		-0.224822
4.07		-0.234043		-0.183711
4.08		-0.235673		-0.142276
4.09		-0.236888		-0.10059
4.1		-0.237684		-0.0587262
4.11		-0.238062		-0.0167593
4.12		-0.238019		0.0252373
4.13		-0.237557		0.0671893
4.14		-0.236676		0.109023
4.15		-0.235377		0.150664
4.16		-0.233664		0.19204
4.17		-0.231538		0.233076
4.18		-0.229003		0.273702
4.19		-0.226065		0.313845
4.2		-0.222728		0.353434
4.21		-0.218999		0.3924
4.22		-0.214883		0.430674
4.23		-0.210388		0.468189
4.24		-0.205522		0.504877
4.25		-0.200293		0.540676
4.26		-0.194711		0.57552
4.27		-0.188786		0.60935
4.28		-0.182528		0.642104
4.29		-0.175948		0.673726
4.3		-0.169057		0.70416
4.31		-0.161869		0.733352
4.32		-0.154395		0.761251
4.33		-0.146648		0.787807
4.34		-0.138643		0.812973
4.35		-0.130394		0.836706
4.36		-0.121914		0.858962
4.37		-0.113219		0.879704
4.38		-0.104325		0.898894
4.39		-0.0952467		0.916499
4.4		-0.0860004		0.932488
4.41		-0.0766025		0.946831
4.42		-0.0670694		0.959505
4.43		-0.057418		0.970486
4.44		-0.0476653		0.979756
4.45		-0.0378286		0.987298
4.46		-0.0279252		0.993098
4.47		-0.0179725		0.997147
4.48		-0.00798812		0.999437
4.49		0.00201035		0.999964
4.5		0.0120053		0.998728
4.51		0.021979		0.99573
4.52		0.031914		0.990976
4.53		0.0417927		0.984474
4.54		0.0515977		0.976236
4.55		0.0613117		0.966276
4.56		0.0709176		0.954611
4.57		0.0803983		0.941263
4.58		0.0897373		0.926255
4.59		0.098918		0.909613
4.6		0.107924		0.891367
4.61		0.11674		0.871549
4.62		0.12535		0.850193
4.63		0.133739		0.827338
4.64		0.141892		0.803024
4.65		0.149795		0.777294
4.66		0.157433		0.750192
4.67		0.164794		0.721768
4.68		0.171864		0.69207
4.69		0.178631		0.661152
4.7		0.185084		0.629067
4.71		0.191209		0.595873
4.72		0.196997		0.561629
4.73		0.202438		0.526393
4.74		0.207522		0.490229
4.75		0.21224		0.453201
4.76		0.216584		0.415373
4.77		0.220545		0.376813
4.78		0.224118		0.337588
4.79		0.227295		0.297767
4.8		0.230071		0.257421
4.81		0.232442		0.216622
4.82		0.234402		0.17544
4.83		0.23595		0.133949
4.84		0.237081		0.0922215
4.85		0.237793		0.0503315
4.86		0.238087		0.00835268
4.87		0.23796		-0.0336409
4.88		0.237414		-0.0755751
4.89		0.236449		-0.117376
4.9		0.235067		-0.15897
4.91		0.233271		-0.200283
4.92		0.231063		-0.241244
4.93		0.228447		-0.281778
4.94		0.225429		-0.321816
4.95		0.222013		-0.361286
4.96		0.218205		-0.400119
4.97		0.214013		-0.438247
4.98		0.209443		-0.475601
4.99		0.204504		-0.512117
5		0.199204		-0.547729
5.01		0.193552		-0.582375
5.02		0.18756		-0.615994
5.03		0.181236		-0.648527
5.04		0.174593		-0.679915
5.05		0.167642		-0.710105
5.06		0.160395		-0.739042
5.07		0.152865		-0.766676
5.08		0.145066		-0.792957
5.09		0.137011		-0.81784
5.1		0.128714		-0.84128
5.11		0.12019		-0.863237
5.12		0.111454		-0.883671
5.13		0.102522		-0.902546
5.14		0.0934088		-0.91983
5.15		0.0841308		-0.935491
5.16		0.0747045		-0.949503
5.17		0.0651464		-0.961839
5.18		0.0554733		-0.97248
5.19		0.0457025		-0.981405
5.2		0.035851		-0.988599
5.21		0.0259363		-0.994049
5.22		0.0159759		-0.997746
5.23		0.00598726		-0.999684
5.24		-0.00401192		-0.999858
5.25		-0.014004		-0.998269
5.26		-0.0239714		-0.994919
5.27		-0.0338965		-0.989814
5.28		-0.0437619		-0.982964
5.29		-0.05355		-0.974379
5.3		-0.0632437		-0.964077
5.31		-0.0728259		-0.952074
5.32		-0.0822796		-0.938391
5.33		-0.0915882		-0.923054
5.34		-0.100735		-0.906089
5.35		-0.109705		-0.887525
5.36		-0.118481		-0.867396
5.37		-0.127047		-0.845737
5.38		-0.13539		-0.822587
5.39		-0.143494		-0.797986
5.4		-0.151345		-0.771977
5.41		-0.158929		-0.744607
5.42		-0.166233		-0.715923
5.43		-0.173244		-0.685977
5.44		-0.179949		-0.654821
5.45		-0.186336		-0.62251
5.46		-0.192395		-0.589101
5.47		-0.198115		-0.554653
5.48		-0.203485		-0.519226
5.49		-0.208496		-0.482884
5.5		-0.21314		-0.445691
5.51		-0.217407		-0.407711
5.52		-0.221292		-0.369012
5.53		-0.224785		-0.329662
5.54		-0.227883		-0.289731
5.55		-0.230578		-0.249289
5.56		-0.232867		-0.208407
5.57		-0.234745		-0.167157
5.58		-0.236209		-0.125613
5.59		-0.237257		-0.083847
5.6		-0.237886		-0.0419332
5.61		-0.238095		5.44875e-05
5.62		-0.237885		0.0420421
5.63		-0.237255		0.0839555
5.64		-0.236206		0.125721
5.65		-0.234741		0.167265
5.66		-0.232862		0.208513
5.67		-0.230572		0.249394
5.68		-0.227875		0.289835
5.69		-0.224777		0.329765
5.7		-0.221282		0.369113
5.71		-0.217397		0.40781
5.72		-0.213128		0.445788
5.73		-0.208484		0.48298
5.74		-0.203471		0.519319
5.75		-0.1981		0.554743
5.76		-0.19238		0.589189
5.77		-0.18632		0.622595
5.78		-0.179932		0.654903
5.79		-0.173226		0.686056
5.8		-0.166215		0.715999
5.81		-0.15891		0.744679
5.82		-0.151325		0.772046
5.83		-0.143474		0.798051
5.84		-0.135369		0.822649
5.85		-0.127026		0.845795
5.86		-0.118458		0.86745
5.87		-0.109682		0.887575
5.88		-0.100712		0.906135
5.89		-0.0915643		0.923096
5.9		-0.0822553		0.938429
5.91		-0.0728012		0.952107
5.92		-0.0632187		0.964106
5.93		-0.0535248		0.974404
5.94		-0.0437364		0.982984
5.95		-0.0338709		0.98983
5.96		-0.0239456		0.99493
5.97		-0.0139781		0.998275
5.98		-0.00398598		0.99986
5.99		0.0060132		0.999681
6		0.0160018		0.997739
6.01		0.0259621		0.994037
6.02		0.0358767		0.988582
6.03		0.0457279		0.981384
6.04		0.0554986		0.972454
6.05		0.0651713		0.96181
6.06		0.0747291		0.949469
6.07		0.0841551		0.935453
6.08		0.0934327		0.919787
6.09		0.102545		0.9025
6.1		0.111477		0.88362
6.11		0.120213		0.863182
6.12		0.128736		0.841221
6.13		0.137032		0.817777
6.14		0.145087		0.792891
6.15		0.152885		0.766606
6.16		0.160414		0.738969
6.17		0.16766		0.710028
6.18		0.174611		0.679835
6.19		0.181253		0.648444
6.2		0.187576		0.615908
6.21		0.193568		0.582286
6.22		0.199218		0.547638
6.23		0.204517		0.512023
6.24		0.209455		0.475505
6.25		0.214024		0.438149
6.26		0.218216		0.40002
6.27		0.222022		0.361185
6.28		0.225437		0.321713
6.29		0.228455		0.281674
6.3		0.231069		0.241138
6.31		0.233276		0.200177
6.32		0.235072		0.158862
6.33		0.236452		0.117268
6.34		0.237416		0.0754664
6.35		0.237961		0.033532
6.36		0.238087		-0.00846165
6.37		0.237792		-0.0504403
6.38		0.237078		-0.0923301
6.39		0.235946		-0.134057
6.4		0.234398		-0.175547
6.41		0.232436		-0.216728
6.42		0.230065		-0.257527
6.43		0.227287		-0.297871
6.44		0.224109		-0.33769
6.45		0.220535		-0.376913
6.46		0.216573		-0.415472
6.47		0.212228		-0.453298
6.48		0.20751		-0.490324
6.49		0.202425		-0.526486
6.5		0.196983		-0.561719
6.51		0.191194		-0.595961
6.52		0.185067		-0.629152
6.53		0.178614		-0.661233
6.54		0.171846		-0.692149
6.55		0.164775		-0.721843
6.56		0.157414		-0.750264
6.57		0.149775		-0.777362
6.58		0.141871		-0.803089
6.59		0.133717		-0.8274
6.6		0.125328		-0.850251
6.61		0.116717		-0.871602
6.62		0.107901		-0.891417
6.63		0.0988944		-0.909659
6.64		0.0897133		-0.926296
6.65		0.0803739		-0.9413
6.66		0.0708928		-0.954644
6.67		0.0612866		-0.966304
6.68		0.0515724		-0.97626
6.69		0.0417672		-0.984493
6.7		0.0318883		-0.990991
6.71		0.0219532		-0.99574
6.72		0.0119794		-0.998733
6.73		0.00198441		-0.999965
6.74		-0.00801405		-0.999433
6.75		-0.0179984		-0.997139
6.76		-0.027951		-0.993085
6.77		-0.0378542		-0.987281
6.78		-0.0476908		-0.979734
6.79		-0.0574432		-0.97046
6.8		-0.0670943		-0.959474
6.81		-0.076627		-0.946796
6.82		-0.0860246		-0.932448
6.83		-0.0952705		-0.916456
6.84		-0.104348		-0.898847
6.85		-0.113242		-0.879652
6.86		-0.121936		-0.858907
6.87		-0.130415		-0.836646
6.88		-0.138664		-0.81291
6.89		-0.146669		-0.78774
6.9		-0.154414		-0.76118
6.91		-0.161888		-0.733278
6.92		-0.169076		-0.704083
6.93		-0.175965		-0.673646
6.94		-0.182545		-0.642021
6.95		-0.188802		-0.609263
6.96		-0.194726		-0.575431
6.97		-0.200307		-0.540584
6.98		-0.205535		-0.504783
6.99		-0.2104		-0.468093
7		-0.214894		-0.430576
7.01		-0.219009		-0.3923
7.02		-0.222738		-0.353332
7.03		-0.226073		-0.313742
7.04		-0.229011		-0.273597
7.05		-0.231544		-0.23297
7.06		-0.233669		-0.191933
7.07		-0.235381		-0.150556
7.08		-0.236679		-0.108914
7.09		-0.237559		-0.0670806
7.1		-0.23802		-0.0251283
7.11		-0.238061		0.0168682
7.12		-0.237683		0.058835
7.13		-0.236885		0.100698
7.14		-0.235669		0.142383
7.15		-0.234038		0.183818
7.16		-0.231994		0.224928
7.17		-0.229541		0.265641
7.18		-0.226683		0.305886
7.19		-0.223425		0.345591
7.2		-0.219773		0.384687
7.21		-0.215734		0.423105
7.22		-0.211313		0.460776
7.23		-0.206521		0.497634
7.24		-0.201364		0.533615
7.25		-0.195852		0.568654
7.26		-0.189994		0.602691
7.27		-0.183801		0.635664
7.28		-0.177284		0.667517
7.29		-0.170455		0.698192
7.3		-0.163325		0.727636
7.31		-0.155906		0.755796
7.32		-0.148213		0.782623
7.33		-0.140259		0.80807
7.34		-0.132057		0.832092
7.35		-0.123622		0.854646
7.36		-0.114969		0.875693
7.37		-0.106113		0.895195
7.38		-0.09707		0.913119
7.39		-0.0878559		0.929431
7.4		-0.0784869		0.944105
7.41		-0.0689794		0.957113
7.42		-0.0593502		0.968434
7.43		-0.0496164		0.978046
7.44		-0.039795		0.985933
7.45		-0.0299035		0.992082
7.46		-0.0199593		0.99648
7.47		-0.00997978		0.999121
7.48		1.72976e-05		1
7.49		0.0100143		0.999115
7.5		0.0199937		0.996468
7.51		0.0299378		0.992063
7.52		0.0398292		0.985909
7.53		0.0496502		0.978016
7.54		0.0593837		0.968398
7.55		0.0690125		0.957071
7.56		0.0785195		0.944057
7.57		0.0878881		0.929378
7.58		0.0971016		0.913059
7.59		0.106144		0.89513
7.6		0.114999		0.875623
7.61		0.123651		0.854571
7.62		0.132085		0.832011
7.63		0.140287		0.807985
7.64		0.14824		0.782533
7.65		0.155933		0.755701
7.66		0.16335		0.727536
7.67		0.170479		0.698088
7.68		0.177308		0.667409
7.69		0.183823		0.635552
7.7		0.190015		0.602575
7.71		0.195871		0.568535
7.72		0.201382		0.533492
7.73		0.206538		0.497508
7.74		0.211329		0.460647
7.75		0.215748		0.422973
7.76		0.219786		0.384553
7.77		0.223437		0.345455
7.78		0.226693		0.305748
7.79		0.22955		0.265501
7.8		0.232002		0.224786
7.81		0.234045		0.183675
7.82		0.235674		0.14224
7.83		0.236888		0.100553
7.84		0.237685		0.05869
7.85		0.238062		0.0167229
7.86		0.238019		-0.0252736
7.87		0.237557		-0.0672255
7.88		0.236675		-0.109059
7.89		0.235376		-0.1507
7.9		0.233662		-0.192075
7.91		0.231536		-0.233112
7.92		0.229001		-0.273737
7.93		0.226063		-0.313879
7.94		0.222725		-0.353468
7.95		0.218995		-0.392434
7.96		0.214879		-0.430707
7.97		0.210384		-0.468221
7.98		0.205517		-0.504909
7.99		0.200288		-0.540706
8		0.194706		-0.57555
8.01		0.188781		-0.609378
8.02		0.182522		-0.642132
8.03		0.175942		-0.673753
8.04		0.169051		-0.704186
8.05		0.161862		-0.733377
8.06		0.154388		-0.761274
8.07		0.146641		-0.787829
8.08		0.138636		-0.812994
8.09		0.130386		-0.836726
8.1		0.121907		-0.858981
8.11		0.113212		-0.879722
8.12		0.104317		-0.89891
8.13		0.0952388		-0.916514
8.14		0.0859924		-0.932501
8.15		0.0765943		-0.946843
8.16		0.0670611		-0.959515
8.17		0.0574096		-0.970495
8.18		0.0476569		-0.979763
8.19		0.0378201		-0.987304
8.2		0.0279166		-0.993102
8.21		0.0179639		-0.99715
8.22		0.00797948		-0.999438
8.23		-0.002019		-0.999964
8.24		-0.0120139		-0.998726
8.25		-0.0219877		-0.995727
8.26		-0.0319226		-0.990971
8.27		-0.0418012		-0.984468
8.28		-0.0516062		-0.976228
8.29		-0.0613201		-0.966266
8.3		-0.0709258		-0.954601
8.31		-0.0804065		-0.941251
8.32		-0.0897453		-0.926242
8.33		-0.0989259		-0.909598
8.34		-0.107932		-0.891351
8.35		-0.116748		-0.871531
8.36		-0.125357		-0.850174
8.37		-0.133746		-0.827318
8.38		-0.141899		-0.803003
8.39		-0.149801		-0.777271
8.4		-0.15744		-0.750168
8.41		-0.1648		-0.721742
8.42		-0.17187		-0.692044
8.43		-0.178637		-0.661124
8.44		-0.185089		-0.629039
8.45		-0.191214		-0.595844
8.46		-0.197002		-0.561598
8.47		-0.202443		-0.526362
8.48		-0.207527		-0.490198
8.49		-0.212244		-0.453168
8.5		-0.216587		-0.41534
8.51		-0.220548		-0.376779
8.52		-0.224121		-0.337553
8.53		-0.227297		-0.297732
8.54		-0.230073		-0.257386
8.55		-0.232444		-0.216586
8.56		-0.234404		-0.175404
8.57		-0.235951		-0.133913
8.58		-0.237081		-0.0921854
8.59		-0.237794		-0.0502952
8.6		-0.238087		-0.00831636
8.61		-0.23796		0.0336772
8.62		-0.237414		0.0756113
8.63		-0.236448		0.117412
8.64		-0.235066		0.159006
8.65		-0.233269		0.200319
8.66		-0.231061		0.241279
8.67		-0.228445		0.281813
8.68		-0.225426		0.321851
8.69		-0.22201		0.36132
8.7		-0.218202		0.400153
8.71		-0.214009		0.438279
8.72		-0.209439		0.475633
8.73		-0.204499		0.512148
8.74		-0.199199		0.547759
8.75		-0.193547		0.582405
8.76		-0.187554		0.616023
8.77		-0.181231		0.648554
8.78		-0.174587		0.679942
8.79		-0.167636		0.71013
8.8		-0.160389		0.739066
8.81		-0.152859		0.766699
8.82		-0.145059		0.792979
8.83		-0.137004		0.817861
8.84		-0.128707		0.8413
8.85		-0.120183		0.863255
8.86		-0.111447		0.883688
8.87		-0.102514		0.902562
8.88		-0.0934008		0.919844
8.89		-0.0841227		0.935504
8.9		-0.0746963		0.949514
8.91		-0.065138		0.961849
8.92		-0.0554649		0.972488
8.93		-0.045694		0.981412
8.94		-0.0358425		0.988604
8.95		-0.0259277		0.994053
8.96		-0.0159672		0.997749
8.97		-0.00597861		0.999685
8.98		0.00402057		0.999857
8.99		0.0140127		0.998267
9		0.02398		0.994915
9.01		0.0339051		0.989809
9.02		0.0437704		0.982957
9.03		0.0535585		0.974371
9.04		0.0632521		0.964067
9.05		0.0728341		0.952063
9.06		0.0822877		0.938379
9.07		0.0915962		0.92304
9.08		0.100743		0.906073
9.09		0.109712		0.887508
9.1		0.118488		0.867378
9.11		0.127055		0.845718
9.12		0.135397		0.822566
9.13		0.143501		0.797964
9.14		0.151352		0.771954
9.15		0.158936		0.744582
9.16		0.166239		0.715898
9.17		0.17325		0.68595
9.18		0.179954		0.654793
9.19		0.186342		0.622481
9.2		0.1924		0.589071
9.21		0.19812		0.554622
9.22		0.203489		0.519195
9.23		0.2085		0.482852
9.24		0.213144		0.445658
9.25		0.217411		0.407678
9.26		0.221295		0.368978
9.27		0.224788		0.329628
9.28		0.227885		0.289696
9.29		0.230581		0.249253
9.3		0.232869		0.208371
9.31		0.234747		0.167121
9.32		0.23621		0.125577
9.33		0.237258		0.0838108
9.34		0.237886		0.0418969
9.35		0.238095		-9.08125e-05
9.36		0.237884		-0.0420784
9.37		0.237254		-0.0839917
9.38		0.236205		-0.125757
9.39		0.23474		-0.1673
9.4		0.23286		-0.208549
9.41		0.23057		-0.249429
9.42		0.227873		-0.28987
9.43		0.224774		-0.329799
9.44		0.221279		-0.369147
9.45		0.217393		-0.407843
9.46		0.213124		-0.445821
9.47		0.20848		-0.483012
9.48		0.203467		-0.519351
9.49		0.198096		-0.554774
9.5		0.192375		-0.589218
9.51		0.186315		-0.622623
9.52		0.179926		-0.654931
9.53		0.17322		-0.686083
9.54		0.166208		-0.716025
9.55		0.158904		-0.744704
9.56		0.151319		-0.772069
9.57		0.143467		-0.798073
9.58		0.135362		-0.82267
9.59		0.127018		-0.845815
9.6		0.118451		-0.867468
9.61		0.109674		-0.887592
9.62		0.100704		-0.90615
9.63		0.0915563		-0.92311
9.64		0.0822472		-0.938442
9.65		0.072793		-0.952118
9.66		0.0632104		-0.964115
9.67		0.0535163		-0.974412
9.68		0.0437279		-0.98299
9.69		0.0338623		-0.989835
9.7		0.023937		-0.994933
9.71		0.0139695		-0.998277
9.72		0.00397733		-0.99986
9.73		-0.00602184		-0.99968
9.74		-0.0160104		-0.997737
9.75		-0.0259707		-0.994033
9.76		-0.0358852		-0.988577
9.77		-0.0457364		-0.981377
9.78		-0.055507		-0.972446
9.79		-0.0651796		-0.9618
9.8		-0.0747373		-0.949457
9.81		-0.0841632		-0.93544
9.82		-0.0934406		-0.919773
9.83		-0.102553		-0.902484
9.84		-0.111485		-0.883603
9.85		-0.12022		-0.863164
9.86		-0.128743		-0.841202
9.87		-0.137039		-0.817756
9.88		-0.145093		-0.792869
9.89		-0.152892		-0.766582
9.9		-0.160421		-0.738944
9.91		-0.167666		-0.710003
9.92		-0.174617		-0.679809
9.93		-0.181259		-0.648416
9.94		-0.187581		-0.61588
9.95		-0.193573		-0.582257
9.96		-0.199223		-0.547607
9.97		-0.204522		-0.511992
9.98		-0.20946		-0.475473
9.99		-0.214028		-0.438116
10		-0.218219		-0.399986
