Time		String-Length		Angular-Position
0.59104		1.91067
0.590523		1.90998
0.58949		1.9086
0.587942		1.90653
0.585882		1.90377
0.583313		1.90034
0.580237		1.89623
0.57666		1.89146
0.572585		1.88603
0.568019		1.87996
0.562967		1.87325
0.557436		1.86592
0.551434		1.85798
0.544967		1.84944
0.538044		1.84033
0.530674		1.83066
0.522866		1.82044
0.51463		1.8097
0.505976		1.79845
0.496915		1.78672
0.487457		1.77454
0.477615		1.76191
0.467399		1.74887
0.456822		1.73544
0.445896		1.72164
0.434634		1.70751
0.423049		1.69306
0.411152		1.67833
0.398958		1.66335
0.38648		1.64813
0.37373		1.63272
0.360723		1.61713
0.347471		1.6014
0.333988		1.58557
0.320286		1.56965
0.30638		1.55368
0.292281		1.53769
0.278003		1.52171
0.263558		1.50578
0.248958		1.48991
0.234216		1.47415
0.219342		1.45851
0.204348		1.44304
0.189245		1.42776
0.174044		1.4127
0.158754		1.39789
0.143386		1.38335
0.127948		1.36912
0.112449		1.35522
0.0968973		1.34168
0.0813009		1.32851
0.0656669		1.31576
0.0500022		1.30343
0.0343133		1.29155
0.0186061		1.28015
0.0028861		1.26924
-0.0128413		1.25885
-0.0285714		1.24898
-0.0442994		1.23966
-0.0600211		1.2309
-0.0757323		1.22272
-0.0914291		1.21512
-0.107107		1.20812
-0.122764		1.20174
-0.138394		1.19597
-0.153994		1.19082
-0.16956		1.1863
-0.185089		1.18242
-0.200574		1.17917
-0.216013		1.17656
-0.231399		1.17459
-0.246729		1.17326
-0.261995		1.17256
-0.277193		1.17249
-0.292316		1.17305
-0.307357		1.17422
-0.322308		1.17601
-0.337164		1.1784
-0.351914		1.18139
-0.366551		1.18496
-0.381067		1.1891
-0.39545		1.1938
-0.409693		1.19905
-0.423784		1.20484
-0.437713		1.21114
-0.45147		1.21794
-0.465043		1.22523
-0.47842		1.23299
-0.49159		1.2412
-0.50454		1.24984
-0.517258		1.25889
-0.529732		1.26834
-0.541949		1.27816
-0.553896		1.28834
-0.56556		1.29885
-0.576928		1.30967
-0.587986		1.32078
-0.598723		1.33215
-0.609123		1.34378
-0.619176		1.35562
-0.628867		1.36767
-0.638183		1.37989
-0.647113		1.39227
-0.655644		1.40478
-0.663762		1.41739
-0.671457		1.4301
-0.678717		1.44287
-0.68553		1.45567
-0.691885		1.4685
-0.697773		1.48132
-0.703181		1.49411
-0.708102		1.50685
-0.712524		1.51952
-0.716441		1.53209
-0.719843		1.54456
-0.722722		1.55688
-0.725072		1.56906
-0.726886		1.58105
-0.728158		1.59285
-0.728882		1.60444
-0.729053		1.61579
-0.728669		1.62689
-0.727724		1.63772
-0.726216		1.64827
-0.724144		1.65851
-0.721505		1.66844
-0.718299		1.67803
-0.714526		1.68728
-0.710186		1.69617
-0.70528		1.70468
-0.699812		1.71281
-0.693782		1.72054
-0.687195		1.72786
-0.680054		1.73477
-0.672365		1.74125
-0.664132		1.7473
-0.655362		1.75291
-0.64606		1.75807
-0.636236		1.76277
-0.625895		1.76702
-0.615047		1.7708
-0.603701		1.77412
-0.591866		1.77698
-0.579552		1.77936
-0.56677		1.78128
-0.553531		1.78272
-0.539848		1.7837
-0.52573		1.78422
-0.511192		1.78427
-0.496246		1.78386
-0.480906		1.783
-0.465184		1.78169
-0.449095		1.77994
-0.432654		1.77775
-0.415873		1.77513
-0.398769		1.77209
-0.381356		1.76864
-0.363649		1.76478
-0.345664		1.76054
-0.327415		1.75591
-0.308919		1.75091
-0.29019		1.74556
-0.271245		1.73985
-0.252098		1.73382
-0.232765		1.72747
-0.213263		1.72081
-0.193605		1.71386
-0.173809		1.70663
-0.153888		1.69914
-0.133858		1.6914
-0.113734		1.68343
-0.0935306		1.67524
-0.0732625		1.66685
-0.0529441		1.65828
-0.0325896		1.64953
-0.012213		1.64063
0.00817213		1.6316
0.0285521		1.62244
0.0489138		1.61317
0.0692441		1.60382
0.0895303		1.59438
0.10976		1.58489
0.129921		1.57535
0.15		1.56578
0.169987		1.55619
0.18987		1.5466
0.209637		1.53702
0.229278		1.52746
0.248781		1.51794
0.268135		1.50848
0.287331		1.49907
0.306358		1.48974
0.325205		1.48049
0.343863		1.47134
0.362321		1.4623
0.380571		1.45337
0.398602		1.44457
0.416405		1.43591
0.43397		1.42739
0.451288		1.41902
0.468351		1.41082
0.485148		1.40278
0.501671		1.39491
0.517911		1.38723
0.533859		1.37973
0.549506		1.37243
0.564843		1.36532
0.579863		1.35842
0.594555		1.35172
0.608913		1.34524
0.622926		1.33897
0.636588		1.33292
0.64989		1.32709
0.662824		1.32149
0.675381		1.31611
0.687555		1.31097
0.699337		1.30605
0.71072		1.30137
0.721696		1.29692
0.732259		1.29271
0.742401		1.28874
0.752116		1.285
0.761396		1.28151
0.770236		1.27825
0.778629		1.27523
0.786569		1.27245
0.794052		1.26991
0.80107		1.26761
0.807619		1.26555
0.813695		1.26373
0.819292		1.26215
0.824407		1.2608
0.829035		1.2597
0.833173		1.25882
0.836817		1.25819
0.839965		1.25779
0.842614		1.25762
0.844761		1.25769
0.846406		1.25798
0.847545		1.25851
0.848178		1.25927
0.848304		1.26025
0.847923		1.26147
0.847034		1.2629
0.845638		1.26456
0.843736		1.26645
0.841328		1.26855
0.838415		1.27087
0.835		1.27342
0.831084		1.27617
0.82667		1.27915
0.82176		1.28233
0.816358		1.28573
0.810466		1.28933
0.80409		1.29314
0.797231		1.29716
0.789896		1.30138
0.782088		1.3058
0.773812		1.31042
0.765074		1.31524
0.755878		1.32025
0.746231		1.32545
0.736138		1.33084
0.725606		1.33642
0.71464		1.34218
0.703247		1.34812
0.691435		1.35423
0.679209		1.36052
0.666577		1.36697
0.653547		1.37359
0.640125		1.38037
0.62632		1.38731
0.612139		1.3944
0.59759		1.40164
0.582681		1.40901
0.567421		1.41653
0.551818		1.42417
0.53588		1.43194
0.519617		1.43982
0.503036		1.44781
0.486149		1.45591
0.468962		1.46411
0.451487		1.47239
0.433732		1.48075
0.415708		1.48918
0.397424		1.49768
0.37889		1.50623
0.360117		1.51482
0.341116		1.52345
0.321897		1.5321
0.302471		1.54077
0.28285		1.54943
0.263045		1.55809
0.243068		1.56673
0.222931		1.57534
0.202647		1.5839
0.182226		1.5924
0.161684		1.60084
0.141032		1.6092
0.120284		1.61746
0.0994529		1.62562
0.0785533		1.63366
0.0575989		1.64156
0.036604		1.64932
0.0155831		1.65692
-0.00544918		1.66435
-0.0264778		1.67159
-0.0474876		1.67863
-0.0684633		1.68547
-0.0893895		1.69208
-0.110251		1.69845
-0.131031		1.70458
-0.151714		1.71044
-0.172284		1.71603
-0.192725		1.72134
-0.213022		1.72635
-0.233157		1.73105
-0.253115		1.73544
-0.272879		1.7395
-0.292433		1.74322
-0.311762		1.74659
-0.330848		1.7496
-0.349678		1.75225
-0.368233		1.75453
-0.3865		1.75643
-0.404462		1.75794
-0.422104		1.75906
-0.439412		1.75978
-0.45637		1.76009
-0.472964		1.76
-0.489181		1.7595
-0.505005		1.75858
-0.520425		1.75724
-0.535426		1.75549
-0.549997		1.75331
-0.564125		1.75072
-0.577798		1.74771
-0.591005		1.74427
-0.603735		1.74043
-0.615979		1.73617
-0.627726		1.73149
-0.638967		1.72642
-0.649694		1.72094
-0.659899		1.71506
-0.669574		1.7088
-0.678713		1.70216
-0.68731		1.69514
-0.695358		1.68775
-0.702854		1.68001
-0.709793		1.67192
-0.716172		1.6635
-0.721987		1.65475
-0.727237		1.64569
-0.731921		1.63633
-0.736036		1.62668
-0.739584		1.61676
-0.742565		1.60658
-0.74498		1.59615
-0.746832		1.5855
-0.748121		1.57463
-0.748853		1.56357
-0.74903		1.55232
-0.748658		1.54092
-0.747741		1.52937
-0.746286		1.5177
-0.744297		1.50592
-0.741784		1.49405
-0.738752		1.48211
-0.73521		1.47012
-0.731166		1.4581
-0.72663		1.44608
-0.721611		1.43406
-0.716118		1.42208
-0.710162		1.41015
-0.703754		1.3983
-0.696905		1.38653
-0.689626		1.37489
-0.681929		1.36338
-0.673825		1.35203
-0.665327		1.34086
-0.656447		1.32988
-0.647197		1.31913
-0.63759		1.30862
-0.627638		1.29838
-0.617354		1.28841
-0.606751		1.27875
-0.595841		1.26941
-0.584636		1.26042
-0.573149		1.25179
-0.561391		1.24354
-0.549376		1.23569
-0.537113		1.22826
-0.524616		1.22126
-0.511894		1.21472
-0.498959		1.20865
-0.485821		1.20306
-0.472489		1.19797
-0.458974		1.19341
-0.445285		1.18937
-0.43143		1.18587
-0.417417		1.18292
-0.403255		1.18055
-0.38895		1.17874
-0.37451		1.17753
-0.359942		1.1769
-0.34525		1.17688
-0.330441		1.17746
-0.31552		1.17865
-0.300493		1.18046
-0.285363		1.18288
-0.270136		1.18592
-0.254816		1.18957
-0.239407		1.19384
-0.223913		1.19872
-0.208338		1.20421
-0.192687		1.21029
-0.176962		1.21697
-0.161169		1.22423
-0.145312		1.23207
-0.129396		1.24047
-0.113425		1.24941
-0.0974034		1.2589
-0.0813378		1.2689
-0.0652335		1.27941
-0.0490965		1.29041
-0.0329331		1.30187
-0.0167502		1.31378
-0.00055488		1.32612
0.0156452		1.33886
0.0318421		1.35199
0.0480273		1.36547
0.064192		1.37929
0.080327		1.39343
0.0964226		1.40784
0.112469		1.42252
0.128455		1.43742
0.144371		1.45253
0.160204		1.46781
0.175945		1.48324
0.19158		1.49879
0.207099		1.51443
0.222487		1.53013
0.237734		1.54586
0.252826		1.56159
0.26775		1.5773
0.282493		1.59294
0.297041		1.6085
0.311382		1.62395
0.325502		1.63925
0.339387		1.65437
0.353024		1.6693
0.366399		1.68399
0.379499		1.69842
0.392311		1.71257
0.404822		1.72641
0.417018		1.73991
0.428886		1.75304
0.440415		1.76579
0.451591		1.77813
0.462402		1.79003
0.472837		1.80147
0.482884		1.81243
0.492532		1.82289
0.501769		1.83283
0.510587		1.84223
0.518975		1.85107
0.526923		1.85934
0.534422		1.86701
0.541465		1.87409
0.548042		1.88054
0.554147		1.88637
0.559773		1.89155
0.564913		1.89608
0.569563		1.89995
0.573716		1.90315
0.577368		1.90567
0.580516		1.90752
0.583156		1.90868
0.585286		1.90916
0.586903		1.90894
0.588008		1.90804
0.588598		1.90646
0.588674		1.90418
0.588237		1.90123
0.587289		1.89761
0.58583		1.89331
0.583865		1.88835
0.581395		1.88274
0.578426		1.87648
0.574962		1.8696
0.571007		1.86209
0.566568		1.85398
0.561652		1.84528
0.556264		1.836
0.550413		1.82616
0.544107		1.81579
0.537354		1.80489
0.530164		1.79349
0.522545		1.78161
0.514508		1.76927
0.506063		1.75649
0.497222		1.7433
0.487994		1.72972
0.478393		1.71578
0.468428		1.70151
0.458114		1.68692
0.447461		1.67205
0.436483		1.65692
0.425192		1.64157
0.413601		1.62602
0.401724		1.6103
0.389572		1.59444
0.37716		1.57847
0.3645		1.56242
0.351605		1.54632
0.338488		1.53021
0.325162		1.5141
0.31164		1.49804
0.297935		1.48206
0.284057		1.46617
0.27002		1.45042
0.255835		1.43484
0.241514		1.41945
0.227067		1.40429
0.212505		1.38938
0.197839		1.37475
0.183077		1.36043
0.16823		1.34645
0.153307		1.33283
0.138315		1.3196
0.123262		1.30679
0.108157		1.29442
0.0930056		1.28251
0.0778149		1.27108
0.0625908		1.26017
0.047339		1.24978
0.0320646		1.23993
0.0167727		1.23065
0.00146779		1.22194
-0.0138459		1.21383
-0.0291644		1.20633
-0.0444837		1.19945
-0.0598003		1.1932
-0.0751104		1.18759
-0.0904104		1.18263
-0.105697		1.17833
-0.120966		1.17468
-0.136214		1.1717
-0.151437		1.16938
-0.16663		1.16773
-0.181789		1.16674
-0.19691		1.16642
-0.211987		1.16675
-0.227014		1.16774
-0.241986		1.16939
-0.256897		1.17167
-0.271739		1.17459
-0.286505		1.17813
-0.301188		1.18228
-0.31578		1.18704
-0.330271		1.19238
-0.344654		1.1983
-0.358918		1.20478
-0.373055		1.2118
-0.387052		1.21935
-0.400901		1.22741
-0.414589		1.23596
-0.428106		1.24499
-0.44144		1.25446
-0.454579		1.26438
-0.467511		1.2747
-0.480223		1.28541
-0.492702		1.29649
-0.504936		1.30792
-0.516912		1.31967
-0.528616		1.33172
-0.540036		1.34405
-0.551158		1.35663
-0.561969		1.36943
-0.572455		1.38244
-0.582605		1.39562
-0.592403		1.40896
-0.601839		1.42243
-0.610898		1.436
-0.619569		1.44965
-0.627838		1.46335
-0.635695		1.47709
-0.643127		1.49082
-0.650123		1.50454
-0.656671		1.51821
-0.662762		1.53181
-0.668385		1.54531
-0.673529		1.5587
-0.678187		1.57195
-0.682348		1.58504
-0.686005		1.59794
-0.68915		1.61064
-0.691776		1.62311
-0.693876		1.63532
-0.695444		1.64727
-0.696474		1.65893
-0.696963		1.67028
-0.696905		1.6813
-0.696298		1.69198
-0.695138		1.7023
-0.693424		1.71224
-0.691154		1.72178
-0.688326		1.73092
-0.684942		1.73963
-0.681002		1.74791
-0.676507		1.75574
-0.671459		1.76311
-0.66586		1.77002
-0.659715		1.77644
-0.653027		1.78238
-0.645801		1.78782
-0.638041		1.79276
-0.629755		1.79719
-0.620949		1.8011
-0.61163		1.8045
-0.601806		1.80738
-0.591486		1.80974
-0.580678		1.81158
-0.569391		1.81289
-0.557638		1.81368
-0.545426		1.81395
-0.532769		1.8137
-0.519677		1.81294
-0.506163		1.81167
-0.492239		1.80989
-0.477917		1.80762
-0.463212		1.80485
-0.448135		1.80161
-0.432703		1.79789
-0.416927		1.79371
-0.400823		1.78907
-0.384406		1.78399
-0.367689		1.77849
-0.350689		1.77257
-0.333419		1.76624
-0.315895		1.75953
-0.298133		1.75244
-0.280147		1.74499
-0.261953		1.7372
-0.243566		1.72908
-0.225001		1.72065
-0.206273		1.71193
-0.187397		1.70293
-0.168387		1.69368
-0.14926		1.68418
-0.130029		1.67447
-0.110708		1.66455
-0.0913114		1.65445
-0.0718534		1.64419
-0.0523475		1.63377
-0.032807		1.62324
-0.0132449		1.61259
0.00632586		1.60186
0.0258928		1.59106
0.0454438		1.5802
0.0649668		1.56931
0.0844501		1.55841
0.103883		1.54751
0.123253		1.53663
0.142551		1.52579
0.161765		1.515
0.180886		1.50428
0.199903		1.49364
0.218807		1.48311
0.237589		1.4727
0.256238		1.46241
0.274746		1.45227
0.293103		1.44228
0.311302		1.43247
0.329333		1.42283
0.347187		1.41339
0.364857		1.40415
0.382334		1.39513
0.399609		1.38633
0.416675		1.37776
0.433523		1.36943
0.450145		1.36134
0.466533		1.35352
0.482678		1.34595
0.498574		1.33865
0.51421		1.33162
0.52958		1.32487
0.544675		1.3184
0.559488		1.31221
0.574009		1.30631
0.588231		1.30071
0.602145		1.29539
0.615744		1.29037
0.629019		1.28565
0.641962		1.28123
0.654565		1.2771
0.66682		1.27327
0.678719		1.26974
0.690254		1.2665
0.701416		1.26356
0.712199		1.26092
0.722594		1.25857
0.732594		1.25652
0.742191		1.25475
0.751378		1.25327
0.760148		1.25208
0.768493		1.25117
0.776407		1.25054
0.783883		1.25018
0.790914		1.2501
0.797495		1.25029
0.803619		1.25075
0.80928		1.25147
0.814473		1.25244
0.819194		1.25368
0.823436		1.25516
0.827195		1.25689
0.830468		1.25887
0.833249		1.26108
0.835536		1.26352
0.837324		1.26619
0.838612		1.26909
0.839396		1.27221
0.839675		1.27554
0.839446		1.27909
0.838708		1.28284
0.83746		1.28679
0.835701		1.29094
0.83343		1.29527
0.830649		1.2998
0.827357		1.30451
0.823555		1.30939
0.819244		1.31444
0.814426		1.31967
0.809103		1.32505
0.803277		1.33059
0.796952		1.33628
0.790129		1.34212
0.782813		1.3481
0.775007		1.35422
0.766716		1.36047
0.757943		1.36684
0.748695		1.37334
0.738975		1.37995
0.72879		1.38668
0.718145		1.39351
0.707046		1.40044
0.6955		1.40746
0.683514		1.41457
0.671094		1.42177
0.658248		1.42905
0.644983		1.43639
0.631307		1.44381
0.617228		1.45128
0.602755		1.45881
0.587895		1.46639
0.572658		1.474
0.557053		1.48166
0.541089		1.48934
0.524775		1.49705
0.508122		1.50477
0.491138		1.51249
0.473835		1.52022
0.456222		1.52795
0.438311		1.53565
0.420112		1.54334
0.401635		1.551
0.382893		1.55862
0.363897		1.56619
0.344659		1.57372
0.32519		1.58117
0.305503		1.58856
0.285609		1.59587
0.265523		1.60309
0.245255		1.61021
0.22482		1.61722
0.204231		1.62412
0.183501		1.63089
0.162644		1.63753
0.141673		1.64402
0.120604		1.65036
0.0994492		1.65654
0.0782243		1.66254
0.0569438		1.66836
0.0356226		1.67399
0.0142755		1.67942
-0.00708207		1.68464
-0.0284348		1.68963
-0.0497673		1.6944
-0.0710638		1.69893
-0.0923086		1.70322
-0.113486		1.70724
-0.13458		1.71101
-0.155574		1.7145
-0.176453		1.71771
-0.1972		1.72064
-0.2178		1.72327
-0.238236		1.72559
-0.258492		1.72761
-0.278552		1.72932
-0.2984		1.7307
-0.318021		1.73176
-0.337399		1.73248
-0.356517		1.73287
-0.375361		1.73291
-0.393915		1.73262
-0.412164		1.73197
-0.430094		1.73097
-0.447689		1.72963
-0.464936		1.72792
-0.48182		1.72586
-0.498328		1.72345
-0.514446		1.72067
-0.530161		1.71754
-0.545461		1.71406
-0.560333		1.71022
-0.574766		1.70603
-0.588748		1.70149
-0.602269		1.69661
-0.615317		1.69138
-0.627883		1.68582
-0.639958		1.67992
-0.651533		1.6737
-0.6626		1.66716
-0.67315		1.66031
-0.683176		1.65316
-0.692673		1.6457
-0.701634		1.63796
-0.710054		1.62994
-0.717928		1.62165
-0.725251		1.6131
-0.732021		1.6043
-0.738235		1.59527
-0.74389		1.58601
-0.748986		1.57654
-0.75352		1.56687
-0.757493		1.55701
-0.760905		1.54698
-0.763758		1.53679
-0.766052		1.52646
-0.767791		1.516
-0.768976		1.50542
-0.769613		1.49475
-0.769704		1.484
-0.769255		1.47318
-0.76827		1.46231
-0.766756		1.45141
-0.764719		1.4405
-0.762166		1.42959
-0.759105		1.4187
-0.755543		1.40785
-0.751488		1.39706
-0.74695		1.38634
-0.741938		1.37571
-0.73646		1.36519
-0.730528		1.35481
-0.724152		1.34457
-0.717341		1.3345
-0.710108		1.32461
-0.702462		1.31492
-0.694416		1.30546
-0.68598		1.29624
-0.677166		1.28727
-0.667987		1.27858
-0.658453		1.27018
-0.648576		1.26209
-0.638368		1.25433
-0.627842		1.24692
-0.617008		1.23986
-0.605877		1.23319
-0.594462		1.22691
-0.582773		1.22103
-0.570822		1.21559
-0.558619		1.21058
-0.546174		1.20603
-0.533497		1.20194
-0.520599		1.19833
-0.507488		1.19521
-0.494174		1.1926
-0.480665		1.1905
-0.46697		1.18893
-0.453097		1.18789
-0.439053		1.18739
-0.424844		1.18744
-0.410479		1.18805
-0.395963		1.18922
-0.381301		1.19095
-0.366501		1.19325
-0.351567		1.19613
-0.336505		1.19957
-0.321319		1.20359
-0.306013		1.20818
-0.290594		1.21333
-0.275064		1.21905
-0.259429		1.22532
-0.243693		1.23215
-0.22786		1.23952
-0.211935		1.24742
-0.195922		1.25585
-0.179826		1.26479
-0.163653		1.27424
-0.147407		1.28416
-0.131094		1.29456
-0.114719		1.30541
-0.0982891		1.31671
-0.0818104		1.32841
-0.0652898		1.34052
-0.0487343		1.35301
-0.0321515		1.36586
-0.0155495		1.37904
0.00106343		1.39254
0.0176785		1.40632
0.0342865		1.42037
0.0508778		1.43466
0.0674426		1.44916
0.0839704		1.46385
0.100451		1.4787
0.116872		1.49369
0.133223		1.50878
0.149492		1.52395
0.165668		1.53918
0.181737		1.55442
0.197687		1.56966
0.213506		1.58487
0.22918		1.60002
0.244696		1.61507
0.26004		1.63
0.2752		1.64479
0.290162		1.65941
0.304911		1.67382
0.319435		1.688
0.333719		1.70193
0.347751		1.71557
0.361515		1.72891
0.375		1.74191
0.38819		1.75455
0.401074		1.76681
0.413638		1.77867
0.425868		1.79009
0.437753		1.80107
0.44928		1.81157
0.460437		1.82158
0.471212		1.83108
0.481594		1.84005
0.491572		1.84847
0.501135		1.85633
0.510272		1.86361
0.518975		1.87029
0.527234		1.87637
0.535039		1.88183
0.542384		1.88666
0.54926		1.89085
0.55566		1.89439
0.561577		1.89728
0.567005		1.8995
0.57194		1.90106
0.576376		1.90194
0.580308		1.90215
0.583735		1.90169
0.586652		1.90055
0.589057		1.89874
0.590949		1.89626
0.592326		1.8931
0.59319		1.88929
0.593539		1.88482
0.593375		1.8797
0.5927		1.87393
0.591515		1.86754
0.589825		1.86053
0.587632		1.85291
0.584941		1.84469
0.581757		1.83589
0.578085		1.82653
0.573932		1.81662
0.569303		1.80618
0.564206		1.79523
0.558649		1.78378
0.552641		1.77186
0.546189		1.7595
0.539304		1.7467
0.531994		1.7335
0.524271		1.71991
0.516144		1.70597
0.507625		1.6917
0.498725		1.67713
0.489456		1.66228
0.479829		1.64717
0.469856		1.63185
0.45955		1.61633
0.448924		1.60064
0.43799		1.58482
0.42676		1.56889
0.415249		1.55289
0.403469		1.53683
0.391432		1.52077
0.379152		1.50471
0.366641		1.4887
0.353912		1.47277
0.340979		1.45694
0.327852		1.44125
0.314544		1.42573
0.301068		1.4104
0.287435		1.39529
0.273655		1.38044
0.259741		1.36588
0.245701		1.35162
0.231548		1.33771
0.21729		1.32416
0.202936		1.31101
0.188495		1.29827
0.173977		1.28598
0.159387		1.27416
0.144734		1.26283
0.130025		1.25201
0.115265		1.24172
0.100461		1.23199
0.0856191		1.22283
0.0707432		1.21426
0.0558384		1.2063
0.0409092		1.19895
0.0259596		1.19224
0.0109936		1.18618
-0.00398514		1.18077
-0.0189731		1.17603
-0.0339669		1.17196
-0.048963		1.16857
-0.0639579		1.16586
-0.0789481		1.16384
-0.09393		1.16251
-0.1089		1.16187
-0.123853		1.16191
-0.138785		1.16263
-0.153692		1.16404
-0.168568		1.16612
-0.183409		1.16886
-0.198208		1.17227
-0.212958		1.17632
-0.227654		1.18101
-0.242289		1.18633
-0.256853		1.19227
-0.271341		1.1988
-0.285742		1.20591
-0.300049		1.2136
-0.314251		1.22183
-0.32834		1.2306
-0.342305		1.23988
-0.356135		1.24965
-0.369819		1.2599
-0.383346		1.27059
-0.396705		1.28172
-0.409884		1.29325
-0.42287		1.30516
-0.435651		1.31744
-0.448214		1.33005
-0.460547		1.34296
-0.472637		1.35617
-0.48447		1.36963
-0.496034		1.38332
-0.507316		1.39722
-0.518301		1.4113
-0.528977		1.42553
-0.539332		1.43989
-0.549351		1.45435
-0.559022		1.46888
-0.568332		1.48346
-0.577269		1.49805
-0.585821		1.51264
-0.593975		1.52719
-0.60172		1.54169
-0.609044		1.5561
-0.615936		1.57039
-0.622386		1.58455
-0.628383		1.59854
-0.633917		1.61235
-0.63898		1.62594
-0.643562		1.6393
-0.647655		1.6524
-0.651251		1.66522
-0.654343		1.67773
-0.656925		1.68992
-0.658989		1.70177
-0.660531		1.71325
-0.661546		1.72434
-0.662029		1.73504
-0.661977		1.74531
-0.661388		1.75514
-0.660258		1.76452
-0.658587		1.77344
-0.656372		1.78187
-0.653615		1.7898
-0.650316		1.79723
-0.646476		1.80414
-0.642096		1.81052
-0.637179		1.81636
-0.631728		1.82165
-0.625747		1.82639
-0.619242		1.83057
-0.612215		1.83418
-0.604675		1.83723
-0.596626		1.8397
-0.588077		1.8416
-0.579034		1.84292
-0.569506		1.84366
-0.559502		1.84384
-0.549031		1.84344
-0.538102		1.84247
-0.526727		1.84094
-0.514917		1.83885
-0.502681		1.83621
-0.490033		1.83302
-0.476984		1.8293
-0.463546		1.82505
-0.449734		1.82028
-0.435559		1.81501
-0.421036		1.80924
-0.406178		1.80299
-0.390999		1.79628
-0.375513		1.78911
-0.359735		1.78151
-0.343679		1.77349
-0.32736		1.76506
-0.310793		1.75625
-0.293991		1.74707
-0.276971		1.73754
-0.259747		1.72768
-0.242332		1.71751
-0.224743		1.70705
-0.206994		1.69632
-0.189098		1.68535
-0.171071		1.67414
-0.152926		1.66273
-0.134676		1.65114
-0.116336		1.63938
-0.0979195		1.62749
-0.0794385		1.61547
-0.0609062		1.60336
-0.042335		1.59118
-0.0237372		1.57895
-0.0051244		1.56668
0.0134918		1.55441
0.0321002		1.54215
0.05069		1.52993
0.0692509		1.51776
0.0877726		1.50566
0.106245		1.49366
0.12466		1.48178
0.143006		1.47002
0.161276		1.45842
0.179461		1.44699
0.197552		1.43574
0.215542		1.42469
0.233422		1.41386
0.251185		1.40327
0.268822		1.39292
0.286328		1.38282
0.303694		1.373
0.320913		1.36347
0.337978		1.35423
0.354881		1.34529
0.371617		1.33667
0.388177		1.32837
0.404555		1.3204
0.420743		1.31277
0.436735		1.30548
0.452523		1.29855
0.468099		1.29197
0.483456		1.28574
0.498587		1.27988
0.513484		1.27439
0.528139		1.26926
0.542545		1.2645
0.556693		1.26011
0.570575		1.25609
0.584184		1.25244
0.59751		1.24916
0.610546		1.24624
0.623283		1.2437
0.635712		1.24151
0.647826		1.23969
0.659615		1.23822
0.67107		1.23711
0.682184		1.23635
0.692947		1.23593
0.703352		1.23586
0.713388		1.23612
0.723048		1.23671
0.732323		1.23762
0.741205		1.23885
0.749685		1.2404
0.757756		1.24225
0.76541		1.2444
0.772638		1.24684
0.779433		1.24957
0.785787		1.25258
0.791694		1.25586
0.797146		1.2594
0.802136		1.26319
0.806659		1.26723
0.810708		1.27151
0.814277		1.27603
0.817361		1.28076
0.819954		1.28571
0.822052		1.29087
0.82365		1.29623
0.824743		1.30177
0.82533		1.3075
0.825405		1.3134
0.824967		1.31947
0.824012		1.32569
0.822539		1.33206
0.820546		1.33857
0.818031		1.34521
0.814995		1.35198
0.811436		1.35886
0.807355		1.36584
0.802752		1.37293
0.797629		1.3801
0.791986		1.38736
0.785826		1.39469
0.779151		1.40208
0.771964		1.40954
0.764268		1.41704
0.756067		1.42459
0.747364		1.43218
0.738165		1.43979
0.728474		1.44742
0.718296		1.45506
0.707638		1.46271
0.696505		1.47036
0.684904		1.478
0.672842		1.48562
0.660327		1.49322
0.647365		1.5008
0.633964		1.50833
0.620134		1.51582
0.605883		1.52326
0.591219		1.53065
0.576153		1.53797
0.560693		1.54522
0.544851		1.55239
0.528635		1.55949
0.512057		1.56649
0.495127		1.5734
0.477857		1.58021
0.460257		1.58691
0.44234		1.59349
0.424117		1.59996
0.405601		1.6063
0.386803		1.61251
0.367736		1.61858
0.348413		1.62451
0.328848		1.63029
0.309052		1.63591
0.28904		1.64137
0.268825		1.64667
0.248421		1.65179
0.227841		1.65673
0.207101		1.66149
0.186214		1.66606
0.165195		1.67043
0.144058		1.6746
0.122818		1.67856
0.10149		1.68232
0.0800898		1.68585
0.0586314		1.68916
0.0371305		1.69225
0.0156025		1.6951
-0.00593702		1.69772
-0.0274726		1.70009
-0.0489885		1.70222
-0.0704692		1.7041
-0.0918987		1.70572
-0.113261		1.70708
-0.134541		1.70818
-0.155723		1.70901
-0.17679		1.70958
-0.197726		1.70987
-0.218517		1.70988
-0.239146		1.70962
-0.259598		1.70908
-0.279857		1.70825
-0.299907		1.70714
-0.319734		1.70574
-0.339321		1.70405
-0.358655		1.70208
-0.377719		1.69982
-0.3965		1.69727
-0.414983		1.69443
-0.433153		1.6913
-0.450997		1.68789
-0.4685		1.68419
-0.48565		1.68021
-0.502433		1.67594
-0.518837		1.6714
-0.534849		1.66658
-0.550456		1.66149
-0.565648		1.65613
-0.580412		1.65051
-0.594739		1.64463
-0.608616		1.63849
-0.622035		1.6321
-0.634986		1.62548
-0.64746		1.61861
-0.659448		1.61152
-0.670942		1.6042
-0.681934		1.59667
-0.692418		1.58893
-0.702387		1.58099
-0.711835		1.57287
-0.720757		1.56457
-0.729147		1.55609
-0.737003		1.54745
-0.744319		1.53867
-0.751093		1.52975
-0.757322		1.52069
-0.763005		1.51153
-0.76814		1.50225
-0.772727		1.49289
-0.776765		1.48344
-0.780255		1.47393
-0.783198		1.46436
-0.785595		1.45475
-0.787449		1.44512
-0.788763		1.43547
-0.789539		1.42582
-0.789782		1.41618
-0.789496		1.40657
-0.788686		1.397
-0.787357		1.3875
-0.785516		1.37806
-0.783168		1.36871
-0.78032		1.35946
-0.77698		1.35033
-0.773156		1.34133
-0.768854		1.33248
-0.764085		1.32379
-0.758855		1.31528
-0.753176		1.30696
-0.747055		1.29885
-0.740502		1.29096
-0.733528		1.28331
-0.726141		1.27591
-0.718354		1.26878
-0.710175		1.26193
-0.701615		1.25537
-0.692685		1.24913
-0.683395		1.24321
-0.673756		1.23763
-0.663778		1.2324
-0.653472		1.22754
-0.642849		1.22306
-0.631918		1.21896
-0.620689		1.21527
-0.609174		1.21199
-0.597381		1.20914
-0.585319		1.20672
-0.573		1.20475
-0.56043		1.20324
-0.54762		1.20219
-0.534578		1.20161
-0.521311		1.20152
-0.507829		1.20191
-0.494137		1.2028
-0.480244		1.20418
-0.466157		1.20607
-0.451882		1.20847
-0.437425		1.21138
-0.422793		1.2148
-0.407991		1.21874
-0.393025		1.22318
-0.377901		1.22814
-0.362623		1.23361
-0.347197		1.23958
-0.331627		1.24606
-0.315919		1.25303
-0.300078		1.26048
-0.284108		1.26842
-0.268015		1.27683
-0.251804		1.2857
-0.235479		1.29502
-0.219047		1.30478
-0.202513		1.31496
-0.185882		1.32555
-0.169161		1.33653
-0.152356		1.34789
-0.135474		1.35961
-0.118523		1.37167
-0.101508		1.38405
-0.0844389		1.39673
-0.0673227		1.40969
-0.0501683		1.42291
-0.0329845		1.43637
-0.0157805		1.45003
0.00143383		1.46389
0.0186486		1.47791
0.0358534		1.49207
0.0530373		1.50634
0.0701893		1.52071
0.0872978		1.53513
0.104351		1.54959
0.121337		1.56407
0.138243		1.57852
0.155056		1.59294
0.171764		1.60728
0.188353		1.62153
0.20481		1.63566
0.221122		1.64963
0.237274		1.66344
0.253252		1.67704
0.269044		1.69041
0.284634		1.70353
0.300009		1.71638
0.315155		1.72892
0.330057		1.74114
0.344702		1.753
0.359076		1.7645
0.373165		1.7756
0.386954		1.78629
0.400432		1.79654
0.413584		1.80633
0.426397		1.81564
0.438859		1.82446
0.450957		1.83277
0.462678		1.84055
0.474012		1.84779
0.484947		1.85447
0.49547		1.86057
0.505573		1.86609
0.515244		1.87101
0.524474		1.87533
0.533254		1.87903
0.541575		1.8821
0.549428		1.88454
0.556806		1.88635
0.563703		1.88751
0.57011		1.88802
0.576024		1.88789
0.581437		1.8871
0.586346		1.88567
0.590746		1.88359
0.594635		1.88086
0.598009		1.87748
0.600866		1.87347
0.603206		1.86883
0.605026		1.86356
0.606327		1.85767
0.60711		1.85118
0.607375		1.84409
0.607125		1.83641
0.606362		1.82816
0.60509		1.81935
0.603312		1.81
0.601032		1.80012
0.598256		1.78973
0.594989		1.77885
0.591238		1.76749
0.58701		1.75568
0.582311		1.74344
0.57715		1.73078
0.571536		1.71773
0.565476		1.70432
0.558981		1.69057
0.552061		1.67649
0.544726		1.66213
0.536986		1.6475
0.528852		1.63263
0.520337		1.61754
0.511451		1.60227
0.502207		1.58685
0.492617		1.57129
0.482693		1.55564
0.472448		1.53991
0.461894		1.52414
0.451045		1.50836
0.439913		1.4926
0.428511		1.47688
0.416853		1.46124
0.40495		1.4457
0.392815		1.4303
0.380462		1.41507
0.367903		1.40003
0.355149		1.38522
0.342212		1.37066
0.329105		1.35638
0.315839		1.34241
0.302424		1.32877
0.288872		1.3155
0.275192		1.30262
0.261394		1.29016
0.247488		1.27813
0.233481		1.26658
0.219384		1.25551
0.205204		1.24495
0.190947		1.23492
0.176621		1.22545
0.162233		1.21655
0.147787		1.20824
0.133291		1.20053
0.118749		1.19345
0.104165		1.187
0.0895451		1.18121
0.074892		1.17607
0.06021		1.17161
0.0455028		1.16783
0.0307739		1.16473
0.0160267		1.16233
0.00126453		1.16063
-0.0135091		1.15962
-0.0282909		1.15931
-0.0430771		1.15971
-0.057864		1.1608
-0.0726477		1.16259
-0.0874239		1.16506
-0.102188		1.16822
-0.116935		1.17206
-0.13166		1.17656
-0.146357		1.18172
-0.16102		1.18753
-0.175643		1.19396
-0.190219		1.20101
-0.20474		1.20867
-0.219198		1.21691
-0.233586		1.22571
-0.247895		1.23507
-0.262115		1.24496
-0.276237		1.25536
-0.290251		1.26624
-0.304147		1.27759
-0.317914		1.28939
-0.331541		1.3016
-0.345017		1.31421
-0.358329		1.32719
-0.371467		1.34052
-0.384418		1.35416
-0.39717		1.36809
-0.409709		1.38229
-0.422024		1.39673
-0.434101		1.41138
-0.445928		1.42621
-0.457491		1.44119
-0.468778		1.4563
-0.479775		1.47151
-0.49047		1.48678
-0.500849		1.5021
-0.5109		1.51743
-0.520611		1.53274
-0.529969		1.548
-0.538961		1.5632
-0.547576		1.57829
-0.555802		1.59326
-0.563627		1.60807
-0.571041		1.62269
-0.578033		1.63711
-0.584592		1.6513
-0.59071		1.66523
-0.596375		1.67887
-0.60158		1.69221
-0.606316		1.70521
-0.610574		1.71786
-0.614348		1.73013
-0.617631		1.74201
-0.620416		1.75346
-0.622698		1.76448
-0.624471		1.77504
-0.625732		1.78513
-0.626475		1.79472
-0.626699		1.80381
-0.6264		1.81237
-0.625577		1.8204
-0.624228		1.82788
-0.622353		1.83479
-0.619952		1.84113
-0.617025		1.84689
-0.613575		1.85205
-0.609602		1.85662
-0.605111		1.86058
-0.600103		1.86393
-0.594584		1.86666
-0.588558		1.86877
-0.582031		1.87027
-0.575007		1.87114
-0.567495		1.87138
-0.5595		1.87101
-0.551031		1.87003
-0.542096		1.86842
-0.532704		1.86621
-0.522864		1.8634
-0.512586		1.85999
-0.50188		1.85599
-0.490757		1.85142
-0.479228		1.84628
-0.467305		1.84058
-0.454999		1.83433
-0.442324		1.82756
-0.429292		1.82027
-0.415915		1.81247
-0.402207		1.8042
-0.388182		1.79545
-0.373852		1.78626
-0.359232		1.77663
-0.344336		1.76659
-0.329177		1.75616
-0.31377		1.74535
-0.29813		1.7342
-0.282269		1.72272
-0.266202		1.71093
-0.249944		1.69886
-0.233509		1.68653
-0.216909		1.67396
-0.200159		1.66119
-0.183273		1.64823
-0.166264		1.6351
-0.149144		1.62184
-0.131927		1.60847
-0.114625		1.59501
-0.0972508		1.58148
-0.0798159		1.56792
-0.0623321		1.55435
-0.0448105		1.54079
-0.0272621		1.52727
-0.00969743		1.5138
0.00787345		1.50043
0.0254407		1.48716
0.0429951		1.47402
0.0605274		1.46103
0.078029		1.44822
0.0954917		1.4356
0.112907		1.4232
0.130268		1.41104
0.147568		1.39913
0.164798		1.3875
0.181952		1.37615
0.199024		1.36511
0.216007		1.3544
0.232895		1.34402
0.249681		1.334
0.26636		1.32434
0.282926		1.31505
0.299373		1.30616
0.315695		1.29766
0.331886		1.28956
0.347939		1.28188
0.36385		1.27462
0.379611		1.26779
0.395216		1.26139
0.410659		1.25543
0.425934		1.24991
0.441033		1.24483
0.455949		1.2402
0.470675		1.23601
0.485204		1.23227
0.499528		1.22898
0.513639		1.22613
0.52753		1.22372
0.541191		1.22175
0.554615		1.22022
0.567793		1.21913
0.580715		1.21846
0.593374		1.21821
0.605759		1.21838
0.617862		1.21896
0.629672		1.21995
0.641182		1.22133
0.65238		1.2231
0.663257		1.22525
0.673804		1.22778
0.684011		1.23067
0.693868		1.23391
0.703365		1.2375
0.712492		1.24142
0.72124		1.24567
0.7296		1.25023
0.737561		1.2551
0.745115		1.26026
0.752253		1.2657
0.758965		1.27141
0.765242		1.27738
0.771077		1.28359
0.776461		1.29004
0.781386		1.29671
0.785844		1.3036
0.789828		1.31068
0.793331		1.31795
0.796347		1.32539
0.798868		1.333
0.800889		1.34075
0.802404		1.34865
0.803409		1.35666
0.803898		1.3648
0.803868		1.37303
0.803315		1.38135
0.802235		1.38975
0.800626		1.39822
0.798485		1.40674
0.795811		1.4153
0.792602		1.42389
0.788858		1.43251
0.784578		1.44113
0.779762		1.44974
0.774412		1.45834
0.768528		1.46692
0.762112		1.47546
0.755168		1.48396
0.747696		1.4924
0.739702		1.50078
0.731189		1.50908
0.722161		1.5173
0.712623		1.52543
0.702581		1.53345
0.69204		1.54136
0.681006		1.54916
0.669488		1.55683
0.657491		1.56436
0.645025		1.57175
0.632095		1.57899
0.618713		1.58607
0.604886		1.593
0.590624		1.59975
0.575936		1.60633
0.560834		1.61272
0.545327		1.61893
0.529427		1.62494
0.513144		1.63076
0.496491		1.63638
0.479479		1.64179
0.46212		1.64699
0.444427		1.65197
0.426412		1.65674
0.40809		1.66128
0.389472		1.6656
0.370572		1.66969
0.351404		1.67355
0.331982		1.67717
0.31232		1.68056
0.292432		1.68371
0.272333		1.68662
0.252037		1.68928
0.231558		1.69171
0.210912		1.69389
0.190113		1.69582
0.169178		1.6975
0.148119		1.69894
0.126954		1.70013
0.105696		1.70107
0.0843625		1.70176
0.0629675		1.7022
0.0415269		1.70239
0.020056		1.70234
-0.00142968		1.70203
-0.0229146		1.70148
-0.0443832		1.70067
-0.0658202		1.69962
-0.0872099		1.69833
-0.108537		1.69679
-0.129786		1.695
-0.150942		1.69298
-0.171989		1.69071
-0.192912		1.6882
-0.213697		1.68546
-0.234327		1.68248
-0.254789		1.67927
-0.275067		1.67583
-0.295147		1.67216
-0.315013		1.66827
-0.334653		1.66416
-0.354051		1.65982
-0.373194		1.65527
-0.392068		1.65051
-0.41066		1.64554
-0.428955		1.64037
-0.446941		1.635
-0.464605		1.62943
-0.481934		1.62367
-0.498916		1.61772
-0.51554		1.6116
-0.531792		1.60529
-0.547663		1.59882
-0.56314		1.59218
-0.578214		1.58538
-0.592873		1.57843
-0.607108		1.57133
-0.62091		1.5641
-0.634268		1.55673
-0.647175		1.54923
-0.659622		1.54162
-0.671601		1.53389
-0.683105		1.52606
-0.694126		1.51814
-0.704658		1.51012
-0.714695		1.50203
-0.724231		1.49387
-0.733262		1.48565
-0.741783		1.47737
-0.749789		1.46905
-0.757277		1.46069
-0.764243		1.45232
-0.770687		1.44392
-0.776604		1.43552
-0.781994		1.42713
-0.786856		1.41875
-0.791188		1.41039
-0.794992		1.40208
-0.798267		1.3938
-0.801015		1.38559
-0.803237		1.37745
-0.804935		1.36938
-0.806111		1.3614
-0.806768		1.35353
-0.806911		1.34577
-0.806542		1.33813
-0.805666		1.33063
-0.804287		1.32327
-0.802412		1.31607
-0.800044		1.30905
-0.797191		1.3022
-0.793859		1.29554
-0.790053		1.28909
-0.785782		1.28286
-0.781051		1.27684
-0.77587		1.27107
-0.770245		1.26555
-0.764185		1.26028
-0.757698		1.25529
-0.750792		1.25057
-0.743476		1.24615
-0.735759		1.24203
-0.727649		1.23822
-0.719155		1.23474
-0.710287		1.23158
-0.701053		1.22877
-0.691463		1.22631
-0.681525		1.22421
-0.671248		1.22248
-0.660642		1.22112
-0.649714		1.22015
-0.638474		1.21957
-0.626931		1.2194
-0.615092		1.21962
-0.602966		1.22027
-0.590561		1.22132
-0.577885		1.2228
-0.564945		1.22471
-0.551749		1.22705
-0.538305		1.22982
-0.524619		1.23303
-0.510697		1.23668
-0.496548		1.24077
-0.482177		1.2453
-0.46759		1.25026
-0.452794		1.25566
-0.437794		1.2615
-0.422597		1.26777
-0.407209		1.27446
-0.391634		1.28158
-0.375879		1.28912
-0.359949		1.29706
-0.34385		1.3054
-0.327588		1.31413
-0.311169		1.32325
-0.294598		1.33274
-0.277882		1.34258
-0.261026		1.35278
-0.244039		1.3633
-0.226925		1.37414
-0.209693		1.38529
-0.192349		1.39672
-0.1749		1.40842
-0.157356		1.42037
-0.139724		1.43255
-0.122012		1.44494
-0.10423		1.45753
-0.0863864		1.47029
-0.0684912		1.48321
-0.0505544		1.49625
-0.0325862		1.5094
-0.0145975		1.52263
0.00340078		1.53592
0.0213972		1.54926
0.0393799		1.56261
0.0573369		1.57595
0.0752557		1.58925
0.0931237		1.6025
0.110928		1.61567
0.128655		1.62873
0.146292		1.64167
0.163824		1.65445
0.181238		1.66705
0.19852		1.67946
0.215655		1.69164
0.23263		1.70357
0.24943		1.71523
0.266039		1.7266
0.282445		1.73766
0.298631		1.74838
0.314585		1.75874
0.33029		1.76872
0.345733		1.77831
0.360899		1.78749
0.375775		1.79623
0.390346		1.80451
0.404598		1.81233
0.418518		1.81966
0.432093		1.8265
0.445309		1.83282
0.458154		1.83861
0.470615		1.84386
0.482681		1.84856
0.494339		1.8527
0.505579		1.85626
0.516389		1.85925
0.526759		1.86164
0.536681		1.86345
0.546143		1.86465
0.555138		1.86525
0.563656		1.86524
0.571692		1.86462
0.579236		1.86339
0.586284		1.86155
0.592828		1.85911
0.598864		1.85605
0.604387		1.8524
0.609393		1.84814
0.613878		1.8433
0.617841		1.83786
0.621278		1.83185
0.624189		1.82527
0.626573		1.81814
0.62843		1.81045
0.629761		1.80223
0.630566		1.79349
0.630848		1.78423
0.63061		1.77449
0.629854		1.76427
0.628586		1.75358
0.626808		1.74246
0.624527		1.73091
0.621749		1.71896
0.618479		1.70663
0.614725		1.69393
0.610495		1.68089
0.605795		1.66754
0.600636		1.65389
0.595025		1.63997
0.588974		1.62581
0.58249		1.61142
0.575586		1.59684
0.568272		1.58209
0.560558		1.5672
0.552457		1.55219
0.543981		1.53709
0.53514		1.52193
0.525948		1.50674
0.516417		1.49155
0.50656		1.47637
0.496389		1.46125
0.485918		1.44621
0.475158		1.43128
0.464124		1.41648
0.452827		1.40184
0.441281		1.3874
0.429498		1.37318
0.41749		1.35921
0.405271		1.34551
0.392851		1.33212
0.380244		1.31905
0.367459		1.30634
0.354509		1.29401
0.341404		1.28208
0.328155		1.27059
0.314771		1.25955
0.301262		1.24899
0.287638		1.23892
0.273906		1.22938
0.260074		1.22038
0.246151		1.21193
0.232144		1.20407
0.218059		1.1968
0.203901		1.19015
0.189678		1.18412
0.175395		1.17873
0.161055		1.17399
0.146664		1.16992
0.132226		1.16652
0.117745		1.1638
0.103225		1.16177
0.0886696		1.16043
0.0740815		1.15979
0.0594646		1.15985
0.0448222		1.16061
0.0301577		1.16206
0.0154747		1.16421
0.00077691		1.16706
-0.0139319		1.17059
-0.0286477		1.1748
-0.0433659		1.17968
-0.058082		1.18522
-0.0727909		1.19142
-0.0874871		1.19825
-0.102165		1.20571
-0.116818		1.21377
