Time		String-Length		Angular-Position
0		1		0.3
0.01		0.999593		0.299928
0.02		0.998373		0.29971
0.03		0.996343		0.299348
0.04		0.993506		0.298839
0.05		0.989868		0.298184
0.06		0.985436		0.297382
0.07		0.980217		0.29643
0.08		0.974223		0.295328
0.09		0.967464		0.294074
0.1		0.959954		0.292666
0.11		0.951707		0.291102
0.12		0.942738		0.289379
0.13		0.933065		0.287495
0.14		0.922707		0.285446
0.15		0.911683		0.283231
0.16		0.900015		0.280845
0.17		0.887725		0.278284
0.18		0.874837		0.275546
0.19		0.861376		0.272626
0.2		0.847369		0.26952
0.21		0.832843		0.266223
0.22		0.817826		0.26273
0.23		0.802347		0.259037
0.24		0.786438		0.255139
0.25		0.770129		0.25103
0.26		0.753454		0.246705
0.27		0.736445		0.242158
0.28		0.719136		0.237384
0.29		0.701562		0.232377
0.3		0.68376		0.22713
0.31		0.665764		0.221638
0.32		0.647611		0.215895
0.33		0.62934		0.209894
0.34		0.610986		0.20363
0.35		0.59259		0.197098
0.36		0.574188		0.19029
0.37		0.555819		0.183203
0.38		0.537523		0.17583
0.39		0.519338		0.168167
0.4		0.501303		0.160211
0.41		0.483457		0.151956
0.42		0.465838		0.1434
0.43		0.448485		0.134541
0.44		0.431436		0.125377
0.45		0.414728		0.115908
0.46		0.398399		0.106134
0.47		0.382485		0.0960563
0.48		0.367022		0.0856787
0.49		0.352044		0.0750052
0.5		0.337585		0.0640419
0.51		0.323679		0.052796
0.52		0.310356		0.0412768
0.53		0.297647		0.0294952
0.54		0.28558		0.0174639
0.55		0.274184		0.00519749
0.56		0.263482		-0.0072877
0.57		0.2535		-0.0199734
0.58		0.244258		-0.0328395
0.59		0.235776		-0.0458642
0.6		0.228073		-0.0590241
0.61		0.221163		-0.0722943
0.62		0.215059		-0.0856485
0.63		0.209774		-0.0990592
0.64		0.205314		-0.112498
0.65		0.201686		-0.125936
0.66		0.198894		-0.139343
0.67		0.196939		-0.152689
0.68		0.195819		-0.165945
0.69		0.195532		-0.179081
0.7		0.19607		-0.192069
0.71		0.197426		-0.204879
0.72		0.19959		-0.217486
0.73		0.202548		-0.229863
0.74		0.206286		-0.241986
0.75		0.210788		-0.253833
0.76		0.216035		-0.265382
0.77		0.222008		-0.276614
0.78		0.228684		-0.287513
0.79		0.236041		-0.298063
0.8		0.244055		-0.308251
0.81		0.2527		-0.318066
0.82		0.261949		-0.327499
0.83		0.271775		-0.336543
0.84		0.282151		-0.345191
0.85		0.293046		-0.353441
0.86		0.304432		-0.361289
0.87		0.316277		-0.368736
0.88		0.328553		-0.375781
0.89		0.341227		-0.382427
0.9		0.35427		-0.388677
0.91		0.367648		-0.394534
0.92		0.381332		-0.400004
0.93		0.39529		-0.405092
0.94		0.40949		-0.409804
0.95		0.423902		-0.414147
0.96		0.438493		-0.418129
0.97		0.453233		-0.421756
0.98		0.468092		-0.425037
0.99		0.483038		-0.427979
1		0.498043		-0.430591
1.01		0.513075		-0.432881
1.02		0.528106		-0.434857
1.03		0.543107		-0.436526
1.04		0.558049		-0.437898
1.05		0.572904		-0.43898
1.06		0.587645		-0.439779
1.07		0.602245		-0.440303
1.08		0.616679		-0.440559
1.09		0.630919		-0.440555
1.1		0.644942		-0.440296
1.11		0.658723		-0.43979
1.12		0.672239		-0.439043
1.13		0.685467		-0.438061
1.14		0.698385		-0.436849
1.15		0.710971		-0.435413
1.16		0.723206		-0.433757
1.17		0.735071		-0.431888
1.18		0.746545		-0.429808
1.19		0.757613		-0.427523
1.2		0.768256		-0.425036
1.21		0.77846		-0.422351
1.22		0.788209		-0.419472
1.23		0.79749		-0.416401
1.24		0.80629		-0.413141
1.25		0.814596		-0.409695
1.26		0.822399		-0.406065
1.27		0.829688		-0.402254
1.28		0.836455		-0.398263
1.29		0.842692		-0.394095
1.3		0.848393		-0.389749
1.31		0.853552		-0.385228
1.32		0.858164		-0.380533
1.33		0.862228		-0.375664
1.34		0.86574		-0.370622
1.35		0.8687		-0.365408
1.36		0.871107		-0.360022
1.37		0.872963		-0.354463
1.38		0.874271		-0.348733
1.39		0.875032		-0.34283
1.4		0.875253		-0.336755
1.41		0.874939		-0.330506
1.42		0.874095		-0.324084
1.43		0.872731		-0.317488
1.44		0.870854		-0.310717
1.45		0.868474		-0.303771
1.46		0.865602		-0.296647
1.47		0.862249		-0.289346
1.48		0.858429		-0.281866
1.49		0.854154		-0.274207
1.5		0.849439		-0.266367
1.51		0.8443		-0.258345
1.52		0.838752		-0.25014
1.53		0.832812		-0.241752
1.54		0.826498		-0.233179
1.55		0.819829		-0.22442
1.56		0.812823		-0.215475
1.57		0.805499		-0.206342
1.58		0.79788		-0.197023
1.59		0.789984		-0.187515
1.6		0.781834		-0.177819
1.61		0.773451		-0.167935
1.62		0.764857		-0.157863
1.63		0.756075		-0.147603
1.64		0.747128		-0.137157
1.65		0.738038		-0.126525
1.66		0.728828		-0.115709
1.67		0.719522		-0.104711
1.68		0.710143		-0.0935331
1.69		0.700714		-0.0821774
1.7		0.691258		-0.0706473
1.71		0.681798		-0.0589463
1.72		0.672357		-0.0470785
1.73		0.662956		-0.0350484
1.74		0.653619		-0.0228612
1.75		0.644367		-0.0105225
1.76		0.63522		0.00196134
1.77		0.626199		0.0145836
1.78		0.617324		0.0273367
1.79		0.608613		0.0402127
1.8		0.600086		0.0532028
1.81		0.591759		0.0662978
1.82		0.58365		0.0794877
1.83		0.575773		0.0927621
1.84		0.568144		0.10611
1.85		0.560776		0.11952
1.86		0.553681		0.132979
1.87		0.54687		0.146475
1.88		0.540354		0.159996
1.89		0.534142		0.173527
1.9		0.528241		0.187054
1.91		0.522658		0.200564
1.92		0.517397		0.214041
1.93		0.512464		0.227472
1.94		0.50786		0.240841
1.95		0.503587		0.254134
1.96		0.499644		0.267335
1.97		0.496032		0.28043
1.98		0.492748		0.293404
1.99		0.489788		0.306241
2		0.487148		0.318929
2.01		0.484822		0.331451
2.02		0.482804		0.343796
2.03		0.481086		0.355948
2.04		0.47966		0.367896
2.05		0.478516		0.379626
2.06		0.477645		0.391126
2.07		0.477034		0.402384
2.08		0.476674		0.41339
2.09		0.476552		0.424133
2.1		0.476655		0.434603
2.11		0.47697		0.44479
2.12		0.477484		0.454687
2.13		0.478184		0.464284
2.14		0.479054		0.473574
2.15		0.480082		0.48255
2.16		0.481253		0.491206
2.17		0.482552		0.499535
2.18		0.483967		0.507533
2.19		0.485481		0.515194
2.2		0.487082		0.522515
2.21		0.488757		0.529491
2.22		0.49049		0.536119
2.23		0.49227		0.542396
2.24		0.494083		0.548319
2.25		0.495917		0.553886
2.26		0.497761		0.559095
2.27		0.499602		0.563945
2.28		0.501429		0.568434
2.29		0.503233		0.572562
2.3		0.505004		0.576326
2.31		0.506731		0.579728
2.32		0.508408		0.582766
2.33		0.510025		0.58544
2.34		0.511576		0.58775
2.35		0.513055		0.589697
2.36		0.514455		0.59128
2.37		0.515771		0.5925
2.38		0.516999		0.593357
2.39		0.518136		0.593852
2.4		0.519178		0.593985
2.41		0.520124		0.593757
2.42		0.520972		0.593169
2.43		0.521722		0.592221
2.44		0.522375		0.590915
2.45		0.52293		0.589252
2.46		0.52339		0.587232
2.47		0.523758		0.584857
2.48		0.524036		0.582128
2.49		0.524228		0.579047
2.5		0.52434		0.575614
2.51		0.524376		0.571831
2.52		0.524342		0.567701
2.53		0.524246		0.563225
2.54		0.524093		0.558404
2.55		0.523893		0.553242
2.56		0.523652		0.54774
2.57		0.523381		0.541902
2.58		0.523089		0.535729
2.59		0.522785		0.529225
2.6		0.522481		0.522394
2.61		0.522185		0.515239
2.62		0.52191		0.507764
2.63		0.521667		0.499973
2.64		0.521467		0.491871
2.65		0.521321		0.483463
2.66		0.521243		0.474754
2.67		0.521244		0.465751
2.68		0.521335		0.456458
2.69		0.521529		0.446884
2.7		0.521837		0.437034
2.71		0.522272		0.426916
2.72		0.522845		0.416539
2.73		0.523567		0.40591
2.74		0.524449		0.395039
2.75		0.525502		0.383934
2.76		0.526736		0.372605
2.77		0.528161		0.361062
2.78		0.529785		0.349316
2.79		0.531618		0.337378
2.8		0.533666		0.325258
2.81		0.535938		0.312969
2.82		0.538439		0.300521
2.83		0.541175		0.287927
2.84		0.544151		0.2752
2.85		0.54737		0.262352
2.86		0.550835		0.249395
2.87		0.554548		0.236342
2.88		0.55851		0.223206
2.89		0.56272		0.210001
2.9		0.567178		0.196737
2.91		0.571881		0.18343
2.92		0.576826		0.17009
2.93		0.582008		0.156731
2.94		0.587422		0.143365
2.95		0.593061		0.130004
2.96		0.598919		0.116659
2.97		0.604985		0.103342
2.98		0.611252		0.0900651
2.99		0.617707		0.0768377
3		0.624341		0.0636706
3.01		0.63114		0.0505738
3.02		0.638091		0.0375567
3.03		0.645181		0.0246284
3.04		0.652394		0.0117974
3.05		0.659715		-0.000928084
3.06		0.667128		-0.0135405
3.07		0.674616		-0.0260328
3.08		0.682162		-0.0383982
3.09		0.689747		-0.0506305
3.1		0.697355		-0.0627241
3.11		0.704965		-0.0746737
3.12		0.71256		-0.0864744
3.13		0.720119		-0.0981219
3.14		0.727623		-0.109612
3.15		0.735053		-0.120942
3.16		0.74239		-0.132108
3.17		0.749612		-0.143107
3.18		0.756701		-0.153936
3.19		0.763637		-0.164595
3.2		0.770401		-0.17508
3.21		0.776972		-0.18539
3.22		0.783333		-0.195525
3.23		0.789465		-0.205482
3.24		0.795349		-0.215261
3.25		0.800966		-0.224861
3.26		0.806301		-0.234283
3.27		0.811334		-0.243524
3.28		0.816051		-0.252586
3.29		0.820435		-0.261468
3.3		0.824471		-0.270171
3.31		0.828144		-0.278693
3.32		0.831439		-0.287036
3.33		0.834345		-0.295199
3.34		0.836847		-0.303183
3.35		0.838935		-0.310988
3.36		0.840597		-0.318615
3.37		0.841824		-0.326062
3.38		0.842605		-0.333331
3.39		0.842933		-0.340422
3.4		0.8428		-0.347335
3.41		0.8422		-0.354069
3.42		0.841126		-0.360625
3.43		0.839574		-0.367002
3.44		0.837541		-0.3732
3.45		0.835023		-0.379219
3.46		0.832019		-0.385058
3.47		0.828528		-0.390717
3.48		0.824549		-0.396194
3.49		0.820085		-0.401489
3.5		0.815137		-0.4066
3.51		0.809709		-0.411527
3.52		0.803804		-0.416267
3.53		0.797428		-0.420819
3.54		0.790586		-0.425181
3.55		0.783287		-0.429351
3.56		0.775537		-0.433327
3.57		0.767346		-0.437106
3.58		0.758725		-0.440685
3.59		0.749683		-0.444061
3.6		0.740233		-0.447231
3.61		0.730388		-0.450192
3.62		0.720161		-0.452939
3.63		0.709568		-0.455469
3.64		0.698622		-0.457778
3.65		0.687341		-0.45986
3.66		0.675743		-0.461711
3.67		0.663844		-0.463326
3.68		0.651664		-0.464699
3.69		0.639222		-0.465825
3.7		0.626539		-0.466698
3.71		0.613636		-0.467311
3.72		0.600534		-0.467659
3.73		0.587256		-0.467734
3.74		0.573825		-0.467529
3.75		0.560265		-0.467038
3.76		0.5466		-0.466253
3.77		0.532856		-0.465167
3.78		0.519057		-0.463771
3.79		0.505231		-0.462059
3.8		0.491402		-0.460022
3.81		0.477599		-0.457653
3.82		0.463849		-0.454943
3.83		0.45018		-0.451885
3.84		0.43662		-0.448471
3.85		0.423197		-0.444693
3.86		0.409941		-0.440545
3.87		0.39688		-0.43602
3.88		0.384044		-0.431111
3.89		0.371463		-0.425813
3.9		0.359165		-0.420119
3.91		0.347181		-0.414026
3.92		0.33554		-0.40753
3.93		0.324271		-0.400629
3.94		0.313404		-0.39332
3.95		0.302968		-0.385602
3.96		0.292991		-0.377478
3.97		0.283503		-0.36895
3.98		0.27453		-0.36002
3.99		0.2661		-0.350694
4		0.258239		-0.34098
4.01		0.250973		-0.330887
4.02		0.244327		-0.320425
4.03		0.238324		-0.309606
4.04		0.232987		-0.298445
4.05		0.228338		-0.286959
4.06		0.224394		-0.275166
4.07		0.221176		-0.263085
4.08		0.218699		-0.250739
4.09		0.216978		-0.23815
4.1		0.216025		-0.225343
4.11		0.215852		-0.212344
4.12		0.216468		-0.19918
4.13		0.217878		-0.185879
4.14		0.220087		-0.172468
4.15		0.223097		-0.158977
4.16		0.226907		-0.145435
4.17		0.231516		-0.13187
4.18		0.236917		-0.118311
4.19		0.243103		-0.104785
4.2		0.250065		-0.0913191
4.21		0.25779		-0.0779397
4.22		0.266265		-0.0646714
4.23		0.275471		-0.0515375
4.24		0.285392		-0.0385598
4.25		0.296006		-0.0257588
4.26		0.307291		-0.0131531
4.27		0.319222		-0.000759542
4.28		0.331773		0.0114066
4.29		0.344917		0.0233317
4.3		0.358624		0.0350043
4.31		0.372864		0.046414
4.32		0.387604		0.0575526
4.33		0.402813		0.068413
4.34		0.418455		0.0789899
4.35		0.434496		0.0892791
4.36		0.450901		0.0992778
4.37		0.467633		0.108985
4.38		0.484654		0.118399
4.39		0.501928		0.127521
4.4		0.519416		0.136352
4.41		0.537082		0.144894
4.42		0.554885		0.153151
4.43		0.572788		0.161125
4.44		0.590753		0.16882
4.45		0.608741		0.176241
4.46		0.626714		0.183392
4.47		0.644633		0.190278
4.48		0.662463		0.196905
4.49		0.680164		0.203277
4.5		0.6977		0.209401
4.51		0.715035		0.215281
4.52		0.732133		0.220924
4.53		0.748959		0.226334
4.54		0.765478		0.231518
4.55		0.781658		0.23648
4.56		0.797464		0.241226
4.57		0.812865		0.245761
4.58		0.827829		0.250091
4.59		0.842327		0.25422
4.6		0.85633		0.258152
4.61		0.869809		0.261893
4.62		0.882738		0.265447
4.63		0.89509		0.268818
4.64		0.90684		0.272009
4.65		0.917967		0.275025
4.66		0.928446		0.27787
4.67		0.938258		0.280546
4.68		0.947383		0.283056
4.69		0.955803		0.285405
4.7		0.9635		0.287593
4.71		0.97046		0.289624
4.72		0.976669		0.2915
4.73		0.982113		0.293223
4.74		0.986783		0.294795
4.75		0.990668		0.296217
4.76		0.99376		0.29749
4.77		0.996053		0.298616
4.78		0.997542		0.299596
4.79		0.998224		0.30043
4.8		0.998096		0.301119
4.81		0.997158		0.301662
4.82		0.995411		0.30206
4.83		0.992859		0.302313
4.84		0.989504		0.30242
4.85		0.985354		0.30238
4.86		0.980415		0.302193
4.87		0.974696		0.301858
4.88		0.968208		0.301372
4.89		0.960961		0.300734
4.9		0.952971		0.299943
4.91		0.94425		0.298996
4.92		0.934816		0.297891
4.93		0.924685		0.296626
4.94		0.913877		0.295196
4.95		0.902412		0.293601
4.96		0.890311		0.291835
4.97		0.877597		0.289896
4.98		0.864294		0.28778
4.99		0.850428		0.285482
5		0.836024		0.282999
5.01		0.821111		0.280325
5.02		0.805717		0.277457
5.03		0.789871		0.274388
5.04		0.773604		0.271114
5.05		0.756948		0.26763
5.06		0.739935		0.263929
5.07		0.722598		0.260005
5.08		0.704973		0.255854
5.09		0.687093		0.251468
5.1		0.668993		0.246842
5.11		0.650712		0.241968
5.12		0.632284		0.236842
5.13		0.613747		0.231455
5.14		0.595139		0.225801
5.15		0.576499		0.219875
5.16		0.557864		0.21367
5.17		0.539273		0.20718
5.18		0.520766		0.200399
5.19		0.50238		0.193321
5.2		0.484156		0.185942
5.21		0.466131		0.178257
5.22		0.448346		0.170262
5.23		0.430837		0.161954
5.24		0.413645		0.153329
5.25		0.396806		0.144387
5.26		0.380358		0.135128
5.27		0.364338		0.125551
5.28		0.348782		0.115658
5.29		0.333726		0.105454
5.3		0.319202		0.0949425
5.31		0.305246		0.0841304
5.32		0.291889		0.0730257
5.33		0.279161		0.0616385
5.34		0.267093		0.0499807
5.35		0.255712		0.0380659
5.36		0.245045		0.0259101
5.37		0.235115		0.0135308
5.38		0.225947		0.000947714
5.39		0.21756		-0.0118177
5.4		0.209973		-0.0247423
5.41		0.203202		-0.0378011
5.42		0.197262		-0.0509677
5.43		0.192164		-0.0642144
5.44		0.187917		-0.0775125
5.45		0.184529		-0.0908322
5.46		0.182004		-0.104143
5.47		0.180344		-0.117416
5.48		0.179548		-0.130618
5.49		0.179614		-0.14372
5.5		0.180535		-0.156693
5.51		0.182305		-0.169506
5.52		0.184913		-0.182133
5.53		0.188346		-0.194545
5.54		0.192591		-0.206719
5.55		0.197631		-0.218631
5.56		0.203448		-0.230258
5.57		0.210021		-0.241581
5.58		0.217328		-0.252582
5.59		0.225347		-0.263246
5.6		0.234053		-0.273558
5.61		0.243419		-0.283507
5.62		0.253418		-0.293084
5.63		0.264023		-0.30228
5.64		0.275203		-0.31109
5.65		0.28693		-0.31951
5.66		0.299172		-0.327538
5.67		0.311897		-0.335173
5.68		0.325075		-0.342415
5.69		0.338673		-0.349266
5.7		0.352658		-0.355729
5.71		0.366998		-0.361809
5.72		0.38166		-0.36751
5.73		0.39661		-0.372838
5.74		0.411816		-0.377799
5.75		0.427245		-0.3824
5.76		0.442863		-0.386649
5.77		0.458637		-0.390553
5.78		0.474536		-0.39412
5.79		0.490526		-0.397358
5.8		0.506575		-0.400276
5.81		0.522652		-0.402881
5.82		0.538725		-0.405182
5.83		0.554763		-0.407188
5.84		0.570735		-0.408905
5.85		0.586612		-0.410342
5.86		0.602364		-0.411507
5.87		0.617961		-0.412407
5.88		0.633376		-0.413049
5.89		0.648581		-0.413441
5.9		0.663548		-0.413589
5.91		0.678251		-0.4135
5.92		0.692665		-0.41318
5.93		0.706765		-0.412635
5.94		0.720527		-0.41187
5.95		0.733927		-0.410891
5.96		0.746943		-0.409702
5.97		0.759554		-0.408309
5.98		0.771739		-0.406716
5.99		0.783478		-0.404927
6		0.794754		-0.402946
6.01		0.805549		-0.400777
6.02		0.815845		-0.398422
6.03		0.825628		-0.395884
6.04		0.834882		-0.393167
6.05		0.843596		-0.390273
6.06		0.851756		-0.387204
6.07		0.859351		-0.383962
6.08		0.866372		-0.380549
6.09		0.87281		-0.376966
6.1		0.878657		-0.373215
6.11		0.883906		-0.369295
6.12		0.888553		-0.365209
6.13		0.892593		-0.360957
6.14		0.896023		-0.35654
6.15		0.898842		-0.351956
6.16		0.90105		-0.347207
6.17		0.902647		-0.342293
6.18		0.903635		-0.337212
6.19		0.904017		-0.331964
6.2		0.903798		-0.32655
6.21		0.902983		-0.320967
6.22		0.901579		-0.315215
6.23		0.899594		-0.309293
6.24		0.897037		-0.3032
6.25		0.893918		-0.296933
6.26		0.890248		-0.290493
6.27		0.88604		-0.283877
6.28		0.881307		-0.277083
6.29		0.876063		-0.270111
6.3		0.870325		-0.262958
6.31		0.864108		-0.255622
6.32		0.85743		-0.248102
6.33		0.850309		-0.240396
6.34		0.842764		-0.232502
6.35		0.834816		-0.224418
6.36		0.826485		-0.216142
6.37		0.817793		-0.207674
6.38		0.808763		-0.199011
6.39		0.799416		-0.190151
6.4		0.789778		-0.181094
6.41		0.779871		-0.171839
6.42		0.769721		-0.162384
6.43		0.759353		-0.152728
6.44		0.748792		-0.142872
6.45		0.738063		-0.132815
6.46		0.727194		-0.122556
6.47		0.716211		-0.112098
6.48		0.705139		-0.101439
6.49		0.694006		-0.0905825
6.5		0.682837		-0.0795291
6.51		0.671659		-0.0682814
6.52		0.660499		-0.056842
6.53		0.649383		-0.0452143
6.54		0.638335		-0.0334022
6.55		0.627382		-0.0214102
6.56		0.616548		-0.00924349
6.57		0.605858		0.00309197
6.58		0.595335		0.0155896
6.59		0.585002		0.0282422
6.6		0.574882		0.0410416
6.61		0.564995		0.053979
6.62		0.555363		0.0670448
6.63		0.546005		0.0802287
6.64		0.536939		0.0935196
6.65		0.528183		0.106906
6.66		0.519752		0.120375
6.67		0.511661		0.133913
6.68		0.503924		0.147506
6.69		0.496554		0.161141
6.7		0.48956		0.174802
6.71		0.482953		0.188473
6.72		0.476741		0.202139
6.73		0.470929		0.215782
6.74		0.465524		0.229387
6.75		0.460528		0.242936
6.76		0.455945		0.256412
6.77		0.451774		0.269799
6.78		0.448014		0.283078
6.79		0.444665		0.296233
6.8		0.441722		0.309247
6.81		0.439181		0.322104
6.82		0.437036		0.334786
6.83		0.435279		0.347279
6.84		0.433902		0.359566
6.85		0.432895		0.371633
6.86		0.432249		0.383465
6.87		0.431951		0.395049
6.88		0.43199		0.406372
6.89		0.432352		0.417421
6.9		0.433024		0.428185
6.91		0.433991		0.438652
6.92		0.435238		0.448814
6.93		0.43675		0.458659
6.94		0.438511		0.468181
6.95		0.440505		0.477371
6.96		0.442716		0.486222
6.97		0.445128		0.494728
6.98		0.447723		0.502882
6.99		0.450485		0.510681
7		0.453399		0.51812
7.01		0.456446		0.525195
7.02		0.459612		0.531904
7.03		0.462881		0.538243
7.04		0.466236		0.544211
7.05		0.469663		0.549805
7.06		0.473147		0.555027
7.07		0.476673		0.559873
7.08		0.480227		0.564345
7.09		0.483796		0.568442
7.1		0.487367		0.572164
7.11		0.490928		0.575513
7.12		0.494466		0.578489
7.13		0.497972		0.581094
7.14		0.501434		0.583328
7.15		0.504843		0.585193
7.16		0.508189		0.586691
7.17		0.511465		0.587823
7.18		0.514663		0.588592
7.19		0.517776		0.588999
7.2		0.520798		0.589046
7.21		0.523724		0.588736
7.22		0.526548		0.588071
7.23		0.529267		0.587052
7.24		0.531879		0.585683
7.25		0.53438		0.583966
7.26		0.536769		0.581902
7.27		0.539045		0.579494
7.28		0.541208		0.576745
7.29		0.543258		0.573658
7.3		0.545198		0.570234
7.31		0.547028		0.566477
7.32		0.548751		0.562388
7.33		0.550372		0.557972
7.34		0.551893		0.55323
7.35		0.55332		0.548165
7.36		0.554657		0.542781
7.37		0.555911		0.537081
7.38		0.557087		0.531068
7.39		0.558192		0.524745
7.4		0.559234		0.518115
7.41		0.560221		0.511184
7.42		0.56116		0.503953
7.43		0.562061		0.496428
7.44		0.562931		0.488614
7.45		0.563781		0.480513
7.46		0.564619		0.472132
7.47		0.565456		0.463475
7.48		0.5663		0.454547
7.49		0.567163		0.445355
7.5		0.568054		0.435904
7.51		0.568983		0.4262
7.52		0.56996		0.416249
7.53		0.570995		0.406059
7.54		0.572098		0.395637
7.55		0.573279		0.38499
7.56		0.574546		0.374125
7.57		0.57591		0.363052
7.58		0.577379		0.351777
7.59		0.578962		0.340311
7.6		0.580666		0.328661
7.61		0.582499		0.316838
7.62		0.584468		0.30485
7.63		0.58658		0.292708
7.64		0.58884		0.280421
7.65		0.591254		0.267999
7.66		0.593827		0.255454
7.67		0.596561		0.242795
7.68		0.599461		0.230034
7.69		0.602528		0.21718
7.7		0.605764		0.204246
7.71		0.609169		0.191241
7.72		0.612744		0.178177
7.73		0.616488		0.165065
7.74		0.620398		0.151916
7.75		0.624472		0.138739
7.76		0.628705		0.125547
7.77		0.633095		0.11235
7.78		0.637634		0.0991568
7.79		0.642318		0.085979
7.8		0.647139		0.0728263
7.81		0.652088		0.0597081
7.82		0.657158		0.0466341
7.83		0.662339		0.0336132
7.84		0.667621		0.0206543
7.85		0.672993		0.0077658
7.86		0.678443		-0.00504406
7.87		0.68396		-0.0177675
7.88		0.68953		-0.0303972
7.89		0.69514		-0.0429259
7.9		0.700776		-0.055347
7.91		0.706425		-0.0676541
7.92		0.712071		-0.0798414
7.93		0.7177		-0.0919031
7.94		0.723295		-0.103834
7.95		0.728843		-0.115629
7.96		0.734325		-0.127284
7.97		0.739728		-0.138795
7.98		0.745034		-0.150157
7.99		0.750227		-0.161367
8		0.755292		-0.172422
8.01		0.760212		-0.183319
8.02		0.764971		-0.194054
8.03		0.769554		-0.204626
8.04		0.773944		-0.215033
8.05		0.778126		-0.225272
8.06		0.782085		-0.235341
8.07		0.785806		-0.245238
8.08		0.789274		-0.254963
8.09		0.792476		-0.264514
8.1		0.795397		-0.27389
8.11		0.798025		-0.283089
8.12		0.800347		-0.292111
8.13		0.80235		-0.300954
8.14		0.804023		-0.309619
8.15		0.805355		-0.318104
8.16		0.806336		-0.326408
8.17		0.806956		-0.334531
8.18		0.807206		-0.342472
8.19		0.807078		-0.35023
8.2		0.806565		-0.357805
8.21		0.805659		-0.365196
8.22		0.804355		-0.372402
8.23		0.802647		-0.379423
8.24		0.800532		-0.386256
8.25		0.798005		-0.392902
8.26		0.795065		-0.399359
8.27		0.791708		-0.405626
8.28		0.787935		-0.411702
8.29		0.783745		-0.417585
8.3		0.77914		-0.423274
8.31		0.77412		-0.428767
8.32		0.768688		-0.434062
8.33		0.762848		-0.439157
8.34		0.756604		-0.44405
8.35		0.749961		-0.448739
8.36		0.742926		-0.45322
8.37		0.735505		-0.457492
8.38		0.727707		-0.46155
8.39		0.719539		-0.465393
8.4		0.711012		-0.469016
8.41		0.702136		-0.472416
8.42		0.692923		-0.475588
8.43		0.683384		-0.47853
8.44		0.673532		-0.481236
8.45		0.663382		-0.483702
8.46		0.652948		-0.485923
8.47		0.642244		-0.487894
8.48		0.631289		-0.489609
8.49		0.620097		-0.491064
8.5		0.608688		-0.492251
8.51		0.597078		-0.493166
8.52		0.585288		-0.493802
8.53		0.573338		-0.494152
8.54		0.561246		-0.49421
8.55		0.549036		-0.493968
8.56		0.536727		-0.493421
8.57		0.524344		-0.49256
8.58		0.511908		-0.491378
8.59		0.499442		-0.489868
8.6		0.486972		-0.488023
8.61		0.474522		-0.485836
8.62		0.462115		-0.483298
8.63		0.449779		-0.480402
8.64		0.437538		-0.477142
8.65		0.42542		-0.473511
8.66		0.413449		-0.469501
8.67		0.401655		-0.465107
8.68		0.390062		-0.460323
8.69		0.3787		-0.455144
8.7		0.367595		-0.449564
8.71		0.356775		-0.44358
8.72		0.346268		-0.437189
8.73		0.336101		-0.430388
8.74		0.326302		-0.423177
8.75		0.316899		-0.415554
8.76		0.307918		-0.407522
8.77		0.299387		-0.399083
8.78		0.291332		-0.39024
8.79		0.28378		-0.380999
8.8		0.276754		-0.371367
8.81		0.27028		-0.361353
8.82		0.264383		-0.350966
8.83		0.259084		-0.34022
8.84		0.254405		-0.329127
8.85		0.250368		-0.317703
8.86		0.246991		-0.305965
8.87		0.244292		-0.293933
8.88		0.242288		-0.281627
8.89		0.240994		-0.269068
8.9		0.240421		-0.256281
8.91		0.240582		-0.243288
8.92		0.241485		-0.230117
8.93		0.243138		-0.216793
8.94		0.245544		-0.203343
8.95		0.248708		-0.189794
8.96		0.252629		-0.176175
8.97		0.257306		-0.162512
8.98		0.262735		-0.148833
8.99		0.268909		-0.135164
9		0.275819		-0.121532
9.01		0.283456		-0.107962
9.02		0.291806		-0.0944786
9.03		0.300853		-0.0811044
9.04		0.310581		-0.0678613
9.05		0.320971		-0.0547697
9.06		0.332001		-0.0418485
9.07		0.343647		-0.029115
9.08		0.355887		-0.016585
9.09		0.368692		-0.00427244
9.1		0.382036		0.00781
9.11		0.395889		0.0196514
9.12		0.41022		0.0312424
9.13		0.424999		0.0425749
9.14		0.440191		0.0536425
9.15		0.455764		0.06444
9.16		0.471682		0.0749635
9.17		0.487911		0.0852101
9.18		0.504415		0.0951782
9.19		0.521156		0.104867
9.2		0.538099		0.114277
9.21		0.555206		0.123409
9.22		0.57244		0.132265
9.23		0.589763		0.140847
9.24		0.607137		0.149158
9.25		0.624526		0.157201
9.26		0.641891		0.164981
9.27		0.659196		0.172501
9.28		0.676403		0.179766
9.29		0.693477		0.18678
9.3		0.71038		0.193549
9.31		0.727077		0.200076
9.32		0.743534		0.206368
9.33		0.759714		0.212429
9.34		0.775586		0.218264
9.35		0.791116		0.223879
9.36		0.806271		0.229277
9.37		0.82102		0.234465
9.38		0.835332		0.239446
9.39		0.849179		0.244226
9.4		0.862531		0.248809
9.41		0.875361		0.253199
9.42		0.887642		0.257401
9.43		0.89935		0.261418
9.44		0.91046		0.265255
9.45		0.92095		0.268915
9.46		0.930797		0.272402
9.47		0.939982		0.275718
9.48		0.948485		0.278868
9.49		0.956288		0.281853
9.5		0.963377		0.284677
9.51		0.969734		0.287342
9.52		0.975348		0.28985
9.53		0.980206		0.292204
9.54		0.984298		0.294404
9.55		0.987613		0.296454
9.56		0.990146		0.298353
9.57		0.991889		0.300104
9.58		0.992839		0.301707
9.59		0.992991		0.303163
9.6		0.992345		0.304473
9.61		0.990901		0.305637
9.62		0.988659		0.306654
9.63		0.985624		0.307525
9.64		0.981799		0.30825
9.65		0.97719		0.308827
9.66		0.971806		0.309257
9.67		0.965655		0.309537
9.68		0.958748		0.309666
9.69		0.951097		0.309644
9.7		0.942714		0.309467
9.71		0.933616		0.309135
9.72		0.923818		0.308644
9.73		0.913337		0.307993
9.74		0.902193		0.307178
9.75		0.890407		0.306197
9.76		0.877998		0.305045
9.77		0.864991		0.30372
9.78		0.851409		0.302218
9.79		0.837277		0.300535
9.8		0.822623		0.298665
9.81		0.807472		0.296606
9.82		0.791854		0.294351
9.83		0.775798		0.291896
9.84		0.759335		0.289235
9.85		0.742495		0.286363
9.86		0.725312		0.283274
9.87		0.707818		0.279962
9.88		0.690048		0.27642
9.89		0.672035		0.272643
9.9		0.653816		0.268623
9.91		0.635426		0.264354
9.92		0.616901		0.25983
9.93		0.598279		0.255043
9.94		0.579597		0.249986
9.95		0.560893		0.244653
9.96		0.542205		0.239036
9.97		0.523572		0.23313
9.98		0.505031		0.226927
9.99		0.486623		0.220422
10		0.468385		0.213608
10.01		0.450356		0.206481
10.02		0.432576		0.199035
10.03		0.415082		0.191267
10.04		0.397912		0.183172
10.05		0.381105		0.174749
10.06		0.364699		0.165997
10.07		0.348729		0.156913
10.08		0.333232		0.147501
10.09		0.318243		0.137761
10.1		0.303797		0.127698
10.11		0.289928		0.117317
10.12		0.276668		0.106626
10.13		0.264048		0.0956331
10.14		0.252098		0.0843495
10.15		0.240847		0.0727882
10.16		0.230321		0.0609642
10.17		0.220546		0.0488944
10.18		0.211545		0.0365978
10.19		0.203339		0.0240955
10.2		0.195948		0.0114102
10.21		0.189389		-0.00143346
10.22		0.183676		-0.0144092
10.23		0.178822		-0.0274894
10.24		0.174838		-0.0406451
10.25		0.171731		-0.0538466
10.26		0.169507		-0.0670631
10.27		0.168167		-0.0802638
10.28		0.167713		-0.0934175
10.29		0.168141		-0.106493
10.3		0.169448		-0.11946
10.31		0.171626		-0.132289
10.32		0.174665		-0.144951
10.33		0.178553		-0.157418
10.34		0.183277		-0.169664
10.35		0.188819		-0.181665
10.36		0.195163		-0.193399
10.37		0.202287		-0.204844
10.38		0.210169		-0.215983
10.39		0.218787		-0.226798
10.4		0.228115		-0.237275
10.41		0.238126		-0.247403
10.42		0.248794		-0.25717
10.43		0.260088		-0.26657
10.44		0.27198		-0.275594
10.45		0.284438		-0.28424
10.46		0.29743		-0.292505
10.47		0.310925		-0.300387
10.48		0.324889		-0.307886
10.49		0.33929		-0.315005
10.5		0.354092		-0.321745
10.51		0.369263		-0.328112
10.52		0.384768		-0.33411
10.53		0.400572		-0.339744
10.54		0.416641		-0.34502
10.55		0.43294		-0.349947
10.56		0.449434		-0.354529
10.57		0.466088		-0.358776
10.58		0.48287		-0.362696
10.59		0.499743		-0.366295
10.6		0.516675		-0.369583
10.61		0.533631		-0.372567
10.62		0.550578		-0.375256
10.63		0.567484		-0.377658
10.64		0.584316		-0.37978
10.65		0.601042		-0.381631
10.66		0.61763		-0.383219
10.67		0.63405		-0.38455
10.68		0.650271		-0.385632
10.69		0.666263		-0.386472
10.7		0.681999		-0.387076
10.71		0.697448		-0.387452
10.72		0.712585		-0.387604
10.73		0.727382		-0.38754
10.74		0.741814		-0.387263
10.75		0.755855		-0.386781
10.76		0.769482		-0.386098
10.77		0.782671		-0.385217
10.78		0.795401		-0.384144
10.79		0.807649		-0.382883
10.8		0.819397		-0.381438
10.81		0.830625		-0.379811
10.82		0.841314		-0.378007
10.83		0.851449		-0.376027
10.84		0.861014		-0.373875
10.85		0.869993		-0.371553
10.86		0.878374		-0.369063
10.87		0.886145		-0.366407
10.88		0.893293		-0.363586
10.89		0.899811		-0.360603
10.9		0.905689		-0.357457
10.91		0.91092		-0.35415
10.92		0.915497		-0.350683
10.93		0.919418		-0.347056
10.94		0.922677		-0.343268
10.95		0.925274		-0.339322
10.96		0.927206		-0.335215
10.97		0.928476		-0.330948
10.98		0.929084		-0.32652
10.99		0.929033		-0.32193
11		0.928329		-0.317178
11.01		0.926976		-0.312262
11.02		0.924982		-0.307181
11.03		0.922355		-0.301934
11.04		0.919104		-0.296519
11.05		0.91524		-0.290934
11.06		0.910775		-0.285178
11.07		0.905722		-0.279249
11.08		0.900095		-0.273143
11.09		0.893909		-0.266861
11.1		0.887181		-0.260398
11.11		0.879929		-0.253753
11.12		0.872171		-0.246924
11.13		0.863927		-0.239907
11.14		0.855217		-0.232701
11.15		0.846063		-0.225302
11.16		0.836488		-0.217709
11.17		0.826514		-0.209919
11.18		0.816166		-0.201929
11.19		0.805469		-0.193737
11.2		0.794448		-0.185341
11.21		0.78313		-0.176738
11.22		0.771542		-0.167927
11.23		0.75971		-0.158905
11.24		0.747663		-0.149671
11.25		0.735429		-0.140224
11.26		0.723037		-0.130563
11.27		0.710516		-0.120686
11.28		0.697895		-0.110593
11.29		0.685203		-0.100284
11.3		0.67247		-0.0897602
11.31		0.659725		-0.0790215
11.32		0.646998		-0.0680698
11.33		0.634318		-0.0569069
11.34		0.621713		-0.0455356
11.35		0.609213		-0.033959
11.36		0.596846		-0.0221813
11.37		0.584639		-0.0102071
11.38		0.57262		0.00195801
11.39		0.560815		0.0143077
11.4		0.54925		0.0268346
11.41		0.53795		0.0395309
11.42		0.526938		0.0523873
11.43		0.516238		0.0653941
11.44		0.505872		0.0785404
11.45		0.495861		0.0918145
11.46		0.486223		0.105204
11.47		0.476978		0.118695
11.48		0.468141		0.132273
11.49		0.459729		0.145923
11.5		0.451754		0.159629
11.51		0.44423		0.173374
11.52		0.437167		0.187141
11.53		0.430575		0.200912
11.54		0.42446		0.214669
11.55		0.418829		0.228392
11.56		0.413685		0.242064
11.57		0.409032		0.255663
11.58		0.40487		0.269172
11.59		0.401198		0.28257
11.6		0.398014		0.295838
11.61		0.395314		0.308957
11.62		0.393094		0.321909
11.63		0.391345		0.334675
11.64		0.39006		0.347237
11.65		0.38923		0.359578
11.66		0.388843		0.371682
11.67		0.388888		0.383532
11.68		0.389351		0.395114
11.69		0.39022		0.406413
11.7		0.391479		0.417417
11.71		0.393113		0.428112
11.72		0.395104		0.438488
11.73		0.397437		0.448534
11.74		0.400094		0.45824
11.75		0.403056		0.467599
11.76		0.406307		0.476602
11.77		0.409826		0.485243
11.78		0.413597		0.493516
11.79		0.417598		0.501416
11.8		0.421813		0.508939
11.81		0.426222		0.516082
11.82		0.430806		0.522841
11.83		0.435547		0.529216
11.84		0.440427		0.535205
11.85		0.445427		0.540807
11.86		0.45053		0.546022
11.87		0.455719		0.55085
11.88		0.460977		0.555293
11.89		0.466287		0.559352
11.9		0.471634		0.563027
11.91		0.477003		0.566322
11.92		0.482377		0.569239
11.93		0.487744		0.571779
11.94		0.49309		0.573946
11.95		0.498402		0.575742
11.96		0.503668		0.577171
11.97		0.508876		0.578235
11.98		0.514015		0.578939
11.99		0.519076		0.579285
12		0.524049		0.579276
12.01		0.528924		0.578917
12.02		0.533695		0.57821
12.03		0.538354		0.57716
12.04		0.542894		0.575769
12.05		0.54731		0.574041
12.06		0.551597		0.571981
12.07		0.55575		0.56959
12.08		0.559766		0.566873
12.09		0.563642		0.563833
12.1		0.567376		0.560474
12.11		0.570967		0.556799
12.12		0.574414		0.552812
12.13		0.577717		0.548515
12.14		0.580876		0.543913
12.15		0.583893		0.539009
12.16		0.586769		0.533805
12.17		0.589508		0.528307
12.18		0.592113		0.522516
12.19		0.594586		0.516438
12.2		0.596933		0.510074
12.21		0.599159		0.50343
12.22		0.601267		0.496508
12.23		0.603266		0.489313
12.24		0.605159		0.481849
12.25		0.606955		0.474119
12.26		0.608659		0.466127
12.27		0.61028		0.457879
12.28		0.611825		0.449378
12.29		0.613302		0.440629
12.3		0.614719		0.431637
12.31		0.616085		0.422407
12.32		0.617407		0.412943
12.33		0.618695		0.403252
12.34		0.619958		0.393339
12.35		0.621203		0.38321
12.36		0.62244		0.37287
12.37		0.623677		0.362325
12.38		0.624923		0.351584
12.39		0.626186		0.340651
12.4		0.627475		0.329534
12.41		0.628797		0.31824
12.42		0.630161		0.306777
12.43		0.631573		0.295152
12.44		0.633041		0.283373
12.45		0.634571		0.271447
12.46		0.636171		0.259384
12.47		0.637845		0.247192
12.48		0.639598		0.234879
12.49		0.641437		0.222453
12.5		0.643364		0.209925
12.51		0.645384		0.197303
12.52		0.647499		0.184595
12.53		0.649712		0.171812
12.54		0.652024		0.158963
12.55		0.654437		0.146056
12.56		0.656951		0.133102
12.57		0.659566		0.12011
12.58		0.66228		0.107088
12.59		0.665091		0.0940468
12.6		0.667998		0.0809951
12.61		0.670997		0.0679421
12.62		0.674083		0.0548968
12.63		0.677253		0.0418681
12.64		0.680501		0.0288648
12.65		0.683821		0.0158955
12.66		0.687207		0.00296845
12.67		0.690651		-0.00990805
12.68		0.694145		-0.0227261
12.69		0.697681		-0.0354778
12.7		0.70125		-0.0481559
12.71		0.704843		-0.060753
12.72		0.708448		-0.0732622
12.73		0.712057		-0.0856768
12.74		0.715658		-0.0979902
12.75		0.719239		-0.110196
12.76		0.72279		-0.12229
12.77		0.726297		-0.134264
12.78		0.72975		-0.146114
12.79		0.733136		-0.157836
12.8		0.736442		-0.169423
12.81		0.739655		-0.180872
12.82		0.742764		-0.192178
12.83		0.745754		-0.203337
12.84		0.748614		-0.214346
12.85		0.75133		-0.225201
12.86		0.75389		-0.235899
12.87		0.756281		-0.246435
12.88		0.758491		-0.256809
12.89		0.760508		-0.267015
12.9		0.76232		-0.277053
12.91		0.763914		-0.28692
12.92		0.765281		-0.296613
12.93		0.766408		-0.30613
12.94		0.767286		-0.315469
12.95		0.767904		-0.324629
12.96		0.768252		-0.333606
12.97		0.768322		-0.3424
12.98		0.768104		-0.351009
12.99		0.76759		-0.35943
13		0.766773		-0.367663
13.01		0.765646		-0.375705
13.02		0.764202		-0.383556
13.03		0.762435		-0.391212
13.04		0.760341		-0.398673
13.05		0.757915		-0.405937
13.06		0.755154		-0.413002
13.07		0.752053		-0.419866
13.08		0.748612		-0.426527
13.09		0.744828		-0.432983
13.1		0.7407		-0.439233
13.11		0.73623		-0.445273
13.12		0.731416		-0.451102
13.13		0.726261		-0.456718
13.14		0.720767		-0.462117
13.15		0.714938		-0.467296
13.16		0.708776		-0.472254
13.17		0.702287		-0.476987
13.18		0.695475		-0.481492
13.19		0.688348		-0.485765
13.2		0.680913		-0.489803
13.21		0.673176		-0.493602
13.22		0.665147		-0.497158
13.23		0.656835		-0.500467
13.24		0.64825		-0.503525
13.25		0.639403		-0.506327
13.26		0.630307		-0.508868
13.27		0.620972		-0.511144
13.28		0.611413		-0.513148
13.29		0.601644		-0.514877
13.3		0.591678		-0.516324
13.31		0.581533		-0.517484
13.32		0.571223		-0.51835
13.33		0.560765		-0.518916
13.34		0.550178		-0.519177
13.35		0.539478		-0.519125
13.36		0.528686		-0.518755
13.37		0.517819		-0.518059
13.38		0.5069		-0.517032
13.39		0.495947		-0.515665
13.4		0.484982		-0.513953
13.41		0.474028		-0.511888
13.42		0.463106		-0.509465
13.43		0.452239		-0.506676
13.44		0.44145		-0.503515
13.45		0.430763		-0.499976
13.46		0.420203		-0.496054
13.47		0.409793		-0.491742
13.48		0.399558		-0.487036
13.49		0.389524		-0.481931
13.5		0.379716		-0.476424
13.51		0.370159		-0.47051
13.52		0.360879		-0.464189
13.53		0.351902		-0.457457
13.54		0.343254		-0.450314
13.55		0.334959		-0.442762
13.56		0.327045		-0.4348
13.57		0.319535		-0.426433
13.58		0.312455		-0.417663
13.59		0.305829		-0.408497
13.6		0.299682		-0.398941
13.61		0.294037		-0.389004
13.62		0.288917		-0.378695
13.63		0.284344		-0.368027
13.64		0.280338		-0.357011
13.65		0.27692		-0.345663
13.66		0.274108		-0.333998
13.67		0.27192		-0.322035
13.68		0.270372		-0.309793
13.69		0.269479		-0.297291
13.7		0.269254		-0.284553
13.71		0.269707		-0.271599
13.72		0.270848		-0.258456
13.73		0.272685		-0.245145
13.74		0.275223		-0.231695
13.75		0.278466		-0.218128
13.76		0.282415		-0.204473
13.77		0.28707		-0.190754
13.78		0.292427		-0.176998
13.79		0.298482		-0.16323
13.8		0.305228		-0.149474
13.81		0.312654		-0.135757
13.82		0.32075		-0.1221
13.83		0.329503		-0.108526
13.84		0.338895		-0.0950573
13.85		0.348911		-0.0817135
13.86		0.359531		-0.0685135
13.87		0.370733		-0.0554748
13.88		0.382494		-0.0426135
13.89		0.394791		-0.0299443
13.9		0.407596		-0.0174803
13.91		0.420882		-0.0052332
13.92		0.434622		0.00678659
13.93		0.448783		0.0185702
13.94		0.463336		0.03011
13.95		0.478249		0.0413997
13.96		0.493488		0.0524342
13.97		0.509019		0.0632095
13.98		0.524809		0.0737228
13.99		0.540821		0.0839722
14		0.557022		0.0939566
14.01		0.573375		0.103676
14.02		0.589843		0.113131
14.03		0.606391		0.122322
14.04		0.622983		0.131252
14.05		0.639581		0.139923
14.06		0.656151		0.148338
14.07		0.672655		0.1565
14.08		0.689058		0.164412
14.09		0.705325		0.172079
14.1		0.72142		0.179504
14.11		0.737308		0.186691
14.12		0.752956		0.193646
14.13		0.768331		0.200371
14.14		0.783398		0.206873
14.15		0.798127		0.213155
14.16		0.812485		0.219222
14.17		0.826442		0.225077
14.18		0.839969		0.230727
14.19		0.853037		0.236175
14.2		0.865618		0.241424
14.21		0.877685		0.24648
14.22		0.889213		0.251347
14.23		0.900177		0.256027
14.24		0.910554		0.260526
14.25		0.920322		0.264845
14.26		0.929459		0.26899
14.27		0.937947		0.272962
14.28		0.945766		0.276765
14.29		0.9529		0.280403
14.3		0.959333		0.283876
14.31		0.96505		0.287188
14.32		0.97004		0.290342
14.33		0.974289		0.293339
14.34		0.977788		0.29618
14.35		0.980529		0.298869
14.36		0.982504		0.301405
14.37		0.983708		0.303791
14.38		0.984136		0.306027
14.39		0.983786		0.308114
14.4		0.982656		0.310053
14.41		0.980746		0.311844
14.42		0.978059		0.313487
14.43		0.974598		0.314982
14.44		0.970367		0.316329
14.45		0.965373		0.317527
14.46		0.959623		0.318576
14.47		0.953126		0.319474
14.48		0.945893		0.32022
14.49		0.937936		0.320813
14.5		0.929268		0.321251
14.51		0.919904		0.321532
14.52		0.90986		0.321654
14.53		0.899154		0.321613
14.54		0.887804		0.321409
14.55		0.875831		0.321037
14.56		0.863255		0.320494
14.57		0.8501		0.319776
14.58		0.836388		0.31888
14.59		0.822146		0.317802
14.6		0.807398		0.316538
14.61		0.792172		0.315082
14.62		0.776496		0.313429
14.63		0.760398		0.311576
14.64		0.74391		0.309515
14.65		0.727061		0.307242
14.66		0.709884		0.30475
14.67		0.692412		0.302034
14.68		0.674677		0.299086
14.69		0.656713		0.2959
14.7		0.638556		0.29247
14.71		0.62024		0.288789
14.72		0.601802		0.284848
14.73		0.583278		0.280642
14.74		0.564705		0.276162
14.75		0.54612		0.271402
14.76		0.52756		0.266354
14.77		0.509064		0.261011
14.78		0.49067		0.255367
14.79		0.472415		0.249413
14.8		0.454338		0.243145
14.81		0.436477		0.236555
14.82		0.41887		0.229639
14.83		0.401556		0.222391
14.84		0.384572		0.214808
14.85		0.367956		0.206885
14.86		0.351745		0.198621
14.87		0.335974		0.190014
14.88		0.320682		0.181064
14.89		0.305901		0.171773
14.9		0.291668		0.162144
14.91		0.278015		0.15218
14.92		0.264976		0.141889
14.93		0.252581		0.131278
14.94		0.240861		0.120357
14.95		0.229844		0.109138
14.96		0.219557		0.0976355
14.97		0.210027		0.0858655
14.98		0.201277		0.0738463
14.99		0.193328		0.0615981
15		0.186202		0.0491433
15.01		0.179915		0.0365059
15.02		0.174483		0.0237118
15.03		0.169919		0.0107884
15.04		0.166235		-0.00223556
15.05		0.163439		-0.0153302
15.06		0.161536		-0.028465
15.07		0.160531		-0.0416087
15.08		0.160424		-0.0547299
15.09		0.161214		-0.0677971
15.1		0.162896		-0.0807794
15.11		0.165464		-0.0936465
15.12		0.168909		-0.106369
15.13		0.173219		-0.118918
15.14		0.178381		-0.131268
15.15		0.184379		-0.143393
15.16		0.191194		-0.15527
15.17		0.198807		-0.166877
15.18		0.207196		-0.178196
15.19		0.216338		-0.189208
15.2		0.226206		-0.199899
15.21		0.236775		-0.210256
15.22		0.248016		-0.220268
15.23		0.2599		-0.229926
15.24		0.272396		-0.239223
15.25		0.285473		-0.248154
15.26		0.299099		-0.256716
15.27		0.313241		-0.264908
15.28		0.327865		-0.272729
15.29		0.342935		-0.28018
15.3		0.358419		-0.287264
15.31		0.374279		-0.293984
15.32		0.390482		-0.300345
15.33		0.40699		-0.306352
15.34		0.423769		-0.312011
15.35		0.440781		-0.317329
15.36		0.457991		-0.322311
15.37		0.475363		-0.326967
15.38		0.492861		-0.331303
15.39		0.51045		-0.335327
15.4		0.528093		-0.339047
15.41		0.545756		-0.342471
15.42		0.563403		-0.345608
15.43		0.581001		-0.348464
15.44		0.598515		-0.351049
15.45		0.615911		-0.353369
15.46		0.633156		-0.355432
15.47		0.650219		-0.357246
15.48		0.667066		-0.358817
15.49		0.683668		-0.360153
15.5		0.699992		-0.36126
15.51		0.716011		-0.362144
15.52		0.731693		-0.362811
15.53		0.747012		-0.363267
15.54		0.76194		-0.363518
15.55		0.776451		-0.363569
15.56		0.790519		-0.363424
15.57		0.80412		-0.363089
15.58		0.81723		-0.362567
15.59		0.829827		-0.361862
15.6		0.841889		-0.360978
15.61		0.853397		-0.359919
15.62		0.864332		-0.358688
15.63		0.874674		-0.357287
15.64		0.884408		-0.355719
15.65		0.893519		-0.353987
15.66		0.901991		-0.352091
15.67		0.909813		-0.350036
15.68		0.916971		-0.347821
15.69		0.923456		-0.345448
15.7		0.929259		-0.342918
15.71		0.934372		-0.340232
15.72		0.938789		-0.337391
15.73		0.942504		-0.334395
15.74		0.945514		-0.331243
15.75		0.947816		-0.327937
15.76		0.94941		-0.324475
15.77		0.950296		-0.320858
15.78		0.950476		-0.317084
15.79		0.949952		-0.313153
15.8		0.94873		-0.309064
15.81		0.946815		-0.304814
15.82		0.944214		-0.300404
15.83		0.940937		-0.295831
15.84		0.936993		-0.291093
15.85		0.932392		-0.286189
15.86		0.927149		-0.281116
15.87		0.921276		-0.275873
15.88		0.914788		-0.270456
15.89		0.907702		-0.264864
15.9		0.900034		-0.259093
15.91		0.891805		-0.25314
15.92		0.883032		-0.247004
15.93		0.873738		-0.240681
15.94		0.863944		-0.234167
15.95		0.853673		-0.227461
15.96		0.842948		-0.220558
15.97		0.831795		-0.213456
15.98		0.820239		-0.206151
15.99		0.808307		-0.19864
16		0.796027		-0.19092
16.01		0.783425		-0.182988
16.02		0.770531		-0.174841
16.03		0.757375		-0.166477
16.04		0.743986		-0.157892
16.05		0.730394		-0.149084
16.06		0.716631		-0.140051
16.07		0.702729		-0.13079
16.08		0.688718		-0.121301
16.09		0.67463		-0.111582
16.1		0.660497		-0.101632
16.11		0.646352		-0.0914503
16.12		0.632226		-0.0810375
16.13		0.618151		-0.0703942
16.14		0.604159		-0.0595216
16.15		0.590282		-0.0484217
16.16		0.576551		-0.0370973
16.17		0.562996		-0.0255518
16.18		0.549648		-0.0137896
16.19		0.536536		-0.00181602
16.2		0.52369		0.0103628
16.21		0.511136		0.0227398
16.22		0.498903		0.0353067
16.23		0.487016		0.0480543
16.24		0.4755		0.0609722
16.25		0.46438		0.0740492
16.26		0.453677		0.0872727
16.27		0.443414		0.100629
16.28		0.433609		0.114104
16.29		0.424281		0.127682
16.3		0.415447		0.141346
16.31		0.407122		0.155078
16.32		0.399318		0.168861
16.33		0.392049		0.182674
16.34		0.385322		0.196499
16.35		0.379147		0.210314
16.36		0.37353		0.224099
16.37		0.368474		0.237832
16.38		0.363982		0.251493
16.39		0.360056		0.265058
16.4		0.356693		0.278507
16.41		0.353891		0.291819
16.42		0.351645		0.304971
16.43		0.349949		0.317944
16.44		0.348795		0.330717
16.45		0.348174		0.343271
16.46		0.348075		0.355586
16.47		0.348485		0.367646
16.48		0.349392		0.379433
16.49		0.350781		0.390931
16.5		0.352635		0.402125
16.51		0.354939		0.413002
16.52		0.357675		0.423548
16.53		0.360825		0.433753
16.54		0.364369		0.443606
16.55		0.368288		0.453097
16.56		0.372563		0.46222
16.57		0.377172		0.470966
16.58		0.382095		0.479329
16.59		0.387311		0.487306
16.6		0.3928		0.494892
16.61		0.398539		0.502084
16.62		0.404509		0.508881
16.63		0.410687		0.51528
16.64		0.417054		0.521282
16.65		0.423589		0.526886
16.66		0.430271		0.532095
16.67		0.437081		0.536908
16.68		0.443998		0.541328
16.69		0.451004		0.545358
16.7		0.45808		0.549
16.71		0.465208		0.552258
16.72		0.47237		0.555135
16.73		0.479549		0.557635
16.74		0.486728		0.559762
16.75		0.493891		0.561521
16.76		0.501024		0.562915
16.77		0.50811		0.563949
16.78		0.515137		0.564628
16.79		0.522091		0.564956
16.8		0.528959		0.564937
16.81		0.535729		0.564578
16.82		0.54239		0.563881
16.83		0.548931		0.562853
16.84		0.555343		0.561497
16.85		0.561616		0.559817
16.86		0.567742		0.557819
16.87		0.573713		0.555507
16.88		0.579522		0.552885
16.89		0.585164		0.549957
16.9		0.590632		0.546727
16.91		0.595921		0.543201
16.92		0.601029		0.53938
16.93		0.605951		0.53527
16.94		0.610684		0.530875
16.95		0.615227		0.526197
16.96		0.619578		0.521242
16.97		0.623737		0.516011
16.98		0.627704		0.51051
16.99		0.631479		0.504742
17		0.635064		0.498709
17.01		0.63846		0.492416
17.02		0.641669		0.485867
17.03		0.644696		0.479064
17.04		0.647543		0.472011
17.05		0.650215		0.464711
17.06		0.652716		0.457169
17.07		0.655051		0.449387
17.08		0.657226		0.44137
17.09		0.659246		0.433121
17.1		0.661118		0.424643
17.11		0.662849		0.415941
17.12		0.664445		0.407018
17.13		0.665915		0.397879
17.14		0.667265		0.388528
17.15		0.668503		0.378968
17.16		0.669638		0.369205
17.17		0.670677		0.359243
17.18		0.671629		0.349087
17.19		0.672502		0.338742
17.2		0.673305		0.328212
17.21		0.674046		0.317503
17.22		0.674733		0.306621
17.23		0.675375		0.29557
17.24		0.675981		0.284358
17.25		0.676558		0.272989
17.26		0.677114		0.261471
17.27		0.677657		0.249809
17.28		0.678195		0.23801
17.29		0.678735		0.226082
17.3		0.679283		0.21403
17.31		0.679846		0.201862
17.32		0.680431		0.189585
17.33		0.681042		0.177208
17.34		0.681686		0.164736
17.35		0.682367		0.15218
17.36		0.68309		0.139545
17.37		0.683857		0.12684
17.38		0.684674		0.114074
17.39		0.685541		0.101255
17.4		0.686461		0.08839
17.41		0.687437		0.0754885
17.42		0.688468		0.0625585
17.43		0.689555		0.0496085
17.44		0.690697		0.0366468
17.45		0.691895		0.0236818
17.46		0.693145		0.0107219
17.47		0.694446		-0.00222473
17.48		0.695796		-0.0151498
17.49		0.697191		-0.0280452
17.5		0.698626		-0.040903
17.51		0.700098		-0.0537151
17.52		0.701601		-0.066474
17.53		0.70313		-0.0791719
17.54		0.704679		-0.0918013
17.55		0.70624		-0.104355
17.56		0.707807		-0.116826
17.57		0.709373		-0.129207
17.58		0.710929		-0.141492
17.59		0.712467		-0.153674
17.6		0.713979		-0.165747
17.61		0.715455		-0.177704
17.62		0.716887		-0.189541
17.63		0.718264		-0.20125
17.64		0.719578		-0.212827
17.65		0.720818		-0.224267
17.66		0.721974		-0.235564
17.67		0.723037		-0.246714
17.68		0.723996		-0.257712
17.69		0.724841		-0.268554
17.7		0.725563		-0.279235
17.71		0.72615		-0.289751
17.72		0.726594		-0.300099
17.73		0.726885		-0.310275
17.74		0.727012		-0.320275
17.75		0.726967		-0.330096
17.76		0.726741		-0.339735
17.77		0.726323		-0.349188
17.78		0.725707		-0.358452
17.79		0.724884		-0.367525
17.8		0.723846		-0.376403
17.81		0.722585		-0.385084
17.82		0.721095		-0.393565
17.83		0.719369		-0.401843
17.84		0.717401		-0.409916
17.85		0.715186		-0.417781
17.86		0.712718		-0.425435
17.87		0.709993		-0.432876
17.88		0.707007		-0.440101
17.89		0.703757		-0.447107
17.9		0.70024		-0.453893
17.91		0.696454		-0.460454
17.92		0.692398		-0.466788
17.93		0.688071		-0.472892
17.94		0.683473		-0.478764
17.95		0.678604		-0.4844
17.96		0.673466		-0.489797
17.97		0.668061		-0.494951
17.98		0.662392		-0.49986
17.99		0.656462		-0.50452
18		0.650275		-0.508927
18.01		0.643836		-0.513077
18.02		0.63715		-0.516967
18.03		0.630225		-0.520592
18.04		0.623067		-0.523949
18.05		0.615684		-0.527032
18.06		0.608085		-0.529837
18.07		0.600279		-0.53236
18.08		0.592275		-0.534596
18.09		0.584086		-0.536539
18.1		0.575722		-0.538185
18.11		0.567195		-0.539528
18.12		0.558519		-0.540563
18.13		0.549707		-0.541284
18.14		0.540773		-0.541685
18.15		0.531733		-0.541762
18.16		0.522602		-0.541508
18.17		0.513397		-0.540917
18.18		0.504134		-0.539983
18.19		0.494832		-0.5387
18.2		0.485508		-0.537063
18.21		0.476181		-0.535066
18.22		0.466871		-0.532702
18.23		0.457598		-0.529967
18.24		0.448382		-0.526855
18.25		0.439244		-0.523361
18.26		0.430206		-0.51948
18.27		0.42129		-0.515207
18.28		0.412518		-0.51054
18.29		0.403912		-0.505473
18.3		0.395496		-0.500005
18.31		0.387293		-0.494132
18.32		0.379326		-0.487853
18.33		0.371619		-0.481168
18.34		0.364195		-0.474076
18.35		0.357078		-0.466578
18.36		0.350293		-0.458676
18.37		0.343861		-0.450374
18.38		0.337807		-0.441675
18.39		0.332154		-0.432585
18.4		0.326924		-0.423111
18.41		0.322139		-0.413261
18.42		0.317822		-0.403044
18.43		0.313991		-0.39247
18.44		0.310669		-0.381553
18.45		0.307873		-0.370306
18.46		0.305622		-0.358744
18.47		0.303933		-0.346883
18.48		0.302821		-0.33474
18.49		0.302302		-0.322335
18.5		0.302387		-0.309687
18.51		0.303088		-0.296817
18.52		0.304415		-0.283748
18.53		0.306376		-0.270502
18.54		0.308976		-0.257101
18.55		0.312222		-0.243571
18.56		0.316114		-0.229934
18.57		0.320653		-0.216215
18.58		0.325837		-0.202438
18.59		0.331664		-0.188627
18.6		0.338127		-0.174806
18.61		0.345218		-0.160997
18.62		0.352929		-0.147223
18.63		0.361246		-0.133506
18.64		0.370158		-0.119866
18.65		0.379647		-0.106323
18.66		0.389698		-0.0928964
18.67		0.40029		-0.0796026
18.68		0.411404		-0.066458
18.69		0.423015		-0.0534778
18.7		0.435102		-0.0406755
18.71		0.447638		-0.0280636
18.72		0.460597		-0.0156531
18.73		0.473951		-0.00345392
18.74		0.48767		0.00852545
18.75		0.501726		0.0202776
18.76		0.516087		0.0317962
18.77		0.53072		0.0430762
18.78		0.545595		0.0541134
18.79		0.560678		0.0649047
18.8		0.575935		0.0754478
18.81		0.591332		0.0857413
18.82		0.606836		0.0957846
18.83		0.622411		0.105578
18.84		0.638023		0.115121
18.85		0.653637		0.124416
18.86		0.669219		0.133465
18.87		0.684734		0.142269
18.88		0.700148		0.150831
18.89		0.715427		0.159154
18.9		0.730537		0.167241
18.91		0.745445		0.175095
18.92		0.760118		0.18272
18.93		0.774523		0.190121
18.94		0.78863		0.197299
18.95		0.802408		0.20426
18.96		0.815825		0.211007
18.97		0.828853		0.217545
18.98		0.841464		0.223876
18.99		0.853629		0.230006
19		0.865322		0.235937
19.01		0.876517		0.241674
19.02		0.887189		0.24722
19.03		0.897315		0.252579
19.04		0.906872		0.257754
19.05		0.91584		0.262749
19.06		0.924197		0.267566
19.07		0.931926		0.27221
19.08		0.939007		0.276682
19.09		0.945426		0.280985
19.1		0.951166		0.285122
19.11		0.956214		0.289096
19.12		0.960558		0.292908
19.13		0.964187		0.296561
19.14		0.967091		0.300056
19.15		0.969262		0.303394
19.16		0.970693		0.306578
19.17		0.971378		0.309609
19.18		0.971315		0.312488
19.19		0.9705		0.315214
19.2		0.968932		0.31779
19.21		0.966611		0.320215
19.22		0.963541		0.32249
19.23		0.959723		0.324614
19.24		0.955163		0.326588
19.25		0.949867		0.32841
19.26		0.943842		0.330081
19.27		0.937098		0.331598
19.28		0.929644		0.332961
19.29		0.921493		0.334169
19.3		0.912658		0.33522
19.31		0.903153		0.336111
19.32		0.892994		0.33684
19.33		0.882198		0.337406
19.34		0.870784		0.337805
19.35		0.85877		0.338035
19.36		0.846179		0.338091
19.37		0.833031		0.337971
19.38		0.81935		0.337671
19.39		0.805161		0.337186
19.4		0.790487		0.336513
19.41		0.775357		0.335645
19.42		0.759797		0.33458
19.43		0.743835		0.33331
19.44		0.727501		0.331831
19.45		0.710825		0.330137
19.46		0.693837		0.328222
19.47		0.676571		0.326079
19.48		0.659057		0.323703
19.49		0.641329		0.321085
19.5		0.623421		0.318219
19.51		0.605368		0.315098
19.52		0.587204		0.311715
19.53		0.568964		0.308061
19.54		0.550686		0.30413
19.55		0.532405		0.299913
19.56		0.514157		0.295404
19.57		0.49598		0.290594
19.58		0.477911		0.285476
19.59		0.459987		0.280043
19.6		0.442245		0.274287
19.61		0.424724		0.268203
19.62		0.40746		0.261783
19.63		0.39049		0.255024
19.64		0.373853		0.247918
19.65		0.357583		0.240464
19.66		0.341719		0.232656
19.67		0.326296		0.224494
19.68		0.31135		0.215977
19.69		0.296915		0.207104
19.7		0.283025		0.197879
19.71		0.269715		0.188304
19.72		0.257015		0.178384
19.73		0.244959		0.168128
19.74		0.233575		0.157543
19.75		0.222892		0.146642
19.76		0.212938		0.135437
19.77		0.203738		0.123943
19.78		0.195317		0.112179
19.79		0.187697		0.100163
19.8		0.180898		0.087917
19.81		0.174939		0.0754647
19.82		0.169836		0.0628315
19.83		0.165602		0.0500441
19.84		0.16225		0.037131
19.85		0.159788		0.0241216
19.86		0.158224		0.0110466
19.87		0.157561		-0.00206297
19.88		0.157801		-0.0151756
19.89		0.158943		-0.0282597
19.9		0.160984		-0.0412841
19.91		0.163918		-0.054218
19.92		0.167737		-0.0670316
19.93		0.172429		-0.079696
19.94		0.177981		-0.0921839
19.95		0.184379		-0.10447
19.96		0.191604		-0.116529
19.97		0.199636		-0.12834
19.98		0.208455		-0.139882
19.99		0.218036		-0.151137
