Time		s=0		s=1		s=2		s=3		
0.1		1		1		1		1
0.12		0.9996		0.9996		0.9996		0.9996
0.14		0.998933		0.998933		0.998934		0.998934
0.16		0.998057		0.998058		0.998059		0.998059
0.18		0.997		0.997002		0.997004		0.997006
0.2		0.995778		0.995782		0.995786		0.99579
0.22		0.9944		0.994407		0.994415		0.994422
0.24		0.992873		0.992885		0.992897		0.99291
0.26		0.9912		0.991219		0.991239		0.991258
0.28		0.989385		0.989413		0.989442		0.989471
0.3		0.987429		0.98747		0.987511		0.987551
0.32		0.985333		0.98539		0.985447		0.985502
0.34		0.9831		0.983176		0.983252		0.983327
0.36		0.980729		0.98083		0.980929		0.981027
0.38		0.978222		0.978352		0.978479		0.978605
0.4		0.975579		0.975743		0.975904		0.976063
0.42		0.9728		0.973005		0.973206		0.973403
0.44		0.969886		0.970138		0.970386		0.970628
0.46		0.966836		0.967144		0.967445		0.967739
0.48		0.963652		0.964024		0.964386		0.964739
0.5		0.960333		0.960778		0.96121		0.961629
0.52		0.95688		0.957407		0.957918		0.958413
0.54		0.953292		0.953913		0.954512		0.955092
0.56		0.94957		0.950296		0.950995		0.951669
0.58		0.945714		0.946557		0.947366		0.948145
0.6		0.941724		0.942697		0.943629		0.944523
0.62		0.9376		0.938718		0.939785		0.940806
0.64		0.933342		0.93462		0.935836		0.936996
0.66		0.92895		0.930404		0.931783		0.933094
0.68		0.924424		0.926071		0.927629		0.929104
0.7		0.919765		0.921623		0.923374		0.925028
0.72		0.914971		0.917061		0.919022		0.920869
0.74		0.910044		0.912385		0.914574		0.916628
0.76		0.904984		0.907597		0.910032		0.912308
0.78		0.899789		0.902698		0.905397		0.907912
0.8		0.894462		0.897689		0.900672		0.903441
0.82		0.889		0.892571		0.895859		0.8989
0.84		0.883405		0.887346		0.89096		0.894289
0.86		0.877676		0.882015		0.885976		0.889612
0.88		0.871814		0.876579		0.88091		0.884871
0.9		0.865818		0.871039		0.875765		0.880068
0.92		0.859689		0.865398		0.870541		0.875206
0.94		0.853426		0.859655		0.865241		0.870288
0.96		0.84703		0.853813		0.859867		0.865314
0.98		0.8405		0.847873		0.854421		0.860289
1		0.833837		0.841836		0.848906		0.855215
1.02		0.82704		0.835704		0.843323		0.850093
1.04		0.82011		0.829478		0.837674		0.844926
1.06		0.813046		0.823159		0.831962		0.839717
1.08		0.805849		0.81675		0.826188		0.834467
1.1		0.798519		0.810252		0.820356		0.82918
1.12		0.791055		0.803666		0.814466		0.823857
1.14		0.783457		0.796993		0.808522		0.8185
1.16		0.775726		0.790236		0.802524		0.813111
1.18		0.767862		0.783396		0.796476		0.807694
1.2		0.759864		0.776474		0.790379		0.802249
1.22		0.751733		0.769472		0.784235		0.79678
1.24		0.743469		0.762393		0.778046		0.791287
1.26		0.735071		0.755236		0.771816		0.785773
1.28		0.72654		0.748005		0.765544		0.780241
1.3		0.717875		0.7407		0.759235		0.774691
1.32		0.709077		0.733324		0.752888		0.769126
1.34		0.700145		0.725878		0.746508		0.763548
1.36		0.691081		0.718364		0.740095		0.757958
1.38		0.681882		0.710784		0.733651		0.752358
1.4		0.672551		0.703139		0.727179		0.74675
1.42		0.663086		0.695432		0.72068		0.741136
1.44		0.653487		0.687663		0.714157		0.735518
1.46		0.643756		0.679835		0.707611		0.729896
1.48		0.63389		0.671949		0.701044		0.724272
1.5		0.623892		0.664008		0.694458		0.718649
1.52		0.61376		0.656013		0.687854		0.713027
1.54		0.603495		0.647966		0.681235		0.707408
1.56		0.593096		0.639869		0.674603		0.701794
1.58		0.582564		0.631723		0.667958		0.696185
1.6		0.571899		0.623531		0.661303		0.690583
1.62		0.5611		0.615295		0.65464		0.68499
1.64		0.550168		0.607015		0.647969		0.679406
1.66		0.539102		0.598695		0.641294		0.673832
1.68		0.527904		0.590336		0.634615		0.668271
1.7		0.516571		0.58194		0.627933		0.662723
1.72		0.505106		0.573508		0.621251		0.657189
1.74		0.493507		0.565043		0.614571		0.65167
1.76		0.481775		0.556547		0.607892		0.646167
1.78		0.469909		0.548021		0.601218		0.640681
1.8		0.45791		0.539468		0.594549		0.635214
1.82		0.445778		0.530889		0.587887		0.629765
1.84		0.433512		0.522286		0.581233		0.624336
1.86		0.421113		0.513661		0.574589		0.618928
1.88		0.408581		0.505016		0.567955		0.613542
1.9		0.395915		0.496353		0.561334		0.608177
1.92		0.383116		0.487674		0.554725		0.602836
1.94		0.370183		0.478981		0.548132		0.597518
1.96		0.357118		0.470275		0.541554		0.592225
1.98		0.343918		0.461559		0.534993		0.586956
2		0.330586		0.452834		0.52845		0.581713
2.02		0.31712		0.444103		0.521927		0.576496
2.04		0.303521		0.435367		0.515423		0.571306
2.06		0.289788		0.426628		0.508941		0.566143
2.08		0.275922		0.417888		0.502481		0.561008
2.1		0.261923		0.409149		0.496045		0.5559
2.12		0.24779		0.400413		0.489632		0.550822
2.14		0.233525		0.391682		0.483245		0.545772
2.16		0.219125		0.382957		0.476883		0.540752
2.18		0.204593		0.37424		0.470549		0.535761
2.2		0.189927		0.365534		0.464242		0.530801
2.22		0.175127		0.35684		0.457963		0.52587
2.24		0.160195		0.34816		0.451714		0.520971
2.26		0.145129		0.339495		0.445495		0.516102
2.28		0.129929		0.330848		0.439306		0.511265
2.3		0.114596		0.32222		0.433149		0.506459
2.32		0.0991304		0.313614		0.427024		0.501685
2.34		0.083531		0.30503		0.420932		0.496942
2.36		0.0677983		0.296471		0.414872		0.492231
2.38		0.0519322		0.287939		0.408847		0.487553
2.4		0.0359328		0.279435		0.402856		0.482907
2.42		0.0198		0.270961		0.3969		0.478293
2.44		0.00353388		0.262518		0.390979		0.473712
2.46		-0.0128656		0.254109		0.385095		0.469163
2.48		-0.0293984		0.245735		0.379246		0.464647
2.5		-0.0460645		0.237398		0.373435		0.460164
2.52		-0.062864		0.229099		0.367661		0.455713
2.54		-0.0797968		0.220841		0.361924		0.451295
2.56		-0.096863		0.212624		0.356225		0.44691
2.58		-0.114063		0.20445		0.350565		0.442558
2.6		-0.131395		0.196321		0.344943		0.438239
2.62		-0.148862		0.188239		0.33936		0.433952
2.64		-0.166461		0.180205		0.333816		0.429698
2.66		-0.184194		0.172221		0.328311		0.425477
2.68		-0.20206		0.164287		0.322847		0.421289
2.7		-0.22006		0.156407		0.317422		0.417133
2.72		-0.238193		0.14858		0.312037		0.41301
2.74		-0.256459		0.14081		0.306692		0.408919
2.76		-0.274858		0.133096		0.301388		0.40486
2.78		-0.293391		0.125441		0.296125		0.400834
2.8		-0.312058		0.117846		0.290902		0.39684
2.82		-0.330857		0.110312		0.28572		0.392878
2.84		-0.34979		0.102841		0.280578		0.388948
2.86		-0.368856		0.0954345		0.275478		0.38505
2.88		-0.388056		0.0880931		0.270418		0.381183
2.9		-0.407389		0.0808184		0.2654		0.377348
2.92		-0.426855		0.0736116		0.260422		0.373545
2.94		-0.446455		0.0664742		0.255486		0.369773
2.96		-0.466188		0.0594073		0.250591		0.366031
2.98		-0.486054		0.0524121		0.245737		0.362321
3		-0.506054		0.0454898		0.240923		0.358642
3.02		-0.526187		0.0386417		0.236151		0.354993
3.04		-0.546453		0.0318688		0.23142		0.351374
3.06		-0.566853		0.0251722		0.226729		0.347786
3.08		-0.587386		0.0185532		0.222079		0.344228
3.1		-0.608052		0.0120126		0.21747		0.3407
3.12		-0.628852		0.00555168		0.212902		0.337201
3.14		-0.649785		-0.00082865		0.208374		0.333732
3.16		-0.670851		-0.00712737		0.203886		0.330292
3.18		-0.692051		-0.0133435		0.199438		0.326882
3.2		-0.713384		-0.0194761		0.19503		0.3235
3.22		-0.73485		-0.0255243		0.190663		0.320147
3.24		-0.75645		-0.0314871		0.186335		0.316823
3.26		-0.778183		-0.0373637		0.182046		0.313527
3.28		-0.800049		-0.0431533		0.177797		0.310259
3.3		-0.822049		-0.048855		0.173587		0.307019
3.32		-0.844182		-0.054468		0.169416		0.303807
3.34		-0.866448		-0.0599916		0.165284		0.300622
3.36		-0.888848		-0.0654251		0.16119		0.297464
3.38		-0.911381		-0.0707677		0.157135		0.294334
3.4		-0.934047		-0.0760188		0.153118		0.29123
3.42		-0.956847		-0.0811777		0.149139		0.288153
3.44		-0.97978		-0.0862438		0.145197		0.285102
3.46		-1.00285		-0.0912165		0.141293		0.282078
3.48		-1.02605		-0.0960952		0.137426		0.27908
3.5		-1.04938		-0.100879		0.133596		0.276107
3.52		-1.07285		-0.105569		0.129802		0.27316
3.54		-1.09645		-0.110162		0.126045		0.270238
3.56		-1.12018		-0.11466		0.122324		0.267341
3.58		-1.14404		-0.119061		0.118638		0.26447
3.6		-1.16804		-0.123366		0.114989		0.261623
3.62		-1.19218		-0.127573		0.111374		0.2588
3.64		-1.21644		-0.131683		0.107795		0.256002
3.66		-1.24084		-0.135695		0.10425		0.253227
3.68		-1.26538		-0.139609		0.10074		0.250477
3.7		-1.29004		-0.143424		0.0972633		0.24775
3.72		-1.31484		-0.147141		0.0938208		0.245047
3.74		-1.33978		-0.150759		0.0904118		0.242366
3.76		-1.36484		-0.154278		0.087036		0.239709
3.78		-1.39004		-0.157698		0.083693		0.237074
3.8		-1.41538		-0.161018		0.0803827		0.234462
3.82		-1.44084		-0.16424		0.0771046		0.231873
3.84		-1.46644		-0.167361		0.0738584		0.229305
3.86		-1.49218		-0.170384		0.0706439		0.22676
3.88		-1.51804		-0.173307		0.0674607		0.224236
3.9		-1.54404		-0.17613		0.0643085		0.221733
3.92		-1.57017		-0.178854		0.0611869		0.219252
3.94		-1.59644		-0.181479		0.0580958		0.216792
3.96		-1.62284		-0.184004		0.0550346		0.214353
3.98		-1.64937		-0.18643		0.0520032		0.211935
4		-1.67604		-0.188758		0.0490011		0.209537
4.02		-1.70284		-0.190986		0.0460281		0.20716
4.04		-1.72977		-0.193116		0.0430839		0.204802
4.06		-1.75684		-0.195148		0.040168		0.202464
4.08		-1.78404		-0.197082		0.0372802		0.200147
4.1		-1.81137		-0.198918		0.0344202		0.197848
4.12		-1.83884		-0.200656		0.0315876		0.195569
4.14		-1.86644		-0.202297		0.0287822		0.193309
4.16		-1.89417		-0.203842		0.0260035		0.191068
4.18		-1.92204		-0.20529		0.0232512		0.188846
4.2		-1.95004		-0.206642		0.0205251		0.186643
4.22		-1.97817		-0.207898		0.0178247		0.184457
4.24		-2.00644		-0.20906		0.0151498		0.18229
4.26		-2.03484		-0.210126		0.0125001		0.180141
4.28		-2.06337		-0.211099		0.00987519		0.17801
4.3		-2.09204		-0.211979		0.00727477		0.175897
4.32		-2.12084		-0.212765		0.00469852		0.173801
4.34		-2.14977		-0.213459		0.00214611		0.171722
4.36		-2.17884		-0.214061		-0.000382775		0.16966
4.38		-2.20804		-0.214572		-0.00288846		0.167616
4.4		-2.23737		-0.214992		-0.00537126		0.165588
4.42		-2.26684		-0.215323		-0.00783151		0.163577
4.44		-2.29644		-0.215565		-0.0102695		0.161582
4.46		-2.32617		-0.215718		-0.0126856		0.159604
4.48		-2.35604		-0.215783		-0.0150801		0.157641
4.5		-2.38604		-0.215762		-0.0174533		0.155695
4.52		-2.41617		-0.215654		-0.0198055		0.153764
4.54		-2.44644		-0.215462		-0.022137		0.151849
4.56		-2.47684		-0.215184		-0.0244483		0.14995
4.58		-2.50737		-0.214823		-0.0267394		0.148066
4.6		-2.53803		-0.21438		-0.0290109		0.146196
4.62		-2.56883		-0.213854		-0.0312629		0.144342
4.64		-2.59977		-0.213247		-0.0334959		0.142503
4.66		-2.63083		-0.212561		-0.03571		0.140679
4.68		-2.66203		-0.211795		-0.0379056		0.138869
4.7		-2.69337		-0.210951		-0.0400831		0.137073
4.72		-2.72483		-0.21003		-0.0422426		0.135292
4.74		-2.75643		-0.209032		-0.0443846		0.133525
4.76		-2.78817		-0.20796		-0.0465093		0.131772
4.78		-2.82003		-0.206813		-0.0486169		0.130032
4.8		-2.85203		-0.205593		-0.0507079		0.128306
4.82		-2.88417		-0.204301		-0.0527825		0.126594
4.84		-2.91643		-0.202938		-0.054841		0.124895
4.86		-2.94883		-0.201505		-0.0568837		0.12321
4.88		-2.98137		-0.200004		-0.0589109		0.121538
4.9		-3.01403		-0.198434		-0.0609229		0.119878
4.92		-3.04683		-0.196798		-0.0629199		0.118232
4.94		-3.07977		-0.195097		-0.0649022		0.116598
4.96		-3.11283		-0.193331		-0.0668702		0.114976
4.98		-3.14603		-0.191503		-0.0688241		0.113368
5		-3.17937		-0.189612		-0.0707642		0.111771
5.02		-3.21283		-0.187661		-0.0726908		0.110187
5.04		-3.24643		-0.18565		-0.0746041		0.108615
5.06		-3.28017		-0.183581		-0.0765045		0.107055
5.08		-3.31403		-0.181454		-0.0783922		0.105506
5.1		-3.34803		-0.179272		-0.0802675		0.10397
5.12		-3.38216		-0.177036		-0.0821307		0.102445
5.14		-3.41643		-0.174746		-0.083982		0.100931
5.16		-3.45083		-0.172404		-0.0858217		0.0994291
5.18		-3.48536		-0.170011		-0.0876502		0.0979382
5.2		-3.52003		-0.167568		-0.0894675		0.0964584
5.22		-3.55483		-0.165078		-0.0912741		0.0949897
5.24		-3.58976		-0.16254		-0.0930702		0.0935318
5.26		-3.62483		-0.159957		-0.094856		0.0920848
5.28		-3.66003		-0.157329		-0.0966319		0.0906485
5.3		-3.69536		-0.154659		-0.098398		0.0892227
5.32		-3.73083		-0.151946		-0.100155		0.0878074
5.34		-3.76643		-0.149194		-0.101902		0.0864025
5.36		-3.80216		-0.146402		-0.103641		0.0850079
5.38		-3.83803		-0.143572		-0.105371		0.0836234
5.4		-3.87403		-0.140706		-0.107092		0.082249
5.42		-3.91016		-0.137805		-0.108805		0.0808845
5.44		-3.94643		-0.134871		-0.110511		0.0795299
5.46		-3.98283		-0.131904		-0.112208		0.0781851
5.48		-4.01936		-0.128906		-0.113899		0.0768499
5.5		-4.05603		-0.125878		-0.115582		0.0755243
5.52		-4.09283		-0.122822		-0.117258		0.0742081
5.54		-4.12976		-0.119739		-0.118928		0.0729014
5.56		-4.16683		-0.11663		-0.120591		0.0716039
5.58		-4.20403		-0.113497		-0.122248		0.0703155
5.6		-4.24136		-0.110341		-0.123899		0.0690363
5.62		-4.27883		-0.107164		-0.125545		0.0677661
5.64		-4.31643		-0.103966		-0.127185		0.0665048
5.66		-4.35416		-0.10075		-0.12882		0.0652524
5.68		-4.39203		-0.0975153		-0.13045		0.0640087
5.7		-4.43003		-0.0942649		-0.132075		0.0627736
5.72		-4.46816		-0.0909996		-0.133696		0.0615471
5.74		-4.50643		-0.0877206		-0.135313		0.0603291
5.76		-4.54483		-0.0844295		-0.136926		0.0591194
5.78		-4.58336		-0.0811274		-0.138535		0.0579181
5.8		-4.62203		-0.0778158		-0.14014		0.0567251
5.82		-4.66083		-0.0744958		-0.141743		0.0555402
5.84		-4.69976		-0.0711689		-0.143342		0.0543633
5.86		-4.73883		-0.0678363		-0.144939		0.0531945
5.88		-4.77803		-0.0644993		-0.146533		0.0520336
5.9		-4.81736		-0.0611592		-0.148125		0.0508805
5.92		-4.85683		-0.0578173		-0.149715		0.0497352
5.94		-4.89643		-0.0544748		-0.151303		0.0485976
5.96		-4.93616		-0.0511331		-0.15289		0.0474676
5.98		-4.97603		-0.0477933		-0.154475		0.0463451
6		-5.01603		-0.0444567		-0.15606		0.0452301
6.02		-5.05616		-0.0411247		-0.157643		0.0441225
6.04		-5.09643		-0.0377983		-0.159226		0.0430222
6.06		-5.13683		-0.0344788		-0.160809		0.0419292
6.08		-5.17736		-0.0311674		-0.162391		0.0408433
6.1		-5.21803		-0.0278654		-0.163974		0.0397646
6.12		-5.25883		-0.0245738		-0.165556		0.038693
6.14		-5.29976		-0.021294		-0.16714		0.0376283
6.16		-5.34083		-0.018027		-0.168724		0.0365705
6.18		-5.38203		-0.0147739		-0.17031		0.0355196
6.2		-5.42336		-0.0115361		-0.171897		0.0344754
6.22		-5.46483		-0.0083145		-0.173485		0.033438
6.24		-5.50643		-0.00511031		-0.175076		0.0324072
6.26		-5.54816		-0.00192461		-0.176668		0.031383
6.28		-5.59003		0.0012415		-0.178263		0.0303654
6.3		-5.63203		0.00438695		-0.17986		0.0293542
6.32		-5.67416		0.00751067		-0.18146		0.0283495
6.34		-5.71643		0.0106116		-0.183063		0.0273511
6.36		-5.75883		0.0136888		-0.184669		0.0263589
6.38		-5.80136		0.0167411		-0.186279		0.0253731
6.4		-5.84403		0.0197675		-0.187893		0.0243933
6.42		-5.88682		0.0227672		-0.18951		0.0234197
6.44		-5.92976		0.0257391		-0.191132		0.0224522
6.46		-5.97282		0.0286822		-0.192759		0.0214907
6.48		-6.01602		0.0315956		-0.19439		0.0205351
6.5		-6.05936		0.0344784		-0.196026		0.0195854
6.52		-6.10282		0.0373296		-0.197668		0.0186416
6.54		-6.14642		0.0401484		-0.199315		0.0177035
6.56		-6.19016		0.042934		-0.200968		0.0167712
6.58		-6.23402		0.0456853		-0.202627		0.0158446
6.6		-6.27802		0.0484017		-0.204293		0.0149235
6.62		-6.32216		0.0510823		-0.205965		0.0140081
6.64		-6.36642		0.0537262		-0.207644		0.0130982
6.66		-6.41082		0.0563327		-0.20933		0.0121938
6.68		-6.45536		0.058901		-0.211023		0.0112948
6.7		-6.50002		0.0614304		-0.212724		0.0104012
6.72		-6.54482		0.0639201		-0.214434		0.00951296
6.74		-6.58976		0.0663694		-0.216151		0.00862998
6.76		-6.63482		0.0687776		-0.217877		0.00775224
6.78		-6.68002		0.0711441		-0.219611		0.00687969
6.8		-6.72536		0.0734681		-0.221355		0.0060123
6.82		-6.77082		0.0757491		-0.223108		0.00515
6.84		-6.81642		0.0779864		-0.22487		0.00429276
6.86		-6.86216		0.0801795		-0.226643		0.00344053
6.88		-6.90802		0.0823276		-0.228425		0.00259328
6.9		-6.95402		0.0844304		-0.230219		0.00175095
6.92		-7.00016		0.0864872		-0.232023		0.000913499
6.94		-7.04642		0.0884975		-0.233838		8.08917e-005
6.96		-7.09282		0.0904608		-0.235664		-0.000746916
6.98		-7.13936		0.0923767		-0.237503		-0.00156997
7		-7.18602		0.0942446		-0.239353		-0.0023883
7.02		-7.23282		0.0960641		-0.241216		-0.00320196
7.04		-7.27976		0.0978349		-0.243091		-0.00401098
7.06		-7.32682		0.0995565		-0.244979		-0.00481541
7.08		-7.37402		0.101228		-0.246881		-0.00561527
7.1		-7.42136		0.102851		-0.248796		-0.00641062
7.12		-7.46882		0.104422		-0.250725		-0.00720149
7.14		-7.51642		0.105943		-0.252669		-0.00798791
7.16		-7.56416		0.107414		-0.254627		-0.00876993
7.18		-7.61202		0.108833		-0.2566		-0.00954758
7.2		-7.66002		0.1102		-0.258588		-0.0103209
7.22		-7.70816		0.111516		-0.260593		-0.0110899
7.24		-7.75642		0.112781		-0.262613		-0.0118547
7.26		-7.80482		0.113993		-0.264649		-0.0126152
7.28		-7.85336		0.115152		-0.266703		-0.0133715
7.3		-7.90202		0.11626		-0.268774		-0.0141237
7.32		-7.95082		0.117314		-0.270862		-0.0148718
7.34		-7.99976		0.118316		-0.272968		-0.0156158
7.36		-8.04882		0.119265		-0.275092		-0.0163557
7.38		-8.09802		0.120162		-0.277235		-0.0170916
7.4		-8.14736		0.121005		-0.279398		-0.0178235
7.42		-8.19682		0.121796		-0.28158		-0.0185514
7.44		-8.24642		0.122533		-0.283781		-0.0192754
7.46		-8.29615		0.123218		-0.286003		-0.0199956
7.48		-8.34602		0.123849		-0.288246		-0.0207118
7.5		-8.39602		0.124428		-0.290511		-0.0214243
7.52		-8.44615		0.124954		-0.292797		-0.0221329
7.54		-8.49642		0.125427		-0.295105		-0.0228377
7.56		-8.54682		0.125847		-0.297435		-0.0235388
7.58		-8.59735		0.126215		-0.299789		-0.0242362
7.6		-8.64802		0.12653		-0.302166		-0.0249299
7.62		-8.69882		0.126793		-0.304567		-0.02562
7.64		-8.74975		0.127004		-0.306993		-0.0263064
7.66		-8.80082		0.127163		-0.309444		-0.0269892
7.68		-8.85202		0.127271		-0.31192		-0.0276684
7.7		-8.90335		0.127327		-0.314422		-0.0283441
7.72		-8.95482		0.127331		-0.316951		-0.0290163
7.74		-9.00642		0.127285		-0.319507		-0.029685
7.76		-9.05815		0.127188		-0.32209		-0.0303502
7.78		-9.11002		0.127041		-0.324702		-0.031012
7.8		-9.16202		0.126843		-0.327342		-0.0316704
7.82		-9.21415		0.126596		-0.330012		-0.0323253
7.84		-9.26642		0.1263		-0.332712		-0.0329769
7.86		-9.31882		0.125954		-0.335442		-0.0336252
7.88		-9.37135		0.12556		-0.338203		-0.0342702
7.9		-9.42402		0.125118		-0.340996		-0.0349118
7.92		-9.47682		0.124628		-0.343821		-0.0355502
7.94		-9.52975		0.12409		-0.34668		-0.0361854
7.96		-9.58282		0.123506		-0.349572		-0.0368173
7.98		-9.63602		0.122875		-0.352498		-0.0374461
8		-9.68935		0.122198		-0.35546		-0.0380717
8.02		-9.74282		0.121475		-0.358457		-0.0386941
8.04		-9.79642		0.120708		-0.36149		-0.0393134
8.06		-9.85015		0.119896		-0.364561		-0.0399296
8.08		-9.90402		0.11904		-0.36767		-0.0405427
8.1		-9.95802		0.118141		-0.370817		-0.0411527
8.12		-10.0122		0.117199		-0.374004		-0.0417597
8.14		-10.0664		0.116215		-0.377231		-0.0423637
8.16		-10.1208		0.115189		-0.380499		-0.0429647
8.18		-10.1754		0.114122		-0.383809		-0.0435627
8.2		-10.23		0.113015		-0.387162		-0.0441577
8.22		-10.2848		0.111868		-0.390559		-0.0447499
8.24		-10.3398		0.110682		-0.394		-0.0453391
8.26		-10.3948		0.109457		-0.397486		-0.0459254
8.28		-10.45		0.108194		-0.401018		-0.0465088
8.3		-10.5054		0.106894		-0.404598		-0.0470893
8.32		-10.5608		0.105558		-0.408226		-0.0476671
8.34		-10.6164		0.104186		-0.411904		-0.048242
8.36		-10.6722		0.102778		-0.415631		-0.0488141
8.38		-10.728		0.101337		-0.41941		-0.0493834
8.4		-10.784		0.0998616		-0.423241		-0.0499499
8.42		-10.8402		0.0983534		-0.427126		-0.0505137
8.44		-10.8964		0.096813		-0.431065		-0.0510748
8.46		-10.9528		0.0952412		-0.435059		-0.0516332
8.48		-11.0094		0.0936388		-0.439111		-0.0521888
8.5		-11.066		0.0920064		-0.44322		-0.0527418
8.52		-11.1228		0.0903449		-0.447389		-0.0532921
8.54		-11.1798		0.0886551		-0.451618		-0.0538398
8.56		-11.2368		0.0869378		-0.45591		-0.0543849
8.58		-11.294		0.0851937		-0.460264		-0.0549273
8.6		-11.3514		0.0834236		-0.464682		-0.0554672
8.62		-11.4088		0.0816284		-0.469167		-0.0560044
8.64		-11.4664		0.0798089		-0.473718		-0.0565391
8.66		-11.5242		0.0779659		-0.478339		-0.0570713
8.68		-11.582		0.0761002		-0.483029		-0.0576009
8.7		-11.64		0.0742127		-0.487791		-0.058128
8.72		-11.6982		0.0723041		-0.492627		-0.0586526
8.74		-11.7564		0.0703754		-0.497537		-0.0591748
8.76		-11.8148		0.0684274		-0.502524		-0.0596944
8.78		-11.8734		0.0664609		-0.507589		-0.0602116
8.8		-11.932		0.0644768		-0.512735		-0.0607263
8.82		-11.9908		0.0624759		-0.517961		-0.0612387
8.84		-12.0498		0.0604591		-0.523272		-0.0617486
8.86		-12.1088		0.0584272		-0.528668		-0.0622561
8.88		-12.168		0.0563811		-0.534151		-0.0627612
8.9		-12.2274		0.0543217		-0.539724		-0.0632639
8.92		-12.2868		0.0522498		-0.545389		-0.0637643
8.94		-12.3464		0.0501663		-0.551147		-0.0642623
8.96		-12.4062		0.0480721		-0.557		-0.064758
8.98		-12.466		0.045968		-0.562952		-0.0652514
9		-12.526		0.0438549		-0.569004		-0.0657424
9.02		-12.5862		0.0417336		-0.575159		-0.0662312
9.04		-12.6464		0.039605		-0.581418		-0.0667177
9.06		-12.7068		0.03747		-0.587785		-0.0672019
9.08		-12.7674		0.0353295		-0.594262		-0.0676839
9.1		-12.828		0.0331842		-0.600852		-0.0681636
9.12		-12.8888		0.0310351		-0.607558		-0.068641
9.14		-12.9498		0.028883		-0.614381		-0.0691163
9.16		-13.0108		0.0267288		-0.621326		-0.0695893
9.18		-13.072		0.0245733		-0.628395		-0.0700602
9.2		-13.1334		0.0224174		-0.635591		-0.0705288
9.22		-13.1948		0.0202618		-0.642917		-0.0709953
9.24		-13.2564		0.0181076		-0.650377		-0.0714596
9.26		-13.3182		0.0159554		-0.657973		-0.0719217
9.28		-13.38		0.0138061		-0.66571		-0.0723817
9.3		-13.442		0.0116605		-0.673591		-0.0728396
9.32		-13.5042		0.00951953		-0.68162		-0.0732953
9.34		-13.5664		0.00738393		-0.6898		-0.073749
9.36		-13.6288		0.00525452		-0.698135		-0.0742005
9.38		-13.6914		0.00313211		-0.70663		-0.0746499
9.4		-13.754		0.00101749		-0.715288		-0.0750973
9.42		-13.8168		-0.00108853		-0.724114		-0.0755425
9.44		-13.8798		-0.00318517		-0.733112		-0.0759858
9.46		-13.9428		-0.00527166		-0.742287		-0.0764269
9.48		-14.006		-0.00734722		-0.751643		-0.076866
9.5		-14.0694		-0.00941108		-0.761187		-0.0773031
9.52		-14.1328		-0.0114625		-0.770921		-0.0777382
9.54		-14.1964		-0.0135007		-0.780853		-0.0781712
9.56		-14.2602		-0.0155249		-0.790987		-0.0786022
9.58		-14.324		-0.0175345		-0.801328		-0.0790313
9.6		-14.388		-0.0195287		-0.811883		-0.0794583
9.62		-14.4521		-0.0215067		-0.822658		-0.0798834
9.64		-14.5164		-0.023468		-0.833659		-0.0803065
9.66		-14.5808		-0.0254116		-0.844893		-0.0807276
9.68		-14.6453		-0.0273371		-0.856365		-0.0811468
9.7		-14.71		-0.0292437		-0.868083		-0.081564
9.72		-14.7748		-0.0311308		-0.880054		-0.0819793
9.74		-14.8397		-0.0329976		-0.892286		-0.0823927
9.76		-14.9048		-0.0348435		-0.904786		-0.0828041
9.78		-14.97		-0.036668		-0.917563		-0.0832137
9.8		-15.0353		-0.0384703		-0.930623		-0.0836213
9.82		-15.1008		-0.0402499		-0.943977		-0.084027
9.84		-15.1664		-0.0420061		-0.957633		-0.0844309
9.86		-15.2321		-0.0437384		-0.971601		-0.0848328
9.88		-15.298		-0.0454461		-0.985889		-0.0852329
9.9		-15.364		-0.0471288		-1.00051		-0.0856311
9.92		-15.4301		-0.0487858		-1.01547		-0.0860275
9.94		-15.4964		-0.0504166		-1.03078		-0.086422
9.96		-15.5628		-0.0520207		-1.04646		-0.0868146
9.98		-15.6293		-0.0535976		-1.06251		-0.0872054
10		-15.696		-0.0551466		-1.07895		-0.0875944
10.02		-15.7628		-0.0566675		-1.09579		-0.0879816
10.04		-15.8297		-0.0581596		-1.11304		-0.0883669
10.06		-15.8968		-0.0596224		-1.13071		-0.0887504
10.08		-15.964		-0.0610557		-1.14883		-0.0891322
10.1		-16.0313		-0.0624588		-1.16741		-0.0895121
10.12		-16.0988		-0.0638313		-1.18646		-0.0898902
10.14		-16.1664		-0.0651729		-1.20599		-0.0902666
10.16		-16.2341		-0.0664832		-1.22603		-0.0906412
10.18		-16.302		-0.0677617		-1.24659		-0.091014
10.2		-16.37		-0.069008		-1.26769		-0.091385
10.22		-16.4381		-0.0702219		-1.28936		-0.0917543
10.24		-16.5064		-0.071403		-1.3116		-0.0921218
10.26		-16.5748		-0.0725508		-1.33444		-0.0924875
10.28		-16.6433		-0.0736652		-1.35791		-0.0928516
10.3		-16.712		-0.0747457		-1.38202		-0.0932139
10.32		-16.7808		-0.0757922		-1.40681		-0.0935744
10.34		-16.8497		-0.0768043		-1.43229		-0.0939333
10.36		-16.9188		-0.0777818		-1.45849		-0.0942904
10.38		-16.988		-0.0787243		-1.48544		-0.0946458
10.4		-17.0573		-0.0796318		-1.51317		-0.0949995
10.42		-17.1268		-0.0805039		-1.54171		-0.0953515
10.44		-17.1964		-0.0813405		-1.57109		-0.0957018
10.46		-17.2661		-0.0821413		-1.60134		-0.0960504
10.48		-17.336		-0.0829062		-1.63251		-0.0963973
10.5		-17.406		-0.083635		-1.66462		-0.0967425
10.52		-17.4761		-0.0843276		-1.69772		-0.097086
10.54		-17.5464		-0.0849838		-1.73185		-0.0974279
10.56		-17.6168		-0.0856035		-1.76704		-0.0977681
10.58		-17.6873		-0.0861867		-1.80335		-0.0981067
10.6		-17.758		-0.0867331		-1.84083		-0.0984436
10.62		-17.8288		-0.0872429		-1.87952		-0.0987788
10.64		-17.8997		-0.0877158		-1.91947		-0.0991124
10.66		-17.9708		-0.0881518		-1.96075		-0.0994443
10.68		-18.042		-0.0885509		-2.00341		-0.0997747
10.7		-18.1133		-0.0889131		-2.04752		-0.100103
10.72		-18.1848		-0.0892384		-2.09314		-0.10043
10.74		-18.2564		-0.0895268		-2.14034		-0.100756
10.76		-18.3281		-0.0897783		-2.1892		-0.10108
10.78		-18.4		-0.089993		-2.2398		-0.101402
10.8		-18.472		-0.0901709		-2.29221		-0.101722
10.82		-18.5441		-0.090312		-2.34653		-0.102041
10.84		-18.6164		-0.0904165		-2.40286		-0.102359
10.86		-18.6888		-0.0904844		-2.46128		-0.102674
10.88		-18.7613		-0.0905159		-2.52191		-0.102989
10.9		-18.834		-0.0905111		-2.58487		-0.103301
10.92		-18.9068		-0.0904701		-2.65026		-0.103612
10.94		-18.9797		-0.0903931		-2.71823		-0.103922
10.96		-19.0528		-0.0902801		-2.7889		-0.104229
10.98		-19.126		-0.0901315		-2.86242		-0.104536
11		-19.1993		-0.0899474		-2.93896		-0.10484
11.02		-19.2728		-0.0897279		-3.01867		-0.105143
11.04		-19.3464		-0.0894734		-3.10174		-0.105445
11.06		-19.4201		-0.089184		-3.18835		-0.105745
11.08		-19.494		-0.0888599		-3.27872		-0.106043
11.1		-19.568		-0.0885015		-3.37306		-0.10634
11.12		-19.6421		-0.088109		-3.47161		-0.106635
11.14		-19.7164		-0.0876827		-3.57463		-0.106929
11.16		-19.7908		-0.0872228		-3.68239		-0.107221
11.18		-19.8653		-0.0867296		-3.79519		-0.107512
11.2		-19.94		-0.0862036		-3.91334		-0.107801
11.22		-20.0148		-0.0856449		-4.0372		-0.108089
11.24		-20.0897		-0.085054		-4.16714		-0.108375
11.26		-20.1648		-0.0844311		-4.30356		-0.108659
11.28		-20.24		-0.0837767		-4.44691		-0.108942
11.3		-20.3153		-0.0830911		-4.59765		-0.109224
11.32		-20.3908		-0.0823747		-4.75632		-0.109504
11.34		-20.4664		-0.0816279		-4.92348		-0.109782
11.36		-20.5421		-0.0808511		-5.09974		-0.110059
11.38		-20.618		-0.0800446		-5.28578		-0.110335
11.4		-20.694		-0.079209		-5.48235		-0.110609
11.42		-20.7701		-0.0783446		-5.69025		-0.110881
11.44		-20.8464		-0.0774519		-5.91037		-0.111152
11.46		-20.9228		-0.0765314		-6.1437		-0.111422
11.48		-20.9993		-0.0755834		-6.39131		-0.11169
11.5		-21.076		-0.0746085		-6.6544		-0.111956
11.52		-21.1528		-0.0736072		-6.93428		-0.112221
11.54		-21.2297		-0.0725799		-7.23243		-0.112484
11.56		-21.3068		-0.0715271		-7.55047		-0.112746
11.58		-21.384		-0.0704494		-7.8902		-0.113007
11.6		-21.4613		-0.0693472		-8.25367		-0.113266
11.62		-21.5388		-0.068221		-8.64314		-0.113524
11.64		-21.6164		-0.0670715		-9.06114		-0.11378
11.66		-21.6941		-0.0658991		-9.51055		-0.114034
11.68		-21.772		-0.0647043		-9.9946		-0.114288
11.7		-21.85		-0.0634878		-10.5169		-0.114539
11.72		-21.9281		-0.06225		-11.0818		-0.114789
11.74		-22.0064		-0.0609915		-11.6937		-0.115038
11.76		-22.0848		-0.0597129		-12.3584		-0.115286
11.78		-22.1633		-0.0584148		-13.0818		-0.115531
11.8		-22.242		-0.0570978		-13.8712		-0.115776
11.82		-22.3208		-0.0557623		-14.735		-0.116019
11.84		-22.3997		-0.0544091		-15.6826		-0.11626
11.86		-22.4788		-0.0530387		-16.7255		-0.1165
11.88		-22.558		-0.0516517		-17.8767		-0.116739
11.9		-22.6373		-0.0502487		-19.1518		-0.116976
11.92		-22.7168		-0.0488303		-20.5694		-0.117212
11.94		-22.7964		-0.0473971		-22.1515		-0.117446
11.96		-22.8761		-0.0459498		-23.9245		-0.117679
11.98		-22.956		-0.0444889		-25.9206		-0.117911
12		-23.036		-0.0430152		-28.1788		-0.118141
12.02		-23.1161		-0.0415291		-30.747		-0.118369
12.04		-23.1964		-0.0400314		-33.6849		-0.118597
12.06		-23.2768		-0.0385226		-37.0668		-0.118822
12.08		-23.3573		-0.0370034		-40.9872		-0.119047
12.1		-23.438		-0.0354745		-45.5665		-0.11927
12.12		-23.5188		-0.0339364		-50.9612		-0.119491
12.14		-23.5997		-0.0323898		-57.3769		-0.119711
12.16		-23.6808		-0.0308354		-65.0884		-0.11993
12.18		-23.762		-0.0292737		-74.469		-0.120147
12.2		-23.8433		-0.0277055		-86.0371		-0.120363
12.22		-23.9248		-0.0261313		-100.528		-0.120577
12.24		-24.0064		-0.0245518		-119.014		-0.12079
12.26		-24.0881		-0.0229677		-143.106		-0.121002
12.28		-24.17		-0.0213795		-175.31		-0.121212
12.3		-24.252		-0.019788		-219.703		-0.121421
12.32		-24.3341		-0.0181937		-283.26		-0.121629
12.34		-24.4164		-0.0165973		-378.705		-0.121835
12.36		-24.4988		-0.0149995		-531.207		-0.122039
12.38		-24.5813		-0.0134008		-796.088		-0.122243
12.4		-24.664		-0.0118019		-1313.61		-0.122445
12.42		-24.7468		-0.0102035		-2519.71		-0.122645
12.44		-24.8297		-0.00860613		-6261.48		-0.122844
12.46		-24.9128		-0.00701046		-25673.7		-0.123042
12.48		-24.996		-0.00541711		-308679		-0.123238
12.5		-25.0793		-0.0038267		-3.87039e+007		-0.123433
12.52		-25.1628		-0.00223984		-5.99272e+011		-0.123627
12.54		-25.2464		-0.000657164		-1.43651e+020		-0.123819
12.56		-25.3301		0.00092073		-8.25423e+036		-0.12401
12.58		-25.414		0.00249323		-2.72529e+070		-0.1242
12.6		-25.498		0.00405973		-2.97089e+137		-0.124388
12.62		-25.5821		0.00561964		-3.53048e+271		-0.124574
12.64		-25.6664		0.00717235		-inf		-0.12476
12.66		-25.7508		0.00871728		nan		-0.124944
12.68		-25.8353		0.0102538		nan		-0.125127
12.7		-25.92		0.0117815		nan		-0.125308
12.72		-26.0048		0.0132995		nan		-0.125488
12.74		-26.0897		0.0148075		nan		-0.125666
12.76		-26.1748		0.0163049		nan		-0.125844
12.78		-26.26		0.017791		nan		-0.12602
12.8		-26.3453		0.0192654		nan		-0.126194
12.82		-26.4308		0.0207274		nan		-0.126367
12.84		-26.5164		0.0221766		nan		-0.126539
12.86		-26.6021		0.0236124		nan		-0.12671
12.88		-26.688		0.0250343		nan		-0.126879
12.9		-26.774		0.0264418		nan		-0.127047
12.92		-26.8601		0.0278343		nan		-0.127213
12.94		-26.9464		0.0292114		nan		-0.127378
12.96		-27.0328		0.0305725		nan		-0.127542
12.98		-27.1193		0.0319172		nan		-0.127704
13		-27.206		0.033245		nan		-0.127866
13.02		-27.2928		0.0345554		nan		-0.128025
13.04		-27.3797		0.035848		nan		-0.128184
13.06		-27.4668		0.0371222		nan		-0.128341
13.08		-27.554		0.0383777		nan		-0.128497
13.1		-27.6413		0.039614		nan		-0.128651
13.12		-27.7288		0.0408307		nan		-0.128804
13.14		-27.8164		0.0420274		nan		-0.128956
13.16		-27.9041		0.0432036		nan		-0.129107
13.18		-27.992		0.0443589		nan		-0.129256
13.2		-28.08		0.045493		nan		-0.129404
13.22		-28.1681		0.0466055		nan		-0.12955
13.24		-28.2564		0.047696		nan		-0.129696
13.26		-28.3448		0.048764		nan		-0.12984
13.28		-28.4333		0.0498094		nan		-0.129982
13.3		-28.522		0.0508317		nan		-0.130124
13.32		-28.6108		0.0518305		nan		-0.130264
13.34		-28.6997		0.0528057		nan		-0.130402
13.36		-28.7888		0.0537568		nan		-0.13054
13.38		-28.878		0.0546835		nan		-0.130676
13.4		-28.9673		0.0555856		nan		-0.130811
13.42		-29.0568		0.0564628		nan		-0.130944
13.44		-29.1464		0.0573148		nan		-0.131076
13.46		-29.2361		0.0581413		nan		-0.131207
13.48		-29.326		0.0589421		nan		-0.131337
13.5		-29.416		0.0597169		nan		-0.131465
13.52		-29.5061		0.0604656		nan		-0.131592
13.54		-29.5964		0.0611879		nan		-0.131718
13.56		-29.6868		0.0618835		nan		-0.131843
13.58		-29.7773		0.0625524		nan		-0.131966
13.6		-29.868		0.0631942		nan		-0.132088
13.62		-29.9588		0.0638089		nan		-0.132208
13.64		-30.0497		0.0643963		nan		-0.132328
13.66		-30.1408		0.0649561		nan		-0.132446
13.68		-30.232		0.0654884		nan		-0.132562
13.7		-30.3233		0.0659929		nan		-0.132678
13.72		-30.4148		0.0664696		nan		-0.132792
13.74		-30.5064		0.0669182		nan		-0.132905
13.76		-30.5981		0.0673388		nan		-0.133017
13.78		-30.69		0.0677312		nan		-0.133127
13.8		-30.782		0.0680954		nan		-0.133237
13.82		-30.8741		0.0684313		nan		-0.133345
13.84		-30.9664		0.0687389		nan		-0.133451
13.86		-31.0588		0.0690181		nan		-0.133557
13.88		-31.1513		0.0692688		nan		-0.133661
13.9		-31.244		0.0694912		nan		-0.133764
13.92		-31.3368		0.0696851		nan		-0.133865
13.94		-31.4297		0.0698505		nan		-0.133966
13.96		-31.5228		0.0699876		nan		-0.134065
13.98		-31.616		0.0700962		nan		-0.134163
14		-31.7093		0.0701765		nan		-0.134259
14.02		-31.8028		0.0702285		nan		-0.134355
14.04		-31.8964		0.0702523		nan		-0.134449
14.06		-31.9901		0.0702479		nan		-0.134542
14.08		-32.084		0.0702154		nan		-0.134633
14.1		-32.178		0.070155		nan		-0.134724
14.12		-32.2721		0.0700666		nan		-0.134813
14.14		-32.3664		0.0699504		nan		-0.134901
14.16		-32.4608		0.0698067		nan		-0.134988
14.18		-32.5553		0.0696353		nan		-0.135073
14.2		-32.65		0.0694367		nan		-0.135158
14.22		-32.7448		0.0692108		nan		-0.135241
14.24		-32.8397		0.0689578		nan		-0.135323
14.26		-32.9348		0.068678		nan		-0.135403
14.28		-33.03		0.0683715		nan		-0.135483
14.3		-33.1253		0.0680385		nan		-0.135561
14.32		-33.2208		0.0676792		nan		-0.135638
14.34		-33.3164		0.0672939		nan		-0.135713
14.36		-33.4121		0.0668827		nan		-0.135788
14.38		-33.508		0.0664459		nan		-0.135861
14.4		-33.604		0.0659837		nan		-0.135933
14.42		-33.7001		0.0654964		nan		-0.136004
14.44		-33.7964		0.0649843		nan		-0.136074
14.46		-33.8928		0.0644476		nan		-0.136143
14.48		-33.9893		0.0638866		nan		-0.13621
14.5		-34.086		0.0633016		nan		-0.136276
14.52		-34.1828		0.062693		nan		-0.136341
14.54		-34.2797		0.0620609		nan		-0.136405
14.56		-34.3768		0.0614057		nan		-0.136467
14.58		-34.474		0.0607277		nan		-0.136529
14.6		-34.5713		0.0600273		nan		-0.136589
14.62		-34.6688		0.0593049		nan		-0.136648
14.64		-34.7664		0.0585607		nan		-0.136706
14.66		-34.8641		0.057795		nan		-0.136762
14.68		-34.962		0.0570084		nan		-0.136818
14.7		-35.06		0.0562011		nan		-0.136872
14.72		-35.1581		0.0553735		nan		-0.136925
14.74		-35.2564		0.0545261		nan		-0.136977
14.76		-35.3548		0.0536591		nan		-0.137028
14.78		-35.4533		0.052773		nan		-0.137077
14.8		-35.552		0.0518681		nan		-0.137126
14.82		-35.6508		0.050945		nan		-0.137173
14.84		-35.7497		0.050004		nan		-0.137219
14.86		-35.8488		0.0490455		nan		-0.137264
14.88		-35.948		0.04807		nan		-0.137308
14.9		-36.0473		0.0470779		nan		-0.13735
14.92		-36.1468		0.0460696		nan		-0.137392
14.94		-36.2464		0.0450456		nan		-0.137432
14.96		-36.3461		0.0440064		nan		-0.137471
14.98		-36.446		0.0429523		nan		-0.137509
15		-36.546		0.0418838		nan		-0.137546
15.02		-36.6461		0.0408014		nan		-0.137582
15.04		-36.7464		0.0397056		nan		-0.137617
15.06		-36.8468		0.0385968		nan		-0.13765
15.08		-36.9473		0.0374755		nan		-0.137683
15.1		-37.048		0.0363422		nan		-0.137714
15.12		-37.1488		0.0351974		nan		-0.137744
15.14		-37.2497		0.0340415		nan		-0.137773
15.16		-37.3508		0.0328751		nan		-0.137801
15.18		-37.452		0.0316986		nan		-0.137828
15.2		-37.5533		0.0305125		nan		-0.137853
15.22		-37.6548		0.0293173		nan		-0.137878
15.24		-37.7564		0.0281135		nan		-0.137901
15.26		-37.8581		0.0269017		nan		-0.137923
15.28		-37.96		0.0256823		nan		-0.137944
15.3		-38.062		0.0244558		nan		-0.137965
15.32		-38.1641		0.0232227		nan		-0.137983
15.34		-38.2664		0.0219835		nan		-0.138001
15.36		-38.3688		0.0207388		nan		-0.138018
15.38		-38.4713		0.019489		nan		-0.138034
15.4		-38.574		0.0182347		nan		-0.138048
15.42		-38.6768		0.0169763		nan		-0.138062
15.44		-38.7797		0.0157145		nan		-0.138074
15.46		-38.8828		0.0144496		nan		-0.138086
15.48		-38.986		0.0131822		nan		-0.138096
15.5		-39.0893		0.0119128		nan		-0.138105
15.52		-39.1928		0.0106419		nan		-0.138113
15.54		-39.2964		0.00936999		nan		-0.13812
15.56		-39.4001		0.00809765		nan		-0.138126
15.58		-39.504		0.00682533		nan		-0.138131
15.6		-39.608		0.00555355		nan		-0.138135
15.62		-39.7121		0.00428281		nan		-0.138137
15.64		-39.8164		0.00301361		nan		-0.138139
15.66		-39.9208		0.00174645		nan		-0.13814
15.68		-40.0253		0.000481833		nan		-0.138139
15.7		-40.13		-0.000779754		nan		-0.138138
15.72		-40.2348		-0.00203781		nan		-0.138135
15.74		-40.3397		-0.00329186		nan		-0.138132
15.76		-40.4448		-0.0045414		nan		-0.138127
15.78		-40.55		-0.00578595		nan		-0.138121
15.8		-40.6553		-0.00702504		nan		-0.138114
15.82		-40.7608		-0.00825817		nan		-0.138107
15.84		-40.8664		-0.00948489		nan		-0.138098
15.86		-40.9721		-0.0107047		nan		-0.138088
15.88		-41.078		-0.0119172		nan		-0.138077
15.9		-41.184		-0.0131218		nan		-0.138065
15.92		-41.2901		-0.0143182		nan		-0.138052
15.94		-41.3964		-0.0155058		nan		-0.138038
15.96		-41.5028		-0.0166843		nan		-0.138024
15.98		-41.6093		-0.0178531		nan		-0.138008
16		-41.716		-0.0190118		nan		-0.137991
16.02		-41.8228		-0.0201601		nan		-0.137973
16.04		-41.9297		-0.0212974		nan		-0.137954
16.06		-42.0368		-0.0224234		nan		-0.137934
16.08		-42.144		-0.0235376		nan		-0.137913
16.1		-42.2513		-0.0246396		nan		-0.137891
16.12		-42.3588		-0.025729		nan		-0.137868
16.14		-42.4664		-0.0268054		nan		-0.137844
16.16		-42.5741		-0.0278684		nan		-0.137819
16.18		-42.682		-0.0289177		nan		-0.137793
16.2		-42.79		-0.0299528		nan		-0.137766
16.22		-42.8981		-0.0309733		nan		-0.137738
16.24		-43.0064		-0.031979		nan		-0.137709
16.26		-43.1148		-0.0329694		nan		-0.137679
16.28		-43.2233		-0.0339441		nan		-0.137648
16.3		-43.332		-0.0349029		nan		-0.137617
16.32		-43.4408		-0.0358454		nan		-0.137584
16.34		-43.5497		-0.0367712		nan		-0.13755
16.36		-43.6588		-0.03768		nan		-0.137516
16.38		-43.768		-0.0385716		nan		-0.13748
16.4		-43.8773		-0.0394455		nan		-0.137443
16.42		-43.9868		-0.0403016		nan		-0.137406
16.44		-44.0964		-0.0411394		nan		-0.137367
16.46		-44.2061		-0.0419587		nan		-0.137328
16.48		-44.316		-0.0427593		nan		-0.137288
16.5		-44.426		-0.0435408		nan		-0.137246
16.52		-44.5361		-0.044303		nan		-0.137204
16.54		-44.6464		-0.0450456		nan		-0.137161
16.56		-44.7568		-0.0457684		nan		-0.137117
16.58		-44.8673		-0.0464712		nan		-0.137072
16.6		-44.978		-0.0471537		nan		-0.137026
16.62		-45.0888		-0.0478157		nan		-0.136979
16.64		-45.1997		-0.0484569		nan		-0.136931
16.66		-45.3108		-0.0490773		nan		-0.136882
16.68		-45.422		-0.0496765		nan		-0.136833
16.7		-45.5333		-0.0502544		nan		-0.136782
16.72		-45.6448		-0.0508108		nan		-0.136731
16.74		-45.7564		-0.0513456		nan		-0.136679
16.76		-45.8681		-0.0518585		nan		-0.136625
16.78		-45.98		-0.0523495		nan		-0.136571
16.8		-46.092		-0.0528184		nan		-0.136516
16.82		-46.2041		-0.053265		nan		-0.136461
16.84		-46.3164		-0.0536892		nan		-0.136404
16.86		-46.4288		-0.054091		nan		-0.136346
16.88		-46.5413		-0.0544702		nan		-0.136288
16.9		-46.654		-0.0548267		nan		-0.136228
16.92		-46.7668		-0.0551604		nan		-0.136168
16.94		-46.8797		-0.0554713		nan		-0.136107
16.96		-46.9928		-0.0557592		nan		-0.136045
16.98		-47.106		-0.0560242		nan		-0.135982
17		-47.2193		-0.0562661		nan		-0.135918
17.02		-47.3328		-0.056485		nan		-0.135854
17.04		-47.4464		-0.0566808		nan		-0.135788
17.06		-47.5601		-0.0568534		nan		-0.135722
17.08		-47.674		-0.0570028		nan		-0.135655
17.1		-47.788		-0.0571292		nan		-0.135587
17.12		-47.9021		-0.0572323		nan		-0.135518
17.14		-48.0164		-0.0573124		nan		-0.135449
17.16		-48.1308		-0.0573693		nan		-0.135378
17.18		-48.2453		-0.0574031		nan		-0.135307
17.2		-48.36		-0.0574139		nan		-0.135235
17.22		-48.4748		-0.0574018		nan		-0.135162
17.24		-48.5897		-0.0573666		nan		-0.135088
17.26		-48.7048		-0.0573087		nan		-0.135014
17.28		-48.82		-0.0572279		nan		-0.134938
17.3		-48.9353		-0.0571244		nan		-0.134862
17.32		-49.0508		-0.0569983		nan		-0.134785
17.34		-49.1664		-0.0568497		nan		-0.134707
17.36		-49.2821		-0.0566787		nan		-0.134629
17.38		-49.398		-0.0564855		nan		-0.134549
17.4		-49.514		-0.05627		nan		-0.134469
17.42		-49.6301		-0.0560326		nan		-0.134388
17.44		-49.7464		-0.0557733		nan		-0.134307
17.46		-49.8628		-0.0554923		nan		-0.134224
17.48		-49.9793		-0.0551897		nan		-0.134141
17.5		-50.096		-0.0548658		nan		-0.134057
17.52		-50.2128		-0.0545206		nan		-0.133972
17.54		-50.3297		-0.0541545		nan		-0.133886
17.56		-50.4468		-0.0537674		nan		-0.1338
17.58		-50.564		-0.0533598		nan		-0.133713
17.6		-50.6813		-0.0529318		nan		-0.133625
17.62		-50.7988		-0.0524835		nan		-0.133536
17.64		-50.9164		-0.0520153		nan		-0.133447
17.66		-51.0341		-0.0515273		nan		-0.133357
17.68		-51.152		-0.0510199		nan		-0.133266
17.7		-51.27		-0.0504931		nan		-0.133174
17.72		-51.3881		-0.0499474		nan		-0.133082
17.74		-51.5064		-0.0493829		nan		-0.132988
17.76		-51.6248		-0.0488		nan		-0.132895
17.78		-51.7433		-0.0481988		nan		-0.1328
17.8		-51.862		-0.0475797		nan		-0.132705
17.82		-51.9808		-0.0469429		nan		-0.132609
17.84		-52.0997		-0.0462889		nan		-0.132512
17.86		-52.2188		-0.0456177		nan		-0.132415
17.88		-52.338		-0.0449298		nan		-0.132316
17.9		-52.4573		-0.0442255		nan		-0.132218
17.92		-52.5768		-0.0435051		nan		-0.132118
17.94		-52.6964		-0.0427689		nan		-0.132018
17.96		-52.8161		-0.0420172		nan		-0.131917
17.98		-52.936		-0.0412504		nan		-0.131815
18		-53.056		-0.0404687		nan		-0.131713
18.02		-53.1761		-0.0396727		nan		-0.13161
18.04		-53.2964		-0.0388625		nan		-0.131506
18.06		-53.4168		-0.0380386		nan		-0.131402
18.08		-53.5373		-0.0372013		nan		-0.131297
18.1		-53.658		-0.0363509		nan		-0.131191
18.12		-53.7788		-0.0354879		nan		-0.131084
18.14		-53.8997		-0.0346127		nan		-0.130977
18.16		-54.0208		-0.0337254		nan		-0.13087
18.18		-54.142		-0.0328267		nan		-0.130761
18.2		-54.2633		-0.0319168		nan		-0.130652
18.22		-54.3848		-0.0309962		nan		-0.130542
18.24		-54.5064		-0.0300651		nan		-0.130432
18.26		-54.6281		-0.0291241		nan		-0.130321
18.28		-54.75		-0.0281735		nan		-0.130209
18.3		-54.872		-0.0272137		nan		-0.130097
18.32		-54.9941		-0.0262451		nan		-0.129984
18.34		-55.1164		-0.0252681		nan		-0.129871
18.36		-55.2388		-0.0242832		nan		-0.129756
18.38		-55.3613		-0.0232907		nan		-0.129642
18.4		-55.484		-0.022291		nan		-0.129526
18.42		-55.6068		-0.0212846		nan		-0.12941
18.44		-55.7297		-0.0202719		nan		-0.129294
18.46		-55.8528		-0.0192532		nan		-0.129176
18.48		-55.976		-0.0182291		nan		-0.129058
18.5		-56.0993		-0.0171998		nan		-0.12894
18.52		-56.2228		-0.016166		nan		-0.128821
18.54		-56.3464		-0.0151278		nan		-0.128701
18.56		-56.4701		-0.0140859		nan		-0.128581
18.58		-56.594		-0.0130406		nan		-0.12846
18.6		-56.718		-0.0119923		nan		-0.128339
18.62		-56.8421		-0.0109415		nan		-0.128216
18.64		-56.9664		-0.00988858		nan		-0.128094
18.66		-57.0908		-0.00883395		nan		-0.127971
18.68		-57.2153		-0.00777804		nan		-0.127847
18.7		-57.34		-0.00672129		nan		-0.127723
18.72		-57.4648		-0.0056641		nan		-0.127598
18.74		-57.5897		-0.00460691		nan		-0.127472
18.76		-57.7148		-0.00355013		nan		-0.127346
18.78		-57.84		-0.00249419		nan		-0.127219
18.8		-57.9653		-0.0014395		nan		-0.127092
18.82		-58.0908		-0.000386472		nan		-0.126965
18.84		-58.2164		0.000664469		nan		-0.126836
18.86		-58.3421		0.00171291		nan		-0.126708
18.88		-58.468		0.00275845		nan		-0.126578
18.9		-58.594		0.00380067		nan		-0.126448
18.92		-58.7201		0.00483916		nan		-0.126318
18.94		-58.8464		0.00587352		nan		-0.126187
18.96		-58.9728		0.00690334		nan		-0.126056
18.98		-59.0993		0.00792823		nan		-0.125924
19		-59.226		0.00894779		nan		-0.125791
19.02		-59.3528		0.00996163		nan		-0.125658
19.04		-59.4797		0.0109693		nan		-0.125525
19.06		-59.6068		0.0119706		nan		-0.125391
19.08		-59.734		0.0129649		nan		-0.125256
19.1		-59.8613		0.0139519		nan		-0.125121
19.12		-59.9888		0.0149313		nan		-0.124985
19.14		-60.1164		0.0159027		nan		-0.124849
19.16		-60.2441		0.0168657		nan		-0.124713
19.18		-60.372		0.01782		nan		-0.124576
19.2		-60.5		0.0187651		nan		-0.124438
19.22		-60.6281		0.0197007		nan		-0.1243
19.24		-60.7564		0.0206265		nan		-0.124162
19.26		-60.8848		0.0215422		nan		-0.124023
19.28		-61.0133		0.0224473		nan		-0.123883
19.3		-61.142		0.0233416		nan		-0.123743
19.32		-61.2708		0.0242246		nan		-0.123603
19.34		-61.3997		0.0250962		nan		-0.123462
19.36		-61.5288		0.0259559		nan		-0.123321
19.38		-61.658		0.0268035		nan		-0.123179
19.4		-61.7873		0.0276385		nan		-0.123037
19.42		-61.9168		0.0284609		nan		-0.122894
19.44		-62.0464		0.0292701		nan		-0.122751
19.46		-62.1761		0.0300659		nan		-0.122607
19.48		-62.306		0.0308481		nan		-0.122463
19.5		-62.436		0.0316164		nan		-0.122319
19.52		-62.5661		0.0323704		nan		-0.122174
19.54		-62.6964		0.03311		nan		-0.122029
19.56		-62.8268		0.0338347		nan		-0.121883
19.58		-62.9573		0.0345445		nan		-0.121737
19.6		-63.088		0.035239		nan		-0.12159
19.62		-63.2188		0.035918		nan		-0.121443
19.64		-63.3497		0.0365812		nan		-0.121296
19.66		-63.4808		0.0372284		nan		-0.121148
19.68		-63.612		0.0378595		nan		-0.121
19.7		-63.7433		0.0384741		nan		-0.120851
19.72		-63.8748		0.0390721		nan		-0.120702
19.74		-64.0064		0.0396532		nan		-0.120552
19.76		-64.1381		0.0402173		nan		-0.120403
19.78		-64.27		0.0407641		nan		-0.120252
19.8		-64.402		0.0412936		nan		-0.120102
19.82		-64.5341		0.0418055		nan		-0.119951
19.84		-64.6664		0.0422996		nan		-0.119799
19.86		-64.7988		0.0427758		nan		-0.119647
19.88		-64.9313		0.0432339		nan		-0.119495
19.9		-65.064		0.0436738		nan		-0.119343
19.92		-65.1968		0.0440954		nan		-0.11919
19.94		-65.3297		0.0444984		nan		-0.119036
19.96		-65.4628		0.0448829		nan		-0.118883
19.98		-65.596		0.0452486		nan		-0.118729
20		-65.7293		0.0455955		nan		-0.118574
20.02		-65.8628		0.0459235		nan		-0.118419
20.04		-65.9964		0.0462325		nan		-0.118264
20.06		-66.1301		0.0465223		nan		-0.118109
20.08		-66.264		0.046793		nan		-0.117953
20.1		-66.398		0.0470444		nan		-0.117797
