Time		s=0		s=1		s=2		s=3		
0.1		1		1		1		1
0.12		0.999822		0.999822		0.999822		0.999822
0.14		0.999352		0.999352		0.999352		0.999352
0.16		0.99865		0.99865		0.998651		0.998651
0.18		0.997748		0.997749		0.99775		0.997751
0.2		0.996666		0.996669		0.996671		0.996674
0.22		0.995418		0.995423		0.995428		0.995433
0.24		0.994011		0.994019		0.994028		0.994036
0.26		0.992451		0.992465		0.992479		0.992492
0.28		0.990743		0.990764		0.990785		0.990806
0.3		0.988889		0.98892		0.988951		0.988981
0.32		0.986892		0.986935		0.986979		0.987022
0.34		0.984753		0.984813		0.984872		0.984931
0.36		0.982474		0.982554		0.982633		0.982712
0.38		0.980056		0.980161		0.980264		0.980366
0.4		0.9775		0.977635		0.977767		0.977898
0.42		0.974806		0.974976		0.975143		0.975308
0.44		0.971976		0.972188		0.972395		0.972599
0.46		0.969009		0.969269		0.969524		0.969774
0.48		0.965905		0.966223		0.966532		0.966834
0.5		0.962667		0.963049		0.963421		0.963783
0.52		0.959292		0.959749		0.960192		0.960623
0.54		0.955783		0.956323		0.956847		0.957355
0.56		0.952138		0.952774		0.953388		0.953981
0.58		0.948359		0.949101		0.949816		0.950506
0.6		0.944444		0.945306		0.946134		0.94693
0.62		0.940396		0.94139		0.942343		0.943256
0.64		0.936212		0.937354		0.938444		0.939486
0.66		0.931895		0.9332		0.934441		0.935624
0.68		0.927443		0.928927		0.930334		0.93167
0.7		0.922857		0.924537		0.926125		0.927629
0.72		0.918137		0.920032		0.921817		0.923501
0.74		0.913283		0.915412		0.91741		0.91929
0.76		0.908295		0.910679		0.912908		0.914998
0.78		0.903173		0.905834		0.908312		0.910628
0.8		0.897917		0.900877		0.903624		0.906182
0.82		0.892527		0.895811		0.898846		0.901662
0.84		0.887003		0.890637		0.89398		0.897071
0.86		0.881346		0.885355		0.889029		0.892412
0.88		0.875554		0.879967		0.883993		0.887687
0.9		0.86963		0.874474		0.878875		0.882898
0.92		0.863571		0.868878		0.873678		0.878048
0.94		0.857379		0.86318		0.868403		0.873139
0.96		0.851053		0.857382		0.863053		0.868175
0.98		0.844593		0.851484		0.857629		0.863156
1		0.838		0.845488		0.852134		0.858086
1.02		0.831273		0.839396		0.846569		0.852968
1.04		0.824413		0.833209		0.840938		0.847802
1.06		0.817419		0.826928		0.835241		0.842593
1.08		0.810291		0.820555		0.829482		0.837342
1.1		0.80303		0.814092		0.823661		0.83205
1.12		0.795636		0.80754		0.817783		0.826722
1.14		0.788108		0.8009		0.811847		0.821359
1.16		0.780446		0.794175		0.805857		0.815962
1.18		0.772651		0.787365		0.799815		0.810535
1.2		0.764722		0.780472		0.793723		0.80508
1.22		0.75666		0.773499		0.787582		0.799598
1.24		0.748464		0.766446		0.781396		0.794092
1.26		0.740135		0.759315		0.775165		0.788563
1.28		0.731673		0.752108		0.768893		0.783014
1.3		0.723077		0.744827		0.762581		0.777447
1.32		0.714347		0.737473		0.756231		0.771863
1.34		0.705485		0.730047		0.749845		0.766265
1.36		0.696488		0.722553		0.743426		0.760654
1.38		0.687358		0.714991		0.736975		0.755033
1.4		0.678095		0.707363		0.730493		0.749402
1.42		0.668699		0.699671		0.723984		0.743764
1.44		0.659168		0.691917		0.71745		0.73812
1.46		0.649505		0.684102		0.710891		0.732472
1.48		0.639708		0.676228		0.70431		0.726822
1.5		0.629778		0.668298		0.697708		0.721171
1.52		0.619714		0.660312		0.691088		0.71552
1.54		0.609517		0.652273		0.684452		0.709872
1.56		0.599186		0.644183		0.677801		0.704227
1.58		0.588722		0.636043		0.671137		0.698588
1.6		0.578125		0.627855		0.664461		0.692954
1.62		0.567394		0.619622		0.657776		0.687329
1.64		0.55653		0.611344		0.651083		0.681712
1.66		0.545533		0.603025		0.644383		0.676105
1.68		0.534402		0.594665		0.63768		0.67051
1.7		0.523137		0.586267		0.630973		0.664927
1.72		0.51174		0.577832		0.624264		0.659358
1.74		0.500208		0.569363		0.617556		0.653803
1.76		0.488544		0.560861		0.61085		0.648264
1.78		0.476746		0.552328		0.604146		0.642742
1.8		0.464815		0.543767		0.597447		0.637238
1.82		0.45275		0.535178		0.590755		0.631752
1.84		0.440552		0.526565		0.584069		0.626285
1.86		0.428221		0.517928		0.577393		0.620839
1.88		0.415756		0.50927		0.570726		0.615415
1.9		0.403158		0.500593		0.564071		0.610012
1.92		0.390426		0.491899		0.557429		0.604632
1.94		0.377561		0.483189		0.5508		0.599275
1.96		0.364563		0.474466		0.544187		0.593942
1.98		0.351432		0.46573		0.53759		0.588634
2		0.338167		0.456986		0.531011		0.583352
2.02		0.324768		0.448233		0.52445		0.578095
2.04		0.311237		0.439474		0.517909		0.572866
2.06		0.297572		0.430712		0.511389		0.567663
2.08		0.283773		0.421947		0.50489		0.562487
2.1		0.269841		0.413182		0.498414		0.55734
2.12		0.255776		0.404419		0.491962		0.552222
2.14		0.241578		0.395659		0.485535		0.547132
2.16		0.227246		0.386905		0.479133		0.542071
2.18		0.21278		0.378158		0.472758		0.537041
2.2		0.198182		0.36942		0.46641		0.53204
2.22		0.18345		0.360694		0.460091		0.52707
2.24		0.168585		0.35198		0.4538		0.522131
2.26		0.153586		0.34328		0.447539		0.517222
2.28		0.138454		0.334598		0.441308		0.512345
2.3		0.123188		0.325933		0.435108		0.507499
2.32		0.10779		0.317289		0.428941		0.502685
2.34		0.0922575		0.308667		0.422805		0.497903
2.36		0.0765921		0.300068		0.416703		0.493153
2.38		0.0607933		0.291495		0.410635		0.488435
2.4		0.0448611		0.282949		0.404601		0.48375
2.42		0.0287956		0.274432		0.398601		0.479097
2.44		0.0125967		0.265946		0.392637		0.474477
2.46		-0.00373552		0.257492		0.386709		0.469889
2.48		-0.0202011		0.249073		0.380817		0.465335
2.5		-0.0368		0.24069		0.374961		0.460813
2.52		-0.0535323		0.232344		0.369143		0.456324
2.54		-0.0703979		0.224037		0.363363		0.451869
2.56		-0.0873969		0.215771		0.35762		0.447446
2.58		-0.104529		0.207548		0.351915		0.443056
2.6		-0.121795		0.199368		0.34625		0.438699
2.62		-0.139194		0.191235		0.340623		0.434375
2.64		-0.156726		0.183149		0.335035		0.430085
2.66		-0.174392		0.175111		0.329487		0.425827
2.68		-0.192191		0.167125		0.323978		0.421602
2.7		-0.210123		0.15919		0.31851		0.41741
2.72		-0.228189		0.151308		0.313081		0.41325
2.74		-0.246388		0.143482		0.307693		0.409124
2.76		-0.264721		0.135712		0.302345		0.40503
2.78		-0.283187		0.128		0.297038		0.400968
2.8		-0.301786		0.120347		0.291772		0.396939
2.82		-0.320518		0.112755		0.286547		0.392942
2.84		-0.339384		0.105226		0.281363		0.388978
2.86		-0.358383		0.0977594		0.276219		0.385045
2.88		-0.377516		0.090358		0.271117		0.381145
2.9		-0.396782		0.0830227		0.266056		0.377276
2.92		-0.416181		0.075755		0.261036		0.373439
2.94		-0.435713		0.0685561		0.256058		0.369633
2.96		-0.455379		0.0614272		0.25112		0.365859
2.98		-0.475179		0.0543696		0.246224		0.362116
3		-0.495111		0.0473845		0.241369		0.358404
3.02		-0.515177		0.0404731		0.236556		0.354723
3.04		-0.535376		0.0336366		0.231783		0.351072
3.06		-0.555709		0.026876		0.227051		0.347452
3.08		-0.576175		0.0201926		0.222361		0.343863
3.1		-0.596774		0.0135874		0.217711		0.340304
3.12		-0.617507		0.00706142		0.213102		0.336774
3.14		-0.638373		0.000615807		0.208533		0.333274
3.16		-0.659372		-0.00574846		0.204006		0.329804
3.18		-0.680505		-0.0120304		0.199518		0.326364
3.2		-0.701771		-0.018229		0.195071		0.322952
3.22		-0.72317		-0.0243434		0.190664		0.31957
3.24		-0.744703		-0.0303726		0.186297		0.316216
3.26		-0.766369		-0.0363157		0.18197		0.312891
3.28		-0.788168		-0.042172		0.177682		0.309594
3.3		-0.810101		-0.0479405		0.173434		0.306326
3.32		-0.832167		-0.0536204		0.169225		0.303085
3.34		-0.854366		-0.059211		0.165055		0.299872
3.36		-0.876699		-0.0647115		0.160923		0.296687
3.38		-0.899165		-0.0701212		0.156831		0.293529
3.4		-0.921765		-0.0754393		0.152777		0.290398
3.42		-0.944497		-0.0806652		0.14876		0.287293
3.44		-0.967364		-0.0857983		0.144782		0.284216
3.46		-0.990363		-0.090838		0.140842		0.281165
3.48		-1.0135		-0.0957836		0.136938		0.27814
3.5		-1.03676		-0.100635		0.133072		0.275142
3.52		-1.06016		-0.10539		0.129243		0.272169
3.54		-1.08369		-0.110051		0.125451		0.269221
3.56		-1.10736		-0.114615		0.121695		0.266299
3.58		-1.13116		-0.119082		0.117975		0.263402
3.6		-1.15509		-0.123452		0.11429		0.26053
3.62		-1.17916		-0.127726		0.110642		0.257683
3.64		-1.20336		-0.131901		0.107028		0.25486
3.66		-1.22769		-0.135978		0.103449		0.252062
3.68		-1.25216		-0.139957		0.0999055		0.249287
3.7		-1.27676		-0.143837		0.0963959		0.246537
3.72		-1.30149		-0.147618		0.0929203		0.24381
3.74		-1.32636		-0.1513		0.0894784		0.241106
3.76		-1.35136		-0.154883		0.08607		0.238426
3.78		-1.37649		-0.158366		0.0826947		0.235768
3.8		-1.40175		-0.161749		0.0793522		0.233133
3.82		-1.42715		-0.165033		0.0760423		0.230521
3.84		-1.45269		-0.168216		0.0727644		0.227931
3.86		-1.47835		-0.1713		0.0695185		0.225364
3.88		-1.50415		-0.174284		0.0663041		0.222818
3.9		-1.53009		-0.177168		0.0631209		0.220294
3.92		-1.55615		-0.179952		0.0599686		0.217791
3.94		-1.58235		-0.182636		0.0568468		0.21531
3.96		-1.60868		-0.18522		0.0537553		0.21285
3.98		-1.63515		-0.187705		0.0506938		0.21041
4		-1.66175		-0.19009		0.0476618		0.207992
4.02		-1.68848		-0.192376		0.0446591		0.205594
4.04		-1.71535		-0.194562		0.0416853		0.203216
4.06		-1.74235		-0.196649		0.0387401		0.200858
4.08		-1.76948		-0.198638		0.0358233		0.19852
4.1		-1.79675		-0.200528		0.0329343		0.196202
4.12		-1.82415		-0.202321		0.030073		0.193903
4.14		-1.85168		-0.204015		0.0272389		0.191624
4.16		-1.87935		-0.205612		0.0244318		0.189364
4.18		-1.90715		-0.207111		0.0216514		0.187122
4.2		-1.93508		-0.208514		0.0188972		0.1849
4.22		-1.96315		-0.209821		0.016169		0.182696
4.24		-1.99135		-0.211031		0.0134664		0.18051
4.26		-2.01968		-0.212147		0.0107891		0.178342
4.28		-2.04814		-0.213167		0.00813683		0.176193
4.3		-2.07674		-0.214093		0.00550918		0.174061
4.32		-2.10548		-0.214926		0.00290585		0.171947
4.34		-2.13434		-0.215665		0.0003265		0.169851
4.36		-2.16334		-0.216311		-0.00222918		0.167771
4.38		-2.19248		-0.216866		-0.00476153		0.165709
4.4		-2.22174		-0.217329		-0.00727086		0.163664
4.42		-2.25114		-0.217701		-0.00975751		0.161635
4.44		-2.28068		-0.217983		-0.0122218		0.159623
4.46		-2.31034		-0.218176		-0.014664		0.157628
4.48		-2.34014		-0.21828		-0.0170846		0.155649
4.5		-2.37007		-0.218297		-0.0194837		0.153686
4.52		-2.40014		-0.218226		-0.0218617		0.151738
4.54		-2.43034		-0.218069		-0.024219		0.149807
4.56		-2.46067		-0.217827		-0.0265558		0.147891
4.58		-2.49114		-0.2175		-0.0288725		0.145991
4.6		-2.52174		-0.217089		-0.0311694		0.144106
4.62		-2.55247		-0.216595		-0.0334468		0.142236
4.64		-2.58334		-0.21602		-0.035705		0.140381
4.66		-2.61434		-0.215363		-0.0379444		0.138541
4.68		-2.64547		-0.214626		-0.0401652		0.136715
4.7		-2.67674		-0.21381		-0.0423677		0.134904
4.72		-2.70814		-0.212915		-0.0445522		0.133107
4.74		-2.73967		-0.211944		-0.0467191		0.131325
4.76		-2.77134		-0.210896		-0.0488687		0.129557
4.78		-2.80314		-0.209773		-0.0510013		0.127802
4.8		-2.83507		-0.208575		-0.0531171		0.126062
4.82		-2.86714		-0.207305		-0.0552164		0.124335
4.84		-2.89934		-0.205962		-0.0572997		0.122621
4.86		-2.93167		-0.204549		-0.0593671		0.120921
4.88		-2.96413		-0.203065		-0.0614189		0.119234
4.9		-2.99673		-0.201513		-0.0634555		0.117561
4.92		-3.02947		-0.199893		-0.0654772		0.1159
4.94		-3.06233		-0.198207		-0.0674842		0.114252
4.96		-3.09533		-0.196455		-0.0694768		0.112617
4.98		-3.12847		-0.194639		-0.0714554		0.110994
5		-3.16173		-0.19276		-0.0734201		0.109384
5.02		-3.19513		-0.190819		-0.0753714		0.107786
5.04		-3.22867		-0.188818		-0.0773094		0.1062
5.06		-3.26233		-0.186757		-0.0792345		0.104626
5.08		-3.29613		-0.184638		-0.0811469		0.103064
5.1		-3.33007		-0.182462		-0.0830469		0.101514
5.12		-3.36413		-0.180231		-0.0849349		0.099976
5.14		-3.39833		-0.177945		-0.086811		0.0984493
5.16		-3.43266		-0.175605		-0.0886756		0.0969341
5.18		-3.46713		-0.173214		-0.0905289		0.0954301
5.2		-3.50173		-0.170772		-0.0923713		0.0939374
5.22		-3.53646		-0.168281		-0.0942029		0.0924559
5.24		-3.57133		-0.165742		-0.0960241		0.0909853
5.26		-3.60633		-0.163156		-0.0978351		0.0895256
5.28		-3.64146		-0.160525		-0.0996362		0.0880766
5.3		-3.67673		-0.15785		-0.101428		0.0866383
5.32		-3.71213		-0.155131		-0.10321		0.0852106
5.34		-3.74766		-0.152372		-0.104983		0.0837934
5.36		-3.78333		-0.149572		-0.106747		0.0823864
5.38		-3.81913		-0.146733		-0.108502		0.0809897
5.4		-3.85506		-0.143857		-0.11025		0.0796032
5.42		-3.89113		-0.140945		-0.111989		0.0782267
5.44		-3.92733		-0.137998		-0.11372		0.0768601
5.46		-3.96366		-0.135018		-0.115444		0.0755033
5.48		-4.00013		-0.132006		-0.117161		0.0741563
5.5		-4.03673		-0.128963		-0.11887		0.0728189
5.52		-4.07346		-0.12589		-0.120573		0.071491
5.54		-4.11033		-0.12279		-0.12227		0.0701726
5.56		-4.14733		-0.119663		-0.12396		0.0688635
5.58		-4.18446		-0.116511		-0.125644		0.0675637
5.6		-4.22173		-0.113335		-0.127322		0.0662731
5.62		-4.25913		-0.110136		-0.128995		0.0649915
5.64		-4.29666		-0.106916		-0.130663		0.0637189
5.66		-4.33433		-0.103676		-0.132325		0.0624552
5.68		-4.37213		-0.100418		-0.133983		0.0612002
5.7		-4.41006		-0.0971421		-0.135637		0.0599541
5.72		-4.44812		-0.0938508		-0.137286		0.0587165
5.74		-4.48632		-0.090545		-0.138931		0.0574875
5.76		-4.52466		-0.0872261		-0.140573		0.0562669
5.78		-4.56312		-0.0838954		-0.142211		0.0550547
5.8		-4.60172		-0.0805542		-0.143846		0.0538508
5.82		-4.64046		-0.0772039		-0.145478		0.0526551
5.84		-4.67932		-0.0738457		-0.147107		0.0514676
5.86		-4.71832		-0.070481		-0.148733		0.0502881
5.88		-4.75746		-0.0671111		-0.150358		0.0491165
5.9		-4.79672		-0.0637373		-0.15198		0.0479529
5.92		-4.83612		-0.0603609		-0.1536		0.0467971
5.94		-4.87566		-0.0569832		-0.15522		0.045649
5.96		-4.91532		-0.0536054		-0.156837		0.0445086
5.98		-4.95512		-0.0502289		-0.158454		0.0433758
6		-4.99506		-0.0468548		-0.16007		0.0422505
6.02		-5.03512		-0.0434845		-0.161686		0.0411327
6.04		-5.07532		-0.0401191		-0.163301		0.0400222
6.06		-5.11566		-0.03676		-0.164916		0.038919
6.08		-5.15612		-0.0334083		-0.166532		0.0378231
6.1		-5.19672		-0.0300653		-0.168147		0.0367343
6.12		-5.23745		-0.0267322		-0.169764		0.0356527
6.14		-5.27832		-0.0234101		-0.171382		0.034578
6.16		-5.31932		-0.0201002		-0.173		0.0335103
6.18		-5.36045		-0.0168038		-0.174621		0.0324495
6.2		-5.40172		-0.0135219		-0.176243		0.0313956
6.22		-5.44312		-0.0102557		-0.177866		0.0303484
6.24		-5.48465		-0.0070064		-0.179493		0.0293079
6.26		-5.52632		-0.00377505		-0.181121		0.0282741
6.28		-5.56812		-0.000562775		-0.182752		0.0272468
6.3		-5.61005		0.00262933		-0.184387		0.026226
6.32		-5.65212		0.00580018		-0.186024		0.0252117
6.34		-5.69432		0.00894871		-0.187665		0.0242038
6.36		-5.73665		0.0120739		-0.189309		0.0232022
6.38		-5.77912		0.0151746		-0.190958		0.0222069
6.4		-5.82172		0.01825		-0.192611		0.0212178
6.42		-5.86445		0.0212988		-0.194268		0.0202349
6.44		-5.90732		0.0243203		-0.19593		0.0192581
6.46		-5.95032		0.0273134		-0.197597		0.0182873
6.48		-5.99345		0.030277		-0.19927		0.0173225
6.5		-6.03672		0.0332104		-0.200948		0.0163637
6.52		-6.08012		0.0361125		-0.202631		0.0154107
6.54		-6.12365		0.0389825		-0.204321		0.0144635
6.56		-6.16732		0.0418195		-0.206017		0.0135222
6.58		-6.21112		0.0446225		-0.20772		0.0125865
6.6		-6.25505		0.0473907		-0.20943		0.0116565
6.62		-6.29912		0.0501233		-0.211147		0.0107322
6.64		-6.34332		0.0528195		-0.212871		0.00981336
6.66		-6.38765		0.0554784		-0.214603		0.00890008
6.68		-6.43212		0.0580992		-0.216343		0.00799227
6.7		-6.47672		0.0606813		-0.218091		0.00708988
6.72		-6.52145		0.0632238		-0.219848		0.00619286
6.74		-6.56632		0.0657259		-0.221614		0.00530116
6.76		-6.61132		0.0681871		-0.223388		0.00441474
6.78		-6.65645		0.0706065		-0.225173		0.00353355
6.8		-6.70172		0.0729836		-0.226967		0.00265754
6.82		-6.74712		0.0753176		-0.228771		0.00178667
6.84		-6.79265		0.0776079		-0.230585		0.000920898
6.86		-6.83832		0.0798539		-0.23241		6.01699e-005
6.88		-6.88412		0.082055		-0.234246		-0.000795554
6.9		-6.93005		0.0842106		-0.236093		-0.00164632
6.92		-6.97611		0.0863202		-0.237951		-0.00249216
6.94		-7.02231		0.0883831		-0.239822		-0.00333313
6.96		-7.06865		0.090399		-0.241705		-0.00416927
6.98		-7.11511		0.0923673		-0.2436		-0.00500062
7		-7.16171		0.0942875		-0.245508		-0.00582721
7.02		-7.20845		0.0961591		-0.247429		-0.00664909
7.04		-7.25531		0.0979817		-0.249364		-0.00746631
7.06		-7.30231		0.099755		-0.251313		-0.00827889
7.08		-7.34945		0.101478		-0.253275		-0.00908689
7.1		-7.39671		0.103152		-0.255253		-0.00989033
7.12		-7.44411		0.104774		-0.257245		-0.0106893
7.14		-7.49165		0.106346		-0.259252		-0.0114837
7.16		-7.53931		0.107867		-0.261275		-0.0122737
7.18		-7.58711		0.109336		-0.263314		-0.0130593
7.2		-7.63505		0.110753		-0.26537		-0.0138406
7.22		-7.68311		0.112119		-0.267442		-0.0146175
7.24		-7.73131		0.113432		-0.269531		-0.0153901
7.26		-7.77965		0.114692		-0.271637		-0.0161585
7.28		-7.82811		0.1159		-0.273762		-0.0169226
7.3		-7.87671		0.117055		-0.275904		-0.0176826
7.32		-7.92545		0.118157		-0.278066		-0.0184384
7.34		-7.97431		0.119206		-0.280246		-0.01919
7.36		-8.02331		0.120202		-0.282446		-0.0199376
7.38		-8.07245		0.121144		-0.284666		-0.0206812
7.4		-8.12171		0.122033		-0.286906		-0.0214207
7.42		-8.17111		0.122868		-0.289167		-0.0221562
7.44		-8.22064		0.12365		-0.291449		-0.0228877
7.46		-8.27031		0.124379		-0.293752		-0.0236154
7.48		-8.32011		0.125054		-0.296078		-0.0243391
7.5		-8.37004		0.125675		-0.298427		-0.025059
7.52		-8.42011		0.126243		-0.300798		-0.025775
7.54		-8.47031		0.126758		-0.303193		-0.0264872
7.56		-8.52064		0.127219		-0.305612		-0.0271957
7.58		-8.57111		0.127627		-0.308056		-0.0279004
7.6		-8.62171		0.127982		-0.310524		-0.0286014
7.62		-8.67244		0.128284		-0.313018		-0.0292987
7.64		-8.72331		0.128534		-0.315538		-0.0299923
7.66		-8.77431		0.12873		-0.318085		-0.0306823
7.68		-8.82544		0.128875		-0.320658		-0.0313687
7.7		-8.87671		0.128967		-0.32326		-0.0320516
7.72		-8.92811		0.129007		-0.325889		-0.0327308
7.74		-8.97964		0.128996		-0.328547		-0.0334066
7.76		-9.03131		0.128933		-0.331235		-0.0340788
7.78		-9.08311		0.128819		-0.333953		-0.0347476
7.8		-9.13504		0.128655		-0.336701		-0.0354129
7.82		-9.18711		0.128439		-0.33948		-0.0360749
7.84		-9.23931		0.128174		-0.342291		-0.0367334
7.86		-9.29164		0.127859		-0.345135		-0.0373885
7.88		-9.34411		0.127494		-0.348012		-0.0380403
7.9		-9.39671		0.127081		-0.350922		-0.0386888
7.92		-9.44944		0.126619		-0.353867		-0.039334
7.94		-9.50231		0.126108		-0.356847		-0.0399759
7.96		-9.55531		0.12555		-0.359863		-0.0406145
7.98		-9.60844		0.124945		-0.362916		-0.0412499
8		-9.66171		0.124293		-0.366005		-0.0418822
8.02		-9.71511		0.123594		-0.369133		-0.0425112
8.04		-9.76864		0.12285		-0.3723		-0.0431371
8.06		-9.82231		0.12206		-0.375506		-0.0437598
8.08		-9.87611		0.121225		-0.378752		-0.0443794
8.1		-9.93004		0.120347		-0.38204		-0.0449959
8.12		-9.98411		0.119424		-0.38537		-0.0456094
8.14		-10.0383		0.118459		-0.388743		-0.0462198
8.16		-10.0926		0.117451		-0.392159		-0.0468272
8.18		-10.1471		0.116401		-0.39562		-0.0474315
8.2		-10.2017		0.115309		-0.399127		-0.0480329
8.22		-10.2564		0.114177		-0.40268		-0.0486313
8.24		-10.3113		0.113005		-0.406281		-0.0492267
8.26		-10.3663		0.111793		-0.40993		-0.0498192
8.28		-10.4214		0.110543		-0.413628		-0.0504088
8.3		-10.4767		0.109255		-0.417377		-0.0509956
8.32		-10.5321		0.107929		-0.421178		-0.0515794
8.34		-10.5876		0.106567		-0.425031		-0.0521604
8.36		-10.6433		0.105168		-0.428938		-0.0527385
8.38		-10.6991		0.103734		-0.432899		-0.0533138
8.4		-10.755		0.102266		-0.436916		-0.0538864
8.42		-10.8111		0.100764		-0.440991		-0.0544561
8.44		-10.8673		0.0992285		-0.445124		-0.0550231
8.46		-10.9236		0.0976609		-0.449316		-0.0555873
8.48		-10.9801		0.0960618		-0.453569		-0.0561488
8.5		-11.0367		0.0944318		-0.457884		-0.0567076
8.52		-11.0934		0.0927718		-0.462263		-0.0572637
8.54		-11.1503		0.0910825		-0.466706		-0.0578171
8.56		-11.2073		0.0893648		-0.471216		-0.0583679
8.58		-11.2644		0.0876194		-0.475793		-0.058916
8.6		-11.3217		0.0858472		-0.480439		-0.0594615
8.62		-11.3791		0.084049		-0.485156		-0.0600043
8.64		-11.4366		0.0822255		-0.489945		-0.0605446
8.66		-11.4943		0.0803776		-0.494807		-0.0610822
8.68		-11.5521		0.0785062		-0.499745		-0.0616174
8.7		-11.61		0.0766121		-0.50476		-0.0621499
8.72		-11.6681		0.0746961		-0.509853		-0.0626799
8.74		-11.7263		0.072759		-0.515027		-0.0632074
8.76		-11.7846		0.0708017		-0.520283		-0.0637324
8.78		-11.8431		0.0688251		-0.525624		-0.0642549
8.8		-11.9017		0.0668301		-0.53105		-0.0647749
8.82		-11.9604		0.0648174		-0.536564		-0.0652924
8.84		-12.0193		0.0627879		-0.542168		-0.0658075
8.86		-12.0783		0.0607426		-0.547864		-0.0663201
8.88		-12.1374		0.0586822		-0.553655		-0.0668304
8.9		-12.1967		0.0566076		-0.559541		-0.0673382
8.92		-12.2561		0.0545198		-0.565526		-0.0678436
8.94		-12.3156		0.0524196		-0.571612		-0.0683466
8.96		-12.3753		0.0503078		-0.577802		-0.0688473
8.98		-12.4351		0.0481853		-0.584097		-0.0693455
9		-12.495		0.046053		-0.5905		-0.0698415
9.02		-12.5551		0.0439119		-0.597014		-0.0703351
9.04		-12.6153		0.0417626		-0.603641		-0.0708264
9.06		-12.6756		0.0396062		-0.610385		-0.0713153
9.08		-12.7361		0.0374435		-0.617247		-0.071802
9.1		-12.7967		0.0352753		-0.624232		-0.0722864
9.12		-12.8574		0.0331026		-0.631341		-0.0727685
9.14		-12.9183		0.0309262		-0.638579		-0.0732484
9.16		-12.9793		0.0287469		-0.645947		-0.073726
9.18		-13.0404		0.0265657		-0.65345		-0.0742013
9.2		-13.1017		0.0243833		-0.661091		-0.0746744
9.22		-13.1631		0.0222007		-0.668873		-0.0751453
9.24		-13.2246		0.0200186		-0.6768		-0.075614
9.26		-13.2863		0.017838		-0.684876		-0.0760805
9.28		-13.3481		0.0156597		-0.693104		-0.0765448
9.3		-13.41		0.0134845		-0.701488		-0.077007
9.32		-13.4721		0.0113132		-0.710033		-0.077467
9.34		-13.5343		0.00914675		-0.718742		-0.0779248
9.36		-13.5966		0.00698588		-0.727621		-0.0783804
9.38		-13.6591		0.00483145		-0.736673		-0.078834
9.4		-13.7217		0.00268425		-0.745903		-0.0792854
9.42		-13.7844		0.000545097		-0.755315		-0.0797347
9.44		-13.8473		-0.00158521		-0.764916		-0.0801819
9.46		-13.9103		-0.00370587		-0.77471		-0.080627
9.48		-13.9734		-0.00581611		-0.784702		-0.08107
9.5		-14.0367		-0.00791514		-0.794898		-0.0815109
9.52		-14.1001		-0.0100022		-0.805303		-0.0819498
9.54		-14.1636		-0.0120765		-0.815923		-0.0823866
9.56		-14.2273		-0.0141373		-0.826765		-0.0828213
9.58		-14.2911		-0.0161839		-0.837834		-0.083254
9.6		-14.355		-0.0182154		-0.849138		-0.0836847
9.62		-14.4191		-0.0202313		-0.860682		-0.0841133
9.64		-14.4833		-0.0222307		-0.872474		-0.08454
9.66		-14.5476		-0.024213		-0.884521		-0.0849646
9.68		-14.6121		-0.0261774		-0.896831		-0.0853872
9.7		-14.6767		-0.0281232		-0.909411		-0.0858078
9.72		-14.7414		-0.0300499		-0.922269		-0.0862265
9.74		-14.8063		-0.0319566		-0.935414		-0.0866432
9.76		-14.8713		-0.0338427		-0.948855		-0.0870579
9.78		-14.9364		-0.0357077		-0.9626		-0.0874706
9.8		-15.0017		-0.0375507		-0.976659		-0.0878814
9.82		-15.0671		-0.0393713		-0.991041		-0.0882903
9.84		-15.1326		-0.0411687		-1.00576		-0.0886972
9.86		-15.1983		-0.0429424		-1.02082		-0.0891022
9.88		-15.2641		-0.0446918		-1.03623		-0.0895052
9.9		-15.33		-0.0464163		-1.05201		-0.0899064
9.92		-15.3961		-0.0481153		-1.06817		-0.0903056
9.94		-15.4623		-0.0497883		-1.08472		-0.090703
9.96		-15.5286		-0.0514347		-1.10168		-0.0910984
9.98		-15.5951		-0.0530539		-1.11905		-0.091492
10		-15.6617		-0.0546455		-1.13685		-0.0918836
10.02		-15.7284		-0.0562089		-1.15509		-0.0922734
10.04		-15.7953		-0.0577437		-1.1738		-0.0926614
10.06		-15.8623		-0.0592493		-1.19298		-0.0930475
10.08		-15.9294		-0.0607252		-1.21266		-0.0934317
10.1		-15.9967		-0.0621711		-1.23284		-0.0938141
10.12		-16.0641		-0.0635865		-1.25355		-0.0941946
10.14		-16.1316		-0.0649708		-1.2748		-0.0945733
10.16		-16.1993		-0.0663238		-1.29662		-0.0949502
10.18		-16.2671		-0.067645		-1.31903		-0.0953252
10.2		-16.335		-0.0689341		-1.34204		-0.0956985
10.22		-16.4031		-0.0701905		-1.36569		-0.0960699
10.24		-16.4713		-0.071414		-1.38998		-0.0964395
10.26		-16.5396		-0.0726043		-1.41495		-0.0968073
10.28		-16.6081		-0.0737609		-1.44062		-0.0971734
10.3		-16.6767		-0.0748836		-1.46703		-0.0975376
10.32		-16.7454		-0.0759721		-1.49419		-0.0979001
10.34		-16.8143		-0.077026		-1.52213		-0.0982607
10.36		-16.8833		-0.0780451		-1.55089		-0.0986197
10.38		-16.9524		-0.0790291		-1.58051		-0.0989768
10.4		-17.0217		-0.0799777		-1.611		-0.0993322
10.42		-17.0911		-0.0808908		-1.64242		-0.0996858
10.44		-17.1606		-0.0817681		-1.67479		-0.100038
10.46		-17.2303		-0.0826095		-1.70816		-0.100388
10.48		-17.3001		-0.0834146		-1.74256		-0.100736
10.5		-17.37		-0.0841833		-1.77805		-0.101083
10.52		-17.4401		-0.0849155		-1.81467		-0.101428
10.54		-17.5103		-0.0856111		-1.85246		-0.101771
10.56		-17.5806		-0.0862698		-1.89148		-0.102112
10.58		-17.6511		-0.0868916		-1.93177		-0.102452
10.6		-17.7217		-0.0874764		-1.97341		-0.10279
10.62		-17.7924		-0.088024		-2.01645		-0.103127
10.64		-17.8633		-0.0885344		-2.06095		-0.103461
10.66		-17.9343		-0.0890076		-2.10697		-0.103794
10.68		-18.0054		-0.0894435		-2.1546		-0.104125
10.7		-18.0767		-0.089842		-2.2039		-0.104455
10.72		-18.1481		-0.0902032		-2.25496		-0.104783
10.74		-18.2196		-0.090527		-2.30786		-0.105109
10.76		-18.2913		-0.0908134		-2.36269		-0.105434
10.78		-18.3631		-0.0910626		-2.41955		-0.105756
10.8		-18.435		-0.0912744		-2.47853		-0.106078
10.82		-18.5071		-0.0914491		-2.53975		-0.106397
10.84		-18.5793		-0.0915866		-2.60331		-0.106715
10.86		-18.6516		-0.091687		-2.66936		-0.107031
10.88		-18.7241		-0.0917504		-2.738		-0.107346
10.9		-18.7967		-0.091777		-2.80938		-0.107659
10.92		-18.8694		-0.0917668		-2.88366		-0.10797
10.94		-18.9423		-0.0917201		-2.96099		-0.10828
10.96		-19.0153		-0.0916368		-3.04153		-0.108588
10.98		-19.0884		-0.0915173		-3.12548		-0.108894
11		-19.1617		-0.0913617		-3.21302		-0.109199
11.02		-19.2351		-0.0911702		-3.30437		-0.109502
11.04		-19.3086		-0.090943		-3.39975		-0.109803
11.06		-19.3823		-0.0906803		-3.4994		-0.110103
11.08		-19.4561		-0.0903823		-3.60359		-0.110401
11.1		-19.53		-0.0900493		-3.71258		-0.110698
11.12		-19.6041		-0.0896816		-3.82669		-0.110993
11.14		-19.6783		-0.0892794		-3.94623		-0.111286
11.16		-19.7526		-0.0888429		-4.07157		-0.111578
11.18		-19.8271		-0.0883726		-4.20309		-0.111868
11.2		-19.9017		-0.0878687		-4.34119		-0.112157
11.22		-19.9764		-0.0873314		-4.48632		-0.112444
11.24		-20.0513		-0.0867612		-4.63898		-0.112729
11.26		-20.1263		-0.0861584		-4.7997		-0.113013
11.28		-20.2014		-0.0855234		-4.96905		-0.113295
11.3		-20.2767		-0.0848564		-5.14766		-0.113576
11.32		-20.3521		-0.0841579		-5.33623		-0.113855
11.34		-20.4276		-0.0834283		-5.53551		-0.114133
11.36		-20.5033		-0.0826679		-5.74633		-0.114409
11.38		-20.5791		-0.0818772		-5.9696		-0.114683
11.4		-20.655		-0.0810566		-6.20633		-0.114956
11.42		-20.7311		-0.0802064		-6.45762		-0.115227
11.44		-20.8073		-0.0793273		-6.72469		-0.115497
11.46		-20.8836		-0.0784195		-7.0089		-0.115765
11.48		-20.9601		-0.0774836		-7.31176		-0.116032
11.5		-21.0367		-0.07652		-7.63492		-0.116297
11.52		-21.1134		-0.0755291		-7.98026		-0.11656
11.54		-21.1903		-0.0745116		-8.34985		-0.116822
11.56		-21.2673		-0.0734678		-8.74602		-0.117083
11.58		-21.3444		-0.0723983		-9.17141		-0.117341
11.6		-21.4217		-0.0713036		-9.62894		-0.117599
11.62		-21.4991		-0.0701842		-10.122		-0.117855
11.64		-21.5766		-0.0690406		-10.6543		-0.118109
11.66		-21.6543		-0.0678733		-11.2301		-0.118361
11.68		-21.7321		-0.066683		-11.8544		-0.118613
11.7		-21.81		-0.0654701		-12.5327		-0.118862
11.72		-21.8881		-0.0642351		-13.2716		-0.119111
11.74		-21.9663		-0.0629788		-14.0783		-0.119357
11.76		-22.0446		-0.0617016		-14.9616		-0.119602
11.78		-22.1231		-0.060404		-15.9314		-0.119846
11.8		-22.2017		-0.0590868		-16.9994		-0.120088
11.82		-22.2804		-0.0577504		-18.1795		-0.120329
11.84		-22.3593		-0.0563955		-19.4878		-0.120568
11.86		-22.4383		-0.0550226		-20.9436		-0.120805
11.88		-22.5174		-0.0536323		-22.5701		-0.121041
11.9		-22.5967		-0.0522254		-24.3951		-0.121276
11.92		-22.6761		-0.0508023		-26.4522		-0.121509
11.94		-22.7556		-0.0493636		-28.7827		-0.12174
11.96		-22.8353		-0.0479101		-31.4373		-0.12197
11.98		-22.9151		-0.0464423		-34.479		-0.122199
12		-22.995		-0.0449608		-37.987		-0.122426
12.02		-23.0751		-0.0434664		-42.0621		-0.122652
12.04		-23.1553		-0.0419595		-46.8334		-0.122876
12.06		-23.2356		-0.0404409		-52.4693		-0.123098
12.08		-23.3161		-0.0389111		-59.1923		-0.12332
12.1		-23.3967		-0.0373709		-67.3013		-0.123539
12.12		-23.4774		-0.0358208		-77.2057		-0.123757
12.14		-23.5583		-0.0342615		-89.4782		-0.123974
12.16		-23.6393		-0.0326937		-104.939		-0.124189
12.18		-23.7204		-0.031118		-124.798		-0.124403
12.2		-23.8017		-0.029535		-150.896		-0.124615
12.22		-23.8831		-0.0279454		-186.154		-0.124826
12.24		-23.9646		-0.0263498		-235.419		-0.125036
12.26		-24.0463		-0.0247489		-307.232		-0.125244
12.28		-24.1281		-0.0231434		-417.785		-0.12545
12.3		-24.21		-0.0215338		-600.902		-0.125655
12.32		-24.2921		-0.0199209		-937.223		-0.125858
12.34		-24.3743		-0.0183052		-1659.82		-0.12606
12.36		-24.4566		-0.0166874		-3685.98		-0.126261
12.38		-24.5391		-0.0150683		-13481.4		-0.12646
12.4		-24.6217		-0.0134483		-237492		-0.126658
12.42		-24.7044		-0.0118281		-3.67459e+009		-0.126854
12.44		-24.7873		-0.0102085		-1.23163e+026		-0.127049
12.46		-24.8703		-0.00858995		-1.53404e+092		-0.127242
12.48		-24.9534		-0.00697318		-inf		-0.127434
12.5		-25.0367		-0.0053588		nan		-0.127625
12.52		-25.1201		-0.00374743		nan		-0.127814
12.54		-25.2036		-0.00213971		nan		-0.128001
12.56		-25.2873		-0.000536257		nan		-0.128188
12.58		-25.3711		0.00106231		nan		-0.128372
12.6		-25.455		0.00265539		nan		-0.128556
12.62		-25.5391		0.00424235		nan		-0.128738
12.64		-25.6233		0.0058226		nan		-0.128918
12.66		-25.7076		0.00739553		nan		-0.129097
12.68		-25.7921		0.00896054		nan		-0.129275
12.7		-25.8767		0.010517		nan		-0.129451
12.72		-25.9614		0.0120645		nan		-0.129626
12.74		-26.0463		0.0136022		nan		-0.129799
12.76		-26.1313		0.0151297		nan		-0.129971
12.78		-26.2164		0.0166463		nan		-0.130141
12.8		-26.3017		0.0181516		nan		-0.13031
12.82		-26.3871		0.0196449		nan		-0.130478
12.84		-26.4726		0.0211258		nan		-0.130644
12.86		-26.5583		0.0225935		nan		-0.130809
12.88		-26.6441		0.0240477		nan		-0.130973
12.9		-26.73		0.0254878		nan		-0.131135
12.92		-26.8161		0.0269133		nan		-0.131295
12.94		-26.9023		0.0283236		nan		-0.131455
12.96		-26.9886		0.0297182		nan		-0.131612
12.98		-27.0751		0.0310967		nan		-0.131769
13		-27.1617		0.0324585		nan		-0.131924
13.02		-27.2484		0.0338032		nan		-0.132078
13.04		-27.3353		0.0351302		nan		-0.13223
13.06		-27.4223		0.0364391		nan		-0.132381
13.08		-27.5094		0.0377295		nan		-0.13253
13.1		-27.5967		0.0390009		nan		-0.132678
13.12		-27.6841		0.0402528		nan		-0.132825
13.14		-27.7716		0.0414849		nan		-0.132971
13.16		-27.8593		0.0426966		nan		-0.133114
13.18		-27.9471		0.0438876		nan		-0.133257
13.2		-28.035		0.0450574		nan		-0.133398
13.22		-28.1231		0.0462058		nan		-0.133538
13.24		-28.2113		0.0473322		nan		-0.133677
13.26		-28.2996		0.0484363		nan		-0.133814
13.28		-28.3881		0.0495177		nan		-0.133949
13.3		-28.4767		0.0505761		nan		-0.134084
13.32		-28.5654		0.0516111		nan		-0.134217
13.34		-28.6543		0.0526224		nan		-0.134348
13.36		-28.7433		0.0536097		nan		-0.134479
13.38		-28.8324		0.0545726		nan		-0.134607
13.4		-28.9217		0.0555108		nan		-0.134735
13.42		-29.0111		0.0564241		nan		-0.134861
13.44		-29.1006		0.0573121		nan		-0.134986
13.46		-29.1903		0.0581745		nan		-0.13511
13.48		-29.2801		0.0590112		nan		-0.135232
13.5		-29.37		0.0598219		nan		-0.135352
13.52		-29.4601		0.0606062		nan		-0.135472
13.54		-29.5503		0.061364		nan		-0.13559
13.56		-29.6406		0.0620951		nan		-0.135707
13.58		-29.7311		0.0627992		nan		-0.135822
13.6		-29.8217		0.0634762		nan		-0.135936
13.62		-29.9124		0.0641258		nan		-0.136049
13.64		-30.0033		0.064748		nan		-0.13616
13.66		-30.0943		0.0653424		nan		-0.13627
13.68		-30.1854		0.065909		nan		-0.136379
13.7		-30.2767		0.0664476		nan		-0.136486
13.72		-30.3681		0.0669581		nan		-0.136592
13.74		-30.4596		0.0674404		nan		-0.136697
13.76		-30.5513		0.0678943		nan		-0.1368
13.78		-30.6431		0.0683198		nan		-0.136903
13.8		-30.735		0.0687168		nan		-0.137003
13.82		-30.8271		0.0690852		nan		-0.137103
13.84		-30.9193		0.0694249		nan		-0.137201
13.86		-31.0116		0.069736		nan		-0.137298
13.88		-31.1041		0.0700182		nan		-0.137393
13.9		-31.1967		0.0702717		nan		-0.137487
13.92		-31.2894		0.0704964		nan		-0.13758
13.94		-31.3823		0.0706923		nan		-0.137672
13.96		-31.4753		0.0708594		nan		-0.137762
13.98		-31.5684		0.0709978		nan		-0.137851
14		-31.6617		0.0711073		nan		-0.137939
14.02		-31.7551		0.0711882		nan		-0.138025
14.04		-31.8486		0.0712404		nan		-0.13811
14.06		-31.9423		0.0712639		nan		-0.138194
14.08		-32.0361		0.071259		nan		-0.138276
14.1		-32.13		0.0712256		nan		-0.138358
14.12		-32.2241		0.0711639		nan		-0.138437
14.14		-32.3183		0.0710739		nan		-0.138516
14.16		-32.4126		0.0709557		nan		-0.138593
14.18		-32.5071		0.0708096		nan		-0.138669
14.2		-32.6017		0.0706356		nan		-0.138744
14.22		-32.6964		0.0704338		nan		-0.138818
14.24		-32.7913		0.0702045		nan		-0.13889
14.26		-32.8863		0.0699478		nan		-0.138961
14.28		-32.9814		0.0696639		nan		-0.139031
14.3		-33.0767		0.069353		nan		-0.139099
14.32		-33.1721		0.0690152		nan		-0.139166
14.34		-33.2676		0.0686508		nan		-0.139232
14.36		-33.3633		0.06826		nan		-0.139297
14.38		-33.4591		0.067843		nan		-0.13936
14.4		-33.555		0.0674		nan		-0.139422
14.42		-33.6511		0.0669314		nan		-0.139483
14.44		-33.7473		0.0664373		nan		-0.139542
14.46		-33.8436		0.0659181		nan		-0.139601
14.48		-33.9401		0.065374		nan		-0.139658
14.5		-34.0367		0.0648052		nan		-0.139714
14.52		-34.1334		0.0642122		nan		-0.139768
14.54		-34.2303		0.0635951		nan		-0.139822
14.56		-34.3273		0.0629543		nan		-0.139874
14.58		-34.4244		0.0622902		nan		-0.139925
14.6		-34.5217		0.0616029		nan		-0.139974
14.62		-34.6191		0.060893		nan		-0.140023
14.64		-34.7166		0.0601606		nan		-0.14007
14.66		-34.8143		0.0594062		nan		-0.140116
14.68		-34.9121		0.0586302		nan		-0.140161
14.7		-35.01		0.0578328		nan		-0.140204
14.72		-35.1081		0.0570145		nan		-0.140246
14.74		-35.2063		0.0561757		nan		-0.140288
14.76		-35.3046		0.0553167		nan		-0.140327
14.78		-35.4031		0.0544379		nan		-0.140366
14.8		-35.5017		0.0535398		nan		-0.140404
14.82		-35.6004		0.0526226		nan		-0.14044
14.84		-35.6993		0.051687		nan		-0.140475
14.86		-35.7983		0.0507332		nan		-0.140509
14.88		-35.8974		0.0497617		nan		-0.140541
14.9		-35.9967		0.0487729		nan		-0.140573
14.92		-36.0961		0.0477674		nan		-0.140603
14.94		-36.1956		0.0467454		nan		-0.140632
14.96		-36.2953		0.0457075		nan		-0.14066
14.98		-36.3951		0.044654		nan		-0.140687
15		-36.495		0.0435856		nan		-0.140712
15.02		-36.5951		0.0425026		nan		-0.140736
15.04		-36.6953		0.0414055		nan		-0.14076
15.06		-36.7956		0.0402948		nan		-0.140782
15.08		-36.8961		0.0391709		nan		-0.140802
15.1		-36.9967		0.0380344		nan		-0.140822
15.12		-37.0974		0.0368856		nan		-0.14084
15.14		-37.1983		0.0357252		nan		-0.140858
15.16		-37.2993		0.0345536		nan		-0.140874
15.18		-37.4004		0.0333712		nan		-0.140889
15.2		-37.5017		0.0321787		nan		-0.140903
15.22		-37.6031		0.0309764		nan		-0.140915
15.24		-37.7046		0.0297649		nan		-0.140927
15.26		-37.8063		0.0285446		nan		-0.140937
15.28		-37.9081		0.0273162		nan		-0.140946
15.3		-38.01		0.0260801		nan		-0.140954
15.32		-38.1121		0.0248367		nan		-0.140961
15.34		-38.2143		0.0235867		nan		-0.140967
15.36		-38.3166		0.0223306		nan		-0.140972
15.38		-38.4191		0.0210688		nan		-0.140975
15.4		-38.5217		0.0198018		nan		-0.140978
15.42		-38.6244		0.0185302		nan		-0.140979
15.44		-38.7273		0.0172545		nan		-0.140979
15.46		-38.8303		0.0159752		nan		-0.140978
15.48		-38.9334		0.0146929		nan		-0.140976
15.5		-39.0367		0.0134079		nan		-0.140973
15.52		-39.1401		0.012121		nan		-0.140969
15.54		-39.2436		0.0108325		nan		-0.140963
15.56		-39.3473		0.00954297		nan		-0.140957
15.58		-39.4511		0.00825296		nan		-0.140949
15.6		-39.555		0.00696296		nan		-0.14094
15.62		-39.6591		0.00567348		nan		-0.14093
15.64		-39.7633		0.00438504		nan		-0.14092
15.66		-39.8676		0.00309813		nan		-0.140908
15.68		-39.9721		0.00181326		nan		-0.140894
15.7		-40.0767		0.000530952		nan		-0.14088
15.72		-40.1814		-0.000748311		nan		-0.140865
15.74		-40.2863		-0.00202402		nan		-0.140849
15.76		-40.3913		-0.00329569		nan		-0.140831
15.78		-40.4964		-0.00456282		nan		-0.140813
15.8		-40.6017		-0.00582491		nan		-0.140793
15.82		-40.7071		-0.00708149		nan		-0.140773
15.84		-40.8126		-0.00833206		nan		-0.140751
15.86		-40.9183		-0.00957616		nan		-0.140728
15.88		-41.0241		-0.0108133		nan		-0.140704
15.9		-41.13		-0.012043		nan		-0.14068
15.92		-41.2361		-0.0132648		nan		-0.140654
15.94		-41.3423		-0.0144782		nan		-0.140627
15.96		-41.4486		-0.0156828		nan		-0.140599
15.98		-41.5551		-0.0168782		nan		-0.14057
16		-41.6617		-0.0180638		nan		-0.14054
16.02		-41.7684		-0.0192392		nan		-0.140509
16.04		-41.8753		-0.020404		nan		-0.140476
16.06		-41.9823		-0.0215577		nan		-0.140443
16.08		-42.0894		-0.0227		nan		-0.140409
16.1		-42.1967		-0.0238304		nan		-0.140374
16.12		-42.3041		-0.0249484		nan		-0.140338
16.14		-42.4116		-0.0260537		nan		-0.1403
16.16		-42.5193		-0.0271459		nan		-0.140262
16.18		-42.6271		-0.0282245		nan		-0.140223
16.2		-42.735		-0.0292892		nan		-0.140183
16.22		-42.8431		-0.0303395		nan		-0.140141
16.24		-42.9513		-0.0313752		nan		-0.140099
16.26		-43.0596		-0.0323957		nan		-0.140056
16.28		-43.1681		-0.0334008		nan		-0.140012
16.3		-43.2767		-0.0343901		nan		-0.139967
16.32		-43.3854		-0.0353633		nan		-0.13992
16.34		-43.4943		-0.0363199		nan		-0.139873
16.36		-43.6033		-0.0372597		nan		-0.139825
16.38		-43.7124		-0.0381823		nan		-0.139776
16.4		-43.8217		-0.0390874		nan		-0.139726
16.42		-43.9311		-0.0399746		nan		-0.139675
16.44		-44.0406		-0.0408438		nan		-0.139623
16.46		-44.1503		-0.0416945		nan		-0.13957
16.48		-44.2601		-0.0425265		nan		-0.139516
16.5		-44.37		-0.0433395		nan		-0.139461
16.52		-44.4801		-0.0441332		nan		-0.139405
16.54		-44.5903		-0.0449073		nan		-0.139348
16.56		-44.7006		-0.0456617		nan		-0.13929
16.58		-44.8111		-0.046396		nan		-0.139231
16.6		-44.9217		-0.0471099		nan		-0.139172
16.62		-45.0324		-0.0478034		nan		-0.139111
16.64		-45.1433		-0.0484761		nan		-0.13905
16.66		-45.2543		-0.0491277		nan		-0.138987
16.68		-45.3654		-0.0497582		nan		-0.138924
16.7		-45.4767		-0.0503674		nan		-0.13886
16.72		-45.5881		-0.0509549		nan		-0.138794
16.74		-45.6996		-0.0515207		nan		-0.138728
16.76		-45.8113		-0.0520645		nan		-0.138661
16.78		-45.9231		-0.0525862		nan		-0.138593
16.8		-46.035		-0.0530857		nan		-0.138525
16.82		-46.1471		-0.0535628		nan		-0.138455
16.84		-46.2593		-0.0540174		nan		-0.138384
16.86		-46.3716		-0.0544493		nan		-0.138313
16.88		-46.4841		-0.0548584		nan		-0.13824
16.9		-46.5967		-0.0552447		nan		-0.138167
16.92		-46.7094		-0.0556079		nan		-0.138093
16.94		-46.8223		-0.0559481		nan		-0.138018
16.96		-46.9353		-0.0562651		nan		-0.137942
16.98		-47.0484		-0.0565589		nan		-0.137865
17		-47.1617		-0.0568295		nan		-0.137788
17.02		-47.2751		-0.0570766		nan		-0.137709
17.04		-47.3886		-0.0573004		nan		-0.13763
17.06		-47.5023		-0.0575008		nan		-0.13755
17.08		-47.6161		-0.0576777		nan		-0.137468
17.1		-47.73		-0.0578312		nan		-0.137387
17.12		-47.8441		-0.0579612		nan		-0.137304
17.14		-47.9583		-0.0580678		nan		-0.13722
17.16		-48.0726		-0.0581509		nan		-0.137136
17.18		-48.1871		-0.0582106		nan		-0.13705
17.2		-48.3017		-0.0582469		nan		-0.136964
17.22		-48.4164		-0.0582598		nan		-0.136877
17.24		-48.5313		-0.0582494		nan		-0.13679
17.26		-48.6463		-0.0582158		nan		-0.136701
17.28		-48.7614		-0.058159		nan		-0.136612
17.3		-48.8767		-0.0580791		nan		-0.136522
17.32		-48.9921		-0.0579761		nan		-0.136431
17.34		-49.1076		-0.0578503		nan		-0.136339
17.36		-49.2233		-0.0577016		nan		-0.136246
17.38		-49.3391		-0.0575302		nan		-0.136153
17.4		-49.455		-0.0573362		nan		-0.136058
17.42		-49.5711		-0.0571198		nan		-0.135963
17.44		-49.6873		-0.056881		nan		-0.135868
17.46		-49.8036		-0.0566201		nan		-0.135771
17.48		-49.9201		-0.0563371		nan		-0.135674
17.5		-50.0367		-0.0560323		nan		-0.135576
17.52		-50.1534		-0.0557058		nan		-0.135477
17.54		-50.2703		-0.0553577		nan		-0.135377
17.56		-50.3873		-0.0549884		nan		-0.135277
17.58		-50.5044		-0.0545979		nan		-0.135175
17.6		-50.6217		-0.0541865		nan		-0.135074
17.62		-50.7391		-0.0537544		nan		-0.134971
17.64		-50.8566		-0.0533017		nan		-0.134867
17.66		-50.9743		-0.0528288		nan		-0.134763
17.68		-51.0921		-0.0523359		nan		-0.134658
17.7		-51.21		-0.0518232		nan		-0.134553
17.72		-51.3281		-0.0512909		nan		-0.134446
17.74		-51.4463		-0.0507393		nan		-0.134339
17.76		-51.5646		-0.0501687		nan		-0.134231
17.78		-51.6831		-0.0495794		nan		-0.134123
17.8		-51.8017		-0.0489715		nan		-0.134013
17.82		-51.9204		-0.0483455		nan		-0.133903
17.84		-52.0393		-0.0477015		nan		-0.133793
17.86		-52.1583		-0.04704		nan		-0.133681
17.88		-52.2774		-0.0463611		nan		-0.133569
17.9		-52.3967		-0.0456652		nan		-0.133456
17.92		-52.5161		-0.0449526		nan		-0.133343
17.94		-52.6356		-0.0442236		nan		-0.133228
17.96		-52.7553		-0.0434786		nan		-0.133113
17.98		-52.8751		-0.0427179		nan		-0.132998
18		-52.995		-0.0419418		nan		-0.132881
18.02		-53.1151		-0.0411507		nan		-0.132764
18.04		-53.2353		-0.0403449		nan		-0.132647
18.06		-53.3556		-0.0395247		nan		-0.132528
18.08		-53.4761		-0.0386906		nan		-0.132409
18.1		-53.5967		-0.0378429		nan		-0.13229
18.12		-53.7174		-0.0369819		nan		-0.132169
18.14		-53.8383		-0.036108		nan		-0.132049
18.16		-53.9593		-0.0352216		nan		-0.131927
18.18		-54.0804		-0.0343231		nan		-0.131805
18.2		-54.2017		-0.0334129		nan		-0.131682
18.22		-54.3231		-0.0324913		nan		-0.131558
18.24		-54.4446		-0.0315588		nan		-0.131434
18.26		-54.5663		-0.0306157		nan		-0.131309
18.28		-54.6881		-0.0296624		nan		-0.131184
18.3		-54.81		-0.0286993		nan		-0.131057
18.32		-54.9321		-0.0277269		nan		-0.130931
18.34		-55.0543		-0.0267455		nan		-0.130803
18.36		-55.1766		-0.0257556		nan		-0.130675
18.38		-55.2991		-0.0247576		nan		-0.130547
18.4		-55.4217		-0.0237518		nan		-0.130418
18.42		-55.5444		-0.0227387		nan		-0.130288
18.44		-55.6673		-0.0217187		nan		-0.130157
18.46		-55.7903		-0.0206923		nan		-0.130026
18.48		-55.9134		-0.0196598		nan		-0.129895
18.5		-56.0367		-0.0186217		nan		-0.129763
18.52		-56.1601		-0.0175784		nan		-0.12963
18.54		-56.2836		-0.0165303		nan		-0.129497
18.56		-56.4073		-0.0154779		nan		-0.129363
18.58		-56.5311		-0.0144216		nan		-0.129228
18.6		-56.655		-0.0133617		nan		-0.129093
18.62		-56.7791		-0.0122988		nan		-0.128957
18.64		-56.9033		-0.0112333		nan		-0.128821
18.66		-57.0276		-0.0101656		nan		-0.128684
18.68		-57.1521		-0.00909607		nan		-0.128547
18.7		-57.2767		-0.00802521		nan		-0.128409
18.72		-57.4014		-0.00695344		nan		-0.128271
18.74		-57.5263		-0.00588118		nan		-0.128132
18.76		-57.6513		-0.00480885		nan		-0.127992
18.78		-57.7764		-0.00373689		nan		-0.127852
18.8		-57.9017		-0.00266571		nan		-0.127711
18.82		-58.0271		-0.00159574		nan		-0.12757
18.84		-58.1526		-0.000527414		nan		-0.127429
18.86		-58.2783		0.000538862		nan		-0.127286
18.88		-58.4041		0.00160266		nan		-0.127144
18.9		-58.53		0.00266357		nan		-0.127
18.92		-58.6561		0.00372118		nan		-0.126857
18.94		-58.7823		0.00477506		nan		-0.126712
18.96		-58.9086		0.00582481		nan		-0.126568
18.98		-59.0351		0.00687002		nan		-0.126422
19		-59.1617		0.00791029		nan		-0.126276
19.02		-59.2884		0.0089452		nan		-0.12613
19.04		-59.4153		0.00997437		nan		-0.125983
19.06		-59.5423		0.0109974		nan		-0.125836
19.08		-59.6694		0.0120139		nan		-0.125688
19.1		-59.7967		0.0130234		nan		-0.12554
19.12		-59.9241		0.0140257		nan		-0.125391
19.14		-60.0516		0.0150202		nan		-0.125242
19.16		-60.1793		0.0160067		nan		-0.125093
19.18		-60.3071		0.0169847		nan		-0.124942
19.2		-60.435		0.0179539		nan		-0.124792
19.22		-60.5631		0.0189139		nan		-0.124641
19.24		-60.6913		0.0198643		nan		-0.124489
19.26		-60.8196		0.0208048		nan		-0.124337
19.28		-60.9481		0.0217351		nan		-0.124185
19.3		-61.0767		0.0226548		nan		-0.124032
19.32		-61.2054		0.0235635		nan		-0.123878
19.34		-61.3343		0.0244609		nan		-0.123725
19.36		-61.4633		0.0253466		nan		-0.12357
19.38		-61.5924		0.0262205		nan		-0.123416
19.4		-61.7217		0.027082		nan		-0.123261
19.42		-61.8511		0.0279309		nan		-0.123105
19.44		-61.9806		0.028767		nan		-0.122949
19.46		-62.1103		0.0295898		nan		-0.122793
19.48		-62.2401		0.0303991		nan		-0.122636
19.5		-62.37		0.0311946		nan		-0.122479
19.52		-62.5001		0.031976		nan		-0.122321
19.54		-62.6303		0.0327431		nan		-0.122163
19.56		-62.7606		0.0334954		nan		-0.122005
19.58		-62.8911		0.0342329		nan		-0.121846
19.6		-63.0217		0.0349552		nan		-0.121687
19.62		-63.1524		0.035662		nan		-0.121527
19.64		-63.2833		0.0363532		nan		-0.121367
19.66		-63.4143		0.0370284		nan		-0.121207
19.68		-63.5454		0.0376874		nan		-0.121046
19.7		-63.6767		0.0383301		nan		-0.120885
19.72		-63.8081		0.0389561		nan		-0.120723
19.74		-63.9396		0.0395653		nan		-0.120561
19.76		-64.0713		0.0401574		nan		-0.120399
19.78		-64.2031		0.0407323		nan		-0.120236
19.8		-64.335		0.0412898		nan		-0.120073
19.82		-64.4671		0.0418297		nan		-0.11991
19.84		-64.5993		0.0423517		nan		-0.119746
19.86		-64.7316		0.0428558		nan		-0.119582
19.88		-64.8641		0.0433417		nan		-0.119418
19.9		-64.9967		0.0438093		nan		-0.119253
19.92		-65.1294		0.0442585		nan		-0.119088
19.94		-65.2623		0.0446891		nan		-0.118922
19.96		-65.3953		0.045101		nan		-0.118756
19.98		-65.5284		0.0454941		nan		-0.11859
20		-65.6617		0.0458681		nan		-0.118424
20.02		-65.7951		0.0462231		nan		-0.118257
20.04		-65.9286		0.0465589		nan		-0.11809
20.06		-66.0623		0.0468755		nan		-0.117922
20.08		-66.1961		0.0471727		nan		-0.117754
20.1		-66.33		0.0474504		nan		-0.117586
