0		0.5
0.01		0.499605
0.02		0.498443
0.03		0.496544
0.04		0.493941
0.05		0.490665
0.06		0.486749
0.07		0.482222
0.08		0.477117
0.09		0.471464
0.1		0.465294
0.11		0.458635
0.12		0.451518
0.13		0.443973
0.14		0.436027
0.15		0.427708
0.16		0.419045
0.17		0.410065
0.18		0.400794
0.19		0.391257
0.2		0.381481
0.21		0.371491
0.22		0.361309
0.23		0.35096
0.24		0.340466
0.25		0.32985
0.26		0.319133
0.27		0.308336
0.28		0.297478
0.29		0.28658
0.3		0.275659
0.31		0.264735
0.32		0.253823
0.33		0.242942
0.34		0.232106
0.35		0.221331
0.36		0.210632
0.37		0.200021
0.38		0.189513
0.39		0.17912
0.4		0.168854
0.41		0.158725
0.42		0.148744
0.43		0.138922
0.44		0.129267
0.45		0.119787
0.46		0.110492
0.47		0.101388
0.48		0.0924815
0.49		0.0837794
0.5		0.0752872
0.51		0.0670098
0.52		0.058952
0.53		0.0511176
0.54		0.0435103
0.55		0.036133
0.56		0.0289884
0.57		0.0220784
0.58		0.0154047
0.59		0.00896858
0.6		0.00277073
0.61		-0.00318843
0.62		-0.00890894
0.63		-0.0143912
0.64		-0.0196359
0.65		-0.0246441
0.66		-0.0294174
0.67		-0.0339573
0.68		-0.038266
0.69		-0.0423457
0.7		-0.046199
0.71		-0.0498288
0.72		-0.0532382
0.73		-0.0564303
0.74		-0.0594088
0.75		-0.0621774
0.76		-0.0647399
0.77		-0.0671004
0.78		-0.0692631
0.79		-0.0712323
0.8		-0.0730127
0.81		-0.0746087
0.82		-0.0760252
0.83		-0.0772669
0.84		-0.0783387
0.85		-0.0792457
0.86		-0.0799928
0.87		-0.0805852
0.88		-0.081028
0.89		-0.0813263
0.9		-0.0814854
0.91		-0.0815105
0.92		-0.0814068
0.93		-0.0811795
0.94		-0.0808338
0.95		-0.0803749
0.96		-0.0798079
0.97		-0.079138
0.98		-0.0783703
0.99		-0.0775097
1		-0.0765614
1.01		-0.0755302
1.02		-0.0744209
1.03		-0.0732385
1.04		-0.0719875
1.05		-0.0706728
1.06		-0.0692987
1.07		-0.0678699
1.08		-0.0663906
1.09		-0.0648652
1.1		-0.0632979
1.11		-0.0616928
1.12		-0.0600539
1.13		-0.0583851
1.14		-0.0566902
1.15		-0.0549728
1.16		-0.0532365
1.17		-0.0514849
1.18		-0.0497211
1.19		-0.0479486
1.2		-0.0461704
1.21		-0.0443895
1.22		-0.0426088
1.23		-0.0408311
1.24		-0.0390591
1.25		-0.0372953
1.26		-0.0355422
1.27		-0.0338021
1.28		-0.0320772
1.29		-0.0303696
1.3		-0.0286814
1.31		-0.0270144
1.32		-0.0253703
1.33		-0.023751
1.34		-0.0221579
1.35		-0.0205926
1.36		-0.0190563
1.37		-0.0175503
1.38		-0.0160759
1.39		-0.0146341
1.4		-0.0132259
1.41		-0.0118522
1.42		-0.0105137
1.43		-0.00921123
1.44		-0.00794539
1.45		-0.00671672
1.46		-0.00552569
1.47		-0.0043727
1.48		-0.00325806
1.49		-0.00218202
1.5		-0.00114474
1.51		-0.000146348
1.52		0.000813129
1.53		0.00173371
1.54		0.00261548
1.55		0.00345857
1.56		0.00426317
1.57		0.00502955
1.58		0.00575798
1.59		0.00644882
1.6		0.00710247
1.61		0.00771934
1.62		0.00829992
1.63		0.00884472
1.64		0.00935429
1.65		0.00982921
1.66		0.0102701
1.67		0.0106776
1.68		0.0110523
1.69		0.0113951
1.7		0.0117065
1.71		0.0119874
1.72		0.0122384
1.73		0.0124604
1.74		0.0126542
1.75		0.0128205
1.76		0.0129602
1.77		0.0130741
1.78		0.013163
1.79		0.0132278
1.8		0.0132694
1.81		0.0132884
1.82		0.0132859
1.83		0.0132627
1.84		0.0132195
1.85		0.0131574
1.86		0.013077
1.87		0.0129793
1.88		0.012865
1.89		0.0127351
1.9		0.0125902
1.91		0.0124314
1.92		0.0122592
1.93		0.0120746
1.94		0.0118783
1.95		0.011671
1.96		0.0114536
1.97		0.0112267
1.98		0.0109911
1.99		0.0107476
2		0.0104967
2.01		0.0102392
2.02		0.00997572
2.03		0.00970695
2.04		0.00943349
2.05		0.00915596
2.06		0.00887495
2.07		0.00859104
2.08		0.0083048
2.09		0.00801675
2.1		0.00772742
2.11		0.00743733
2.12		0.00714694
2.13		0.00685673
2.14		0.00656715
2.15		0.00627862
2.16		0.00599157
2.17		0.00570637
2.18		0.0054234
2.19		0.00514303
2.2		0.00486558
2.21		0.00459138
2.22		0.00432073
2.23		0.00405392
2.24		0.00379122
2.25		0.00353287
2.26		0.00327911
2.27		0.00303015
2.28		0.00278621
2.29		0.00254746
2.3		0.00231408
2.31		0.00208622
2.32		0.00186403
2.33		0.00164762
2.34		0.00143711
2.35		0.00123261
2.36		0.00103419
2.37		0.000841928
2.38		0.000655885
2.39		0.000476109
2.4		0.000302635
2.41		0.000135488
2.42		-2.53167e-005
2.43		-0.000179777
2.44		-0.000327899
2.45		-0.000469698
2.46		-0.000605201
2.47		-0.000734442
2.48		-0.000857463
2.49		-0.000974316
2.5		-0.00108506
2.51		-0.00118976
2.52		-0.00128849
2.53		-0.00138132
2.54		-0.00146835
2.55		-0.00154967
2.56		-0.00162536
2.57		-0.00169554
2.58		-0.00176031
2.59		-0.00181978
2.6		-0.00187406
2.61		-0.00192328
2.62		-0.00196755
2.63		-0.00200699
2.64		-0.00204175
2.65		-0.00207194
2.66		-0.00209769
2.67		-0.00211915
2.68		-0.00213644
2.69		-0.00214971
2.7		-0.00215908
2.71		-0.0021647
2.72		-0.0021667
2.73		-0.00216523
2.74		-0.00216042
2.75		-0.00215241
2.76		-0.00214134
2.77		-0.00212734
2.78		-0.00211056
2.79		-0.00209113
2.8		-0.00206918
2.81		-0.00204484
2.82		-0.00201825
2.83		-0.00198954
2.84		-0.00195884
2.85		-0.00192626
2.86		-0.00189195
2.87		-0.00185601
2.88		-0.00181857
2.89		-0.00177975
2.9		-0.00173965
2.91		-0.00169841
2.92		-0.00165611
2.93		-0.00161288
2.94		-0.00156881
2.95		-0.00152401
2.96		-0.00147858
2.97		-0.00143261
2.98		-0.0013862
2.99		-0.00133943
3		-0.00129239
3.01		-0.00124518
3.02		-0.00119786
3.03		-0.00115052
3.04		-0.00110323
3.05		-0.00105606
3.06		-0.00100909
3.07		-0.000962375
3.08		-0.000915985
3.09		-0.000869977
3.1		-0.000824408
3.11		-0.000779334
3.12		-0.000734805
3.13		-0.00069087
3.14		-0.000647573
3.15		-0.000604959
3.16		-0.000563068
3.17		-0.000521935
3.18		-0.000481598
3.19		-0.000442086
3.2		-0.000403431
3.21		-0.000365658
3.22		-0.000328793
3.23		-0.000292858
3.24		-0.000257873
3.25		-0.000223855
3.26		-0.000190821
3.27		-0.000158782
3.28		-0.00012775
3.29		-9.77348e-005
3.3		-6.87432e-005
3.31		-4.07806e-005
3.32		-1.38505e-005
3.33		1.20454e-005
3.34		3.6907e-005
3.35		6.07359e-005
3.36		8.35352e-005
3.37		0.00010531
3.38		0.000126065
3.39		0.000145809
3.4		0.00016455
3.41		0.000182298
3.42		0.000199064
3.43		0.000214861
3.44		0.000229702
3.45		0.0002436
3.46		0.000256571
3.47		0.000268631
3.48		0.000279798
3.49		0.000290087
3.5		0.000299518
3.51		0.00030811
3.52		0.000315882
3.53		0.000322853
3.54		0.000329045
3.55		0.000334478
3.56		0.000339174
3.57		0.000343153
3.58		0.000346438
3.59		0.000349052
3.6		0.000351015
3.61		0.000352351
3.62		0.000353082
3.63		0.00035323
3.64		0.000352819
3.65		0.000351871
3.66		0.000350408
3.67		0.000348453
3.68		0.000346028
3.69		0.000343155
3.7		0.000339857
3.71		0.000336156
3.72		0.000332072
3.73		0.000327628
3.74		0.000322844
3.75		0.000317741
3.76		0.000312341
3.77		0.000306662
3.78		0.000300725
3.79		0.000294549
3.8		0.000288153
3.81		0.000281557
3.82		0.000274777
3.83		0.000267832
3.84		0.00026074
3.85		0.000253517
3.86		0.000246179
3.87		0.000238743
3.88		0.000231225
3.89		0.000223638
3.9		0.000215998
3.91		0.000208319
3.92		0.000200615
3.93		0.000192898
3.94		0.000185181
3.95		0.000177476
3.96		0.000169795
3.97		0.000162149
3.98		0.000154548
3.99		0.000147004
4		0.000139524
4.01		0.000132119
4.02		0.000124797
4.03		0.000117566
4.04		0.000110435
4.05		0.00010341
4.06		9.64983e-005
4.07		8.97063e-005
4.08		8.304e-005
4.09		7.65048e-005
4.1		7.01058e-005
4.11		6.38479e-005
4.12		5.77352e-005
4.13		5.17716e-005
4.14		4.59607e-005
4.15		4.03055e-005
4.16		3.48089e-005
4.17		2.94733e-005
4.18		2.43006e-005
4.19		1.92926e-005
4.2		1.44507e-005
4.21		9.77608e-006
4.22		5.26938e-006
4.23		9.31122e-007
4.24		-3.23849e-006
4.25		-7.23953e-006
4.26		-1.10723e-005
4.27		-1.47375e-005
4.28		-1.82358e-005
4.29		-2.15684e-005
4.3		-2.47364e-005
4.31		-2.77415e-005
4.32		-3.05852e-005
4.33		-3.32694e-005
4.34		-3.57963e-005
4.35		-3.81679e-005
4.36		-4.03866e-005
4.37		-4.24551e-005
4.38		-4.43758e-005
4.39		-4.61516e-005
4.4		-4.77855e-005
4.41		-4.92803e-005
4.42		-5.06393e-005
4.43		-5.18655e-005
4.44		-5.29623e-005
4.45		-5.39331e-005
4.46		-5.47812e-005
4.47		-5.55101e-005
4.48		-5.61235e-005
4.49		-5.66247e-005
4.5		-5.70175e-005
4.51		-5.73055e-005
4.52		-5.74923e-005
4.53		-5.75817e-005
4.54		-5.75772e-005
4.55		-5.74826e-005
4.56		-5.73016e-005
4.57		-5.70378e-005
4.58		-5.66949e-005
4.59		-5.62766e-005
4.6		-5.57864e-005
4.61		-5.52279e-005
4.62		-5.46047e-005
4.63		-5.39204e-005
4.64		-5.31783e-005
4.65		-5.23819e-005
4.66		-5.15345e-005
4.67		-5.06396e-005
4.68		-4.97004e-005
4.69		-4.87201e-005
4.7		-4.77018e-005
4.71		-4.66486e-005
4.72		-4.55635e-005
4.73		-4.44496e-005
4.74		-4.33096e-005
4.75		-4.21464e-005
4.76		-4.09627e-005
4.77		-3.97612e-005
4.78		-3.85444e-005
4.79		-3.7315e-005
4.8		-3.60752e-005
4.81		-3.48274e-005
4.82		-3.3574e-005
4.83		-3.2317e-005
4.84		-3.10587e-005
4.85		-2.98009e-005
4.86		-2.85458e-005
4.87		-2.72951e-005
4.88		-2.60507e-005
4.89		-2.48142e-005
4.9		-2.35872e-005
4.91		-2.23714e-005
4.92		-2.11682e-005
4.93		-1.9979e-005
4.94		-1.8805e-005
4.95		-1.76476e-005
4.96		-1.65079e-005
4.97		-1.5387e-005
4.98		-1.4286e-005
4.99		-1.32056e-005
5		-1.2147e-005
