Tempurature			Specific-Heat
5		0.309787
5.1		0.32874
5.2		0.348452
5.3		0.368938
5.4		0.390211
5.5		0.412288
5.6		0.435183
5.7		0.458911
5.8		0.483487
5.9		0.508926
6		0.535242
6.1		0.562451
6.2		0.590568
6.3		0.619607
6.4		0.649582
6.5		0.68051
6.6		0.712404
6.7		0.745279
6.8		0.779151
6.9		0.814035
7		0.849944
7.1		0.886893
7.2		0.924899
7.3		0.963975
7.4		1.00414
7.5		1.0454
7.6		1.08777
7.7		1.13128
7.8		1.17593
7.9		1.22174
8		1.26873
8.1		1.3169
8.2		1.36628
8.3		1.41688
8.4		1.46871
8.5		1.5218
8.6		1.57614
8.7		1.63176
8.8		1.68868
8.9		1.74691
9		1.80645
9.1		1.86734
9.2		1.92958
9.3		1.99319
9.4		2.05818
9.5		2.12457
9.6		2.19237
9.7		2.26159
9.8		2.33226
9.9		2.40439
10		2.47799
10.1		2.55307
10.2		2.62966
10.3		2.70777
10.4		2.7874
10.5		2.86858
10.6		2.95132
10.7		3.03564
10.8		3.12155
10.9		3.20907
11		3.2982
11.1		3.38897
11.2		3.4814
11.3		3.57548
11.4		3.67125
11.5		3.76871
11.6		3.86788
11.7		3.96878
11.8		4.07141
11.9		4.1758
12		4.28196
12.1		4.38991
12.2		4.49965
12.3		4.61121
12.4		4.72459
12.5		4.83982
12.6		4.95691
12.7		5.07587
12.8		5.19672
12.9		5.31947
13		5.44414
13.1		5.57074
13.2		5.69929
13.3		5.82981
13.4		5.9623
13.5		6.09678
13.6		6.23327
13.7		6.37178
13.8		6.51233
13.9		6.65493
14		6.7996
14.1		6.94635
14.2		7.09519
14.3		7.24615
14.4		7.39923
14.5		7.55446
14.6		7.71184
14.7		7.87139
14.8		8.03312
14.9		8.19706
15		8.36321
15.1		8.53159
15.2		8.70222
15.3		8.87511
15.4		9.05027
15.5		9.22772
15.6		9.40747
15.7		9.58955
15.8		9.77396
15.9		9.96072
16		10.1498
16.1		10.3413
16.2		10.5352
16.3		10.7315
16.4		10.9303
16.5		11.1314
16.6		11.335
16.7		11.5411
16.8		11.7497
16.9		11.9608
17		12.1744
17.1		12.3905
17.2		12.6091
17.3		12.8303
17.4		13.0541
17.5		13.2805
17.6		13.5094
17.7		13.741
17.8		13.9752
17.9		14.2121
18		14.4516
18.1		14.6938
18.2		14.9387
18.3		15.1863
18.4		15.4366
18.5		15.6897
18.6		15.9455
18.7		16.204
18.8		16.4654
18.9		16.7295
19		16.9965
19.1		17.2663
19.2		17.5389
19.3		17.8144
19.4		18.0927
19.5		18.3739
19.6		18.658
19.7		18.9451
19.8		19.235
19.9		19.5279
20		19.8238
20.1		20.1226
20.2		20.4245
20.3		20.7293
20.4		21.0371
20.5		21.348
20.6		21.6619
20.7		21.9789
20.8		22.299
20.9		22.6221
21		22.9484
21.1		23.2778
21.2		23.6103
21.3		23.9459
21.4		24.2848
21.5		24.6268
21.6		24.972
21.7		25.3204
21.8		25.672
21.9		26.0269
22		26.385
22.1		26.7464
22.2		27.111
22.3		27.479
22.4		27.8503
22.5		28.2249
22.6		28.6028
22.7		28.9841
22.8		29.3688
22.9		29.7568
23		30.1482
23.1		30.5431
23.2		30.9414
23.3		31.3431
23.4		31.7483
23.5		32.1569
23.6		32.569
23.7		32.9847
23.8		33.4038
23.9		33.8265
24		34.2527
24.1		34.6824
24.2		35.1158
24.3		35.5527
24.4		35.9932
24.5		36.4373
24.6		36.885
24.7		37.3364
24.8		37.7915
24.9		38.2502
25		38.7125
25.1		39.1786
25.2		39.6484
25.3		40.1219
25.4		40.5992
25.5		41.0802
25.6		41.5649
25.7		42.0534
25.8		42.5458
25.9		43.0419
26		43.5418
26.1		44.0456
26.2		44.5532
26.3		45.0647
26.4		45.58
26.5		46.0992
26.6		46.6224
26.7		47.1494
26.8		47.6803
26.9		48.2152
27		48.754
27.1		49.2968
27.2		49.8436
27.3		50.3943
27.4		50.949
27.5		51.5078
27.6		52.0706
27.7		52.6374
27.8		53.2082
27.9		53.7831
28		54.3621
28.1		54.9452
28.2		55.5323
28.3		56.1236
28.4		56.7189
28.5		57.3185
28.6		57.9221
28.7		58.5299
28.8		59.1419
28.9		59.758
29		60.3783
29.1		61.0028
29.2		61.6315
29.3		62.2645
29.4		62.9017
29.5		63.5431
29.6		64.1887
29.7		64.8386
29.8		65.4928
29.9		66.1513
30		66.8141
30.1		67.4811
30.2		68.1525
30.3		68.8282
30.4		69.5082
30.5		70.1926
30.6		70.8813
30.7		71.5743
30.8		72.2718
30.9		72.9736
31		73.6798
31.1		74.3904
31.2		75.1054
31.3		75.8248
31.4		76.5486
31.5		77.2768
31.6		78.0095
31.7		78.7466
31.8		79.4882
31.9		80.2342
32		80.9847
32.1		81.7397
32.2		82.4992
32.3		83.2631
32.4		84.0315
32.5		84.8045
32.6		85.5819
32.7		86.3639
32.8		87.1504
32.9		87.9414
33		88.7369
33.1		89.537
33.2		90.3417
33.3		91.1509
33.4		91.9646
33.5		92.7829
33.6		93.6058
33.7		94.4332
33.8		95.2652
33.9		96.1018
34		96.943
34.1		97.7888
34.2		98.6392
34.3		99.4942
34.4		100.354
34.5		101.218
34.6		102.087
34.7		102.96
34.8		103.838
34.9		104.721
35		105.608
35.1		106.5
35.2		107.397
35.3		108.298
35.4		109.204
35.5		110.114
35.6		111.029
35.7		111.949
35.8		112.873
35.9		113.802
36		114.736
36.1		115.674
36.2		116.617
36.3		117.565
36.4		118.517
36.5		119.474
36.6		120.435
36.7		121.401
36.8		122.372
36.9		123.348
37		124.328
37.1		125.313
37.2		126.302
37.3		127.296
37.4		128.295
37.5		129.298
37.6		130.306
37.7		131.319
37.8		132.336
37.9		133.358
38		134.385
38.1		135.416
38.2		136.452
38.3		137.492
38.4		138.537
38.5		139.587
38.6		140.641
38.7		141.7
38.8		142.764
38.9		143.832
39		144.905
39.1		145.982
39.2		147.064
39.3		148.151
39.4		149.242
39.5		150.337
39.6		151.438
39.7		152.543
39.8		153.652
39.9		154.766
40		155.885
40.1		157.008
40.2		158.136
40.3		159.268
40.4		160.405
40.5		161.546
40.6		162.692
40.7		163.842
40.8		164.997
40.9		166.156
41		167.32
41.1		168.488
41.2		169.661
41.3		170.839
41.4		172.02
41.5		173.207
41.6		174.397
41.7		175.592
41.8		176.792
41.9		177.996
42		179.204
42.1		180.417
42.2		181.635
42.3		182.856
42.4		184.082
42.5		185.313
42.6		186.547
42.7		187.786
42.8		189.03
42.9		190.278
43		191.53
43.1		192.786
43.2		194.047
43.3		195.312
43.4		196.581
43.5		197.855
43.6		199.133
43.7		200.415
43.8		201.701
43.9		202.992
44		204.287
44.1		205.586
44.2		206.889
44.3		208.197
44.4		209.508
44.5		210.824
44.6		212.144
44.7		213.468
44.8		214.796
44.9		216.128
45		217.465
45.1		218.805
45.2		220.15
45.3		221.499
45.4		222.851
45.5		224.208
45.6		225.569
45.7		226.933
45.8		228.302
45.9		229.675
46		231.052
46.1		232.432
46.2		233.817
46.3		235.206
46.4		236.598
46.5		237.994
46.6		239.395
46.7		240.799
46.8		242.207
46.9		243.619
47		245.034
47.1		246.454
47.2		247.877
47.3		249.304
47.4		250.735
47.5		252.17
47.6		253.608
47.7		255.05
47.8		256.496
47.9		257.946
48		259.399
48.1		260.856
48.2		262.316
48.3		263.78
48.4		265.248
48.5		266.719
48.6		268.194
48.7		269.673
48.8		271.155
48.9		272.641
49		274.13
49.1		275.622
49.2		277.118
49.3		278.618
49.4		280.121
49.5		281.628
49.6		283.138
49.7		284.651
49.8		286.168
49.9		287.688
50		289.211
50.1		290.738
50.2		292.268
50.3		293.802
50.4		295.339
50.5		296.879
50.6		298.422
50.7		299.968
50.8		301.518
50.9		303.071
51		304.627
51.1		306.187
51.2		307.749
51.3		309.315
51.4		310.883
51.5		312.455
51.6		314.03
51.7		315.608
51.8		317.189
51.9		318.773
52		320.36
52.1		321.95
52.2		323.543
52.3		325.139
52.4		326.738
52.5		328.34
52.6		329.945
52.7		331.553
52.8		333.163
52.9		334.777
53		336.393
53.1		338.012
53.2		339.634
53.3		341.258
53.4		342.886
53.5		344.516
53.6		346.149
53.7		347.785
53.8		349.423
53.9		351.064
54		352.707
54.1		354.354
54.2		356.002
54.3		357.654
54.4		359.308
54.5		360.965
54.6		362.624
54.7		364.285
54.8		365.95
54.9		367.616
55		369.285
55.1		370.957
55.2		372.631
55.3		374.308
55.4		375.986
55.5		377.668
55.6		379.351
55.7		381.037
55.8		382.726
55.9		384.416
56		386.109
56.1		387.804
56.2		389.502
56.3		391.201
56.4		392.903
56.5		394.607
56.6		396.314
56.7		398.022
56.8		399.732
56.9		401.445
57		403.16
57.1		404.877
57.2		406.596
57.3		408.317
57.4		410.04
57.5		411.765
57.6		413.492
57.7		415.221
57.8		416.952
57.9		418.685
58		420.42
58.1		422.157
58.2		423.895
58.3		425.636
58.4		427.378
58.5		429.123
58.6		430.869
58.7		432.616
58.8		434.366
58.9		436.118
59		437.871
59.1		439.626
59.2		441.382
59.3		443.141
59.4		444.901
59.5		446.662
59.6		448.425
59.7		450.19
59.8		451.957
59.9		453.725
60		455.495
60.1		457.266
60.2		459.039
60.3		460.813
60.4		462.589
60.5		464.366
60.6		466.145
60.7		467.925
60.8		469.707
60.9		471.49
61		473.274
61.1		475.06
61.2		476.847
61.3		478.636
61.4		480.425
61.5		482.217
61.6		484.009
61.7		485.803
61.8		487.598
61.9		489.394
62		491.191
62.1		492.99
62.2		494.79
62.3		496.591
62.4		498.393
62.5		500.197
62.6		502.001
62.7		503.807
62.8		505.614
62.9		507.421
63		509.23
63.1		511.04
63.2		512.851
63.3		514.663
63.4		516.476
63.5		518.29
63.6		520.105
63.7		521.92
63.8		523.737
63.9		525.555
64		527.373
64.1		529.193
64.2		531.013
64.3		532.834
64.4		534.656
64.5		536.479
64.6		538.303
64.7		540.127
64.8		541.952
64.9		543.778
65		545.605
65.1		547.432
65.2		549.261
65.3		551.089
65.4		552.919
65.5		554.749
65.6		556.58
65.7		558.411
65.8		560.244
65.9		562.076
66		563.909
66.1		565.743
66.2		567.578
66.3		569.413
66.4		571.248
66.5		573.084
66.6		574.921
66.7		576.758
66.8		578.595
66.9		580.433
67		582.272
67.1		584.11
67.2		585.95
67.3		587.789
67.4		589.629
67.5		591.47
67.6		593.311
67.7		595.152
67.8		596.993
67.9		598.835
68		600.677
68.1		602.519
68.2		604.362
68.3		606.205
68.4		608.048
68.5		609.891
68.6		611.735
68.7		613.579
68.8		615.423
68.9		617.267
69		619.111
69.1		620.956
69.2		622.8
69.3		624.645
69.4		626.49
69.5		628.335
69.6		630.18
69.7		632.025
69.8		633.87
69.9		635.715
70		637.561
70.1		639.406
70.2		641.251
70.3		643.097
70.4		644.942
70.5		646.787
70.6		648.632
70.7		650.478
70.8		652.323
70.9		654.168
71		656.013
71.1		657.857
71.2		659.702
71.3		661.547
71.4		663.391
71.5		665.236
71.6		667.08
71.7		668.924
71.8		670.768
71.9		672.611
72		674.455
72.1		676.298
72.2		678.141
72.3		679.984
72.4		681.826
72.5		683.668
72.6		685.51
72.7		687.352
72.8		689.193
72.9		691.034
73		692.875
73.1		694.715
73.2		696.555
73.3		698.395
73.4		700.234
73.5		702.073
73.6		703.912
73.7		705.75
73.8		707.588
73.9		709.425
74		711.262
74.1		713.098
74.2		714.934
74.3		716.77
74.4		718.605
74.5		720.44
74.6		722.274
74.7		724.107
74.8		725.941
74.9		727.773
75		729.605
75.1		731.437
75.2		733.268
75.3		735.098
75.4		736.928
75.5		738.757
75.6		740.586
75.7		742.414
75.8		744.241
75.9		746.068
76		747.894
76.1		749.72
76.2		751.545
76.3		753.369
76.4		755.193
76.5		757.016
76.6		758.838
76.7		760.659
76.8		762.48
76.9		764.3
77		766.12
77.1		767.939
77.2		769.757
77.3		771.574
77.4		773.39
77.5		775.206
77.6		777.021
77.7		778.835
77.8		780.648
77.9		782.461
78		784.273
78.1		786.084
78.2		787.894
78.3		789.703
78.4		791.511
78.5		793.319
78.6		795.126
78.7		796.932
78.8		798.737
78.9		800.541
79		802.344
79.1		804.146
79.2		805.948
79.3		807.748
79.4		809.548
79.5		811.347
79.6		813.145
79.7		814.941
79.8		816.737
79.9		818.532
80		820.326
80.1		822.119
80.2		823.911
80.3		825.702
80.4		827.492
80.5		829.281
80.6		831.069
80.7		832.856
80.8		834.642
80.9		836.427
81		838.211
81.1		839.994
81.2		841.776
81.3		843.557
81.4		845.337
81.5		847.115
81.6		848.893
81.7		850.669
81.8		852.445
81.9		854.219
82		855.993
82.1		857.765
82.2		859.536
82.3		861.306
82.4		863.074
82.5		864.842
82.6		866.609
82.7		868.374
82.8		870.138
82.9		871.901
83		873.663
83.1		875.424
83.2		877.183
83.3		878.942
83.4		880.699
83.5		882.455
83.6		884.21
83.7		885.963
83.8		887.716
83.9		889.467
84		891.217
84.1		892.966
84.2		894.713
84.3		896.46
84.4		898.205
84.5		899.948
84.6		901.691
84.7		903.432
84.8		905.172
84.9		906.911
85		908.648
85.1		910.385
85.2		912.12
85.3		913.853
85.4		915.586
85.5		917.317
85.6		919.046
85.7		920.775
85.8		922.502
85.9		924.228
86		925.952
86.1		927.675
86.2		929.397
86.3		931.118
86.4		932.837
86.5		934.555
86.6		936.271
86.7		937.986
86.8		939.7
86.9		941.412
87		943.124
87.1		944.833
87.2		946.541
87.3		948.248
87.4		949.954
87.5		951.658
87.6		953.361
87.7		955.062
87.8		956.762
87.9		958.461
88		960.158
88.1		961.853
88.2		963.548
88.3		965.241
88.4		966.932
88.5		968.622
88.6		970.311
88.7		971.998
88.8		973.684
88.9		975.368
89		977.051
89.1		978.732
89.2		980.412
89.3		982.091
89.4		983.768
89.5		985.443
89.6		987.117
89.7		988.79
89.8		990.461
89.9		992.131
90		993.799
90.1		995.466
90.2		997.131
90.3		998.795
90.4		1000.46
90.5		1002.12
90.6		1003.78
90.7		1005.44
90.8		1007.09
90.9		1008.75
91		1010.4
91.1		1012.05
91.2		1013.7
91.3		1015.35
91.4		1017
91.5		1018.64
91.6		1020.29
91.7		1021.93
91.8		1023.57
91.9		1025.21
92		1026.85
92.1		1028.48
92.2		1030.12
92.3		1031.75
92.4		1033.38
92.5		1035.01
92.6		1036.64
92.7		1038.27
92.8		1039.9
92.9		1041.52
93		1043.14
93.1		1044.76
93.2		1046.38
93.3		1048
93.4		1049.62
93.5		1051.23
93.6		1052.84
93.7		1054.46
93.8		1056.07
93.9		1057.67
94		1059.28
94.1		1060.89
94.2		1062.49
94.3		1064.09
94.4		1065.69
94.5		1067.29
94.6		1068.89
94.7		1070.48
94.8		1072.08
94.9		1073.67
95		1075.26
95.1		1076.85
95.2		1078.44
95.3		1080.02
95.4		1081.61
95.5		1083.19
95.6		1084.77
95.7		1086.35
95.8		1087.93
95.9		1089.51
96		1091.08
96.1		1092.65
96.2		1094.22
96.3		1095.79
96.4		1097.36
96.5		1098.93
96.6		1100.49
96.7		1102.06
96.8		1103.62
96.9		1105.18
97		1106.74
97.1		1108.29
97.2		1109.85
97.3		1111.4
97.4		1112.95
97.5		1114.5
97.6		1116.05
97.7		1117.6
97.8		1119.14
97.9		1120.69
98		1122.23
98.1		1123.77
98.2		1125.31
98.3		1126.85
98.4		1128.38
98.5		1129.92
98.6		1131.45
98.7		1132.98
98.8		1134.51
98.9		1136.03
99		1137.56
99.1		1139.08
99.2		1140.6
99.3		1142.13
99.4		1143.64
99.5		1145.16
99.6		1146.68
99.7		1148.19
99.8		1149.7
99.9		1151.21
100		1152.72
100.1		1154.23
100.2		1155.73
100.3		1157.24
100.4		1158.74
100.5		1160.24
100.6		1161.74
100.7		1163.24
100.8		1164.73
100.9		1166.23
101		1167.72
101.1		1169.21
101.2		1170.7
101.3		1172.18
101.4		1173.67
101.5		1175.15
101.6		1176.64
101.7		1178.12
101.8		1179.59
101.9		1181.07
102		1182.55
102.1		1184.02
102.2		1185.49
102.3		1186.96
102.4		1188.43
102.5		1189.9
102.6		1191.36
102.7		1192.83
102.8		1194.29
102.9		1195.75
103		1197.21
103.1		1198.67
103.2		1200.12
103.3		1201.58
103.4		1203.03
103.5		1204.48
103.6		1205.93
103.7		1207.37
103.8		1208.82
103.9		1210.26
104		1211.7
104.1		1213.14
104.2		1214.58
104.3		1216.02
104.4		1217.45
104.5		1218.89
104.6		1220.32
104.7		1221.75
104.8		1223.18
104.9		1224.61
105		1226.03
105.1		1227.45
105.2		1228.88
105.3		1230.3
105.4		1231.71
105.5		1233.13
105.6		1234.55
105.7		1235.96
105.8		1237.37
105.9		1238.78
106		1240.19
106.1		1241.6
106.2		1243
106.3		1244.4
106.4		1245.81
106.5		1247.21
106.6		1248.6
106.7		1250
106.8		1251.4
106.9		1252.79
107		1254.18
107.1		1255.57
107.2		1256.96
107.3		1258.35
107.4		1259.73
107.5		1261.11
107.6		1262.5
107.7		1263.88
107.8		1265.25
107.9		1266.63
108		1268.01
108.1		1269.38
108.2		1270.75
108.3		1272.12
108.4		1273.49
108.5		1274.86
108.6		1276.22
108.7		1277.58
108.8		1278.95
108.9		1280.31
109		1281.66
109.1		1283.02
109.2		1284.38
109.3		1285.73
109.4		1287.08
109.5		1288.43
109.6		1289.78
109.7		1291.13
109.8		1292.47
109.9		1293.81
110		1295.16
110.1		1296.5
110.2		1297.84
110.3		1299.17
110.4		1300.51
110.5		1301.84
110.6		1303.17
110.7		1304.5
110.8		1305.83
110.9		1307.16
111		1308.48
111.1		1309.81
111.2		1311.13
111.3		1312.45
111.4		1313.77
111.5		1315.09
111.6		1316.4
111.7		1317.71
111.8		1319.03
111.9		1320.34
112		1321.65
112.1		1322.95
112.2		1324.26
112.3		1325.56
112.4		1326.87
112.5		1328.17
112.6		1329.47
112.7		1330.76
112.8		1332.06
112.9		1333.35
113		1334.65
113.1		1335.94
113.2		1337.23
113.3		1338.51
113.4		1339.8
113.5		1341.08
113.6		1342.37
113.7		1343.65
113.8		1344.93
113.9		1346.21
114		1347.48
114.1		1348.76
114.2		1350.03
114.3		1351.3
114.4		1352.57
114.5		1353.84
114.6		1355.11
114.7		1356.37
114.8		1357.64
114.9		1358.9
115		1360.16
115.1		1361.42
115.2		1362.67
115.3		1363.93
115.4		1365.18
115.5		1366.44
115.6		1367.69
115.7		1368.94
115.8		1370.18
115.9		1371.43
116		1372.67
116.1		1373.92
116.2		1375.16
116.3		1376.4
116.4		1377.63
116.5		1378.87
116.6		1380.11
116.7		1381.34
116.8		1382.57
116.9		1383.8
117		1385.03
117.1		1386.26
117.2		1387.48
117.3		1388.7
117.4		1389.93
117.5		1391.15
117.6		1392.37
117.7		1393.58
117.8		1394.8
117.9		1396.01
118		1397.23
118.1		1398.44
118.2		1399.65
118.3		1400.86
118.4		1402.06
118.5		1403.27
118.6		1404.47
118.7		1405.67
118.8		1406.87
118.9		1408.07
119		1409.27
119.1		1410.46
119.2		1411.66
119.3		1412.85
119.4		1414.04
119.5		1415.23
119.6		1416.42
119.7		1417.6
119.8		1418.79
119.9		1419.97
120		1421.15
120.1		1422.33
120.2		1423.51
120.3		1424.69
120.4		1425.87
120.5		1427.04
120.6		1428.21
120.7		1429.38
120.8		1430.55
120.9		1431.72
121		1432.89
121.1		1434.05
121.2		1435.21
121.3		1436.38
121.4		1437.54
121.5		1438.7
121.6		1439.85
121.7		1441.01
121.8		1442.16
121.9		1443.32
122		1444.47
122.1		1445.62
122.2		1446.76
122.3		1447.91
122.4		1449.06
122.5		1450.2
122.6		1451.34
122.7		1452.48
122.8		1453.62
122.9		1454.76
123		1455.9
123.1		1457.03
123.2		1458.16
123.3		1459.29
123.4		1460.42
123.5		1461.55
123.6		1462.68
123.7		1463.81
123.8		1464.93
123.9		1466.05
124		1467.17
124.1		1468.29
124.2		1469.41
124.3		1470.53
124.4		1471.65
124.5		1472.76
124.6		1473.87
124.7		1474.98
124.8		1476.09
124.9		1477.2
125		1478.31
125.1		1479.41
125.2		1480.52
125.3		1481.62
125.4		1482.72
125.5		1483.82
125.6		1484.91
125.7		1486.01
125.8		1487.11
125.9		1488.2
126		1489.29
126.1		1490.38
126.2		1491.47
126.3		1492.56
126.4		1493.65
126.5		1494.73
126.6		1495.81
126.7		1496.9
126.8		1497.98
126.9		1499.05
127		1500.13
127.1		1501.21
127.2		1502.28
127.3		1503.36
127.4		1504.43
127.5		1505.5
127.6		1506.57
127.7		1507.64
127.8		1508.7
127.9		1509.77
128		1510.83
128.1		1511.89
128.2		1512.95
128.3		1514.01
128.4		1515.07
128.5		1516.12
128.6		1517.18
128.7		1518.23
128.8		1519.29
128.9		1520.34
129		1521.39
129.1		1522.43
129.2		1523.48
129.3		1524.52
129.4		1525.57
129.5		1526.61
129.6		1527.65
129.7		1528.69
129.8		1529.73
129.9		1530.77
130		1531.8
130.1		1532.84
130.2		1533.87
130.3		1534.9
130.4		1535.93
130.5		1536.96
130.6		1537.98
130.7		1539.01
130.8		1540.03
130.9		1541.06
131		1542.08
131.1		1543.1
131.2		1544.12
131.3		1545.14
131.4		1546.15
131.5		1547.17
131.6		1548.18
131.7		1549.19
131.8		1550.2
131.9		1551.21
132		1552.22
132.1		1553.23
132.2		1554.23
132.3		1555.24
132.4		1556.24
132.5		1557.24
132.6		1558.24
132.7		1559.24
132.8		1560.24
132.9		1561.23
133		1562.23
133.1		1563.22
133.2		1564.21
133.3		1565.2
133.4		1566.19
133.5		1567.18
133.6		1568.17
133.7		1569.15
133.8		1570.13
133.9		1571.12
134		1572.1
134.1		1573.08
134.2		1574.06
134.3		1575.03
134.4		1576.01
134.5		1576.99
134.6		1577.96
134.7		1578.93
134.8		1579.9
134.9		1580.87
135		1581.84
135.1		1582.81
135.2		1583.77
135.3		1584.74
135.4		1585.7
135.5		1586.66
135.6		1587.62
135.7		1588.58
135.8		1589.54
135.9		1590.5
136		1591.45
136.1		1592.41
136.2		1593.36
136.3		1594.31
136.4		1595.26
136.5		1596.21
136.6		1597.16
136.7		1598.1
136.8		1599.05
136.9		1599.99
137		1600.93
137.1		1601.88
137.2		1602.82
137.3		1603.75
137.4		1604.69
137.5		1605.63
137.6		1606.56
137.7		1607.5
137.8		1608.43
137.9		1609.36
138		1610.29
138.1		1611.22
138.2		1612.15
138.3		1613.07
138.4		1614
138.5		1614.92
138.6		1615.84
138.7		1616.77
138.8		1617.69
138.9		1618.6
139		1619.52
139.1		1620.44
139.2		1621.35
139.3		1622.27
139.4		1623.18
139.5		1624.09
139.6		1625
139.7		1625.91
139.8		1626.82
139.9		1627.72
140		1628.63
140.1		1629.53
140.2		1630.44
140.3		1631.34
140.4		1632.24
140.5		1633.14
140.6		1634.04
140.7		1634.93
140.8		1635.83
140.9		1636.72
141		1637.62
141.1		1638.51
141.2		1639.4
141.3		1640.29
141.4		1641.18
141.5		1642.06
141.6		1642.95
141.7		1643.83
141.8		1644.72
141.9		1645.6
142		1646.48
142.1		1647.36
142.2		1648.24
142.3		1649.12
142.4		1650
142.5		1650.87
142.6		1651.75
142.7		1652.62
142.8		1653.49
142.9		1654.36
143		1655.23
143.1		1656.1
143.2		1656.97
143.3		1657.83
143.4		1658.7
143.5		1659.56
143.6		1660.42
143.7		1661.28
143.8		1662.14
143.9		1663
144		1663.86
144.1		1664.72
144.2		1665.57
144.3		1666.43
144.4		1667.28
144.5		1668.13
144.6		1668.98
144.7		1669.83
144.8		1670.68
144.9		1671.53
145		1672.38
145.1		1673.22
145.2		1674.07
145.3		1674.91
145.4		1675.75
145.5		1676.59
145.6		1677.43
145.7		1678.27
145.8		1679.11
145.9		1679.94
146		1680.78
146.1		1681.61
146.2		1682.45
146.3		1683.28
146.4		1684.11
146.5		1684.94
146.6		1685.77
146.7		1686.59
146.8		1687.42
146.9		1688.25
147		1689.07
147.1		1689.89
147.2		1690.71
147.3		1691.54
147.4		1692.35
147.5		1693.17
147.6		1693.99
147.7		1694.81
147.8		1695.62
147.9		1696.44
148		1697.25
148.1		1698.06
148.2		1698.87
148.3		1699.68
148.4		1700.49
148.5		1701.3
148.6		1702.11
148.7		1702.91
148.8		1703.71
148.9		1704.52
149		1705.32
149.1		1706.12
149.2		1706.92
149.3		1707.72
149.4		1708.52
149.5		1709.32
149.6		1710.11
149.7		1710.91
149.8		1711.7
149.9		1712.49
150		1713.28
150.1		1714.07
150.2		1714.86
150.3		1715.65
150.4		1716.44
150.5		1717.23
150.6		1718.01
150.7		1718.8
150.8		1719.58
150.9		1720.36
151		1721.14
151.1		1721.92
151.2		1722.7
151.3		1723.48
151.4		1724.26
151.5		1725.03
151.6		1725.81
151.7		1726.58
151.8		1727.35
151.9		1728.12
152		1728.9
152.1		1729.67
152.2		1730.43
152.3		1731.2
152.4		1731.97
152.5		1732.73
152.6		1733.5
152.7		1734.26
152.8		1735.02
152.9		1735.79
153		1736.55
153.1		1737.31
153.2		1738.06
153.3		1738.82
153.4		1739.58
153.5		1740.33
153.6		1741.09
153.7		1741.84
153.8		1742.59
153.9		1743.35
154		1744.1
154.1		1744.85
154.2		1745.59
154.3		1746.34
154.4		1747.09
154.5		1747.83
154.6		1748.58
154.7		1749.32
154.8		1750.06
154.9		1750.8
155		1751.55
155.1		1752.28
155.2		1753.02
155.3		1753.76
155.4		1754.5
155.5		1755.23
155.6		1755.97
155.7		1756.7
155.8		1757.43
155.9		1758.17
156		1758.9
156.1		1759.63
156.2		1760.36
156.3		1761.08
156.4		1761.81
156.5		1762.54
156.6		1763.26
156.7		1763.98
156.8		1764.71
156.9		1765.43
157		1766.15
157.1		1766.87
157.2		1767.59
157.3		1768.31
157.4		1769.03
157.5		1769.74
157.6		1770.46
157.7		1771.17
157.8		1771.89
157.9		1772.6
158		1773.31
158.1		1774.02
158.2		1774.73
158.3		1775.44
158.4		1776.15
158.5		1776.85
158.6		1777.56
158.7		1778.26
158.8		1778.97
158.9		1779.67
159		1780.37
159.1		1781.08
159.2		1781.78
159.3		1782.48
159.4		1783.17
159.5		1783.87
159.6		1784.57
159.7		1785.26
159.8		1785.96
159.9		1786.65
160		1787.35
160.1		1788.04
160.2		1788.73
160.3		1789.42
160.4		1790.11
160.5		1790.8
160.6		1791.49
160.7		1792.17
160.8		1792.86
160.9		1793.54
161		1794.23
161.1		1794.91
161.2		1795.59
161.3		1796.27
161.4		1796.95
161.5		1797.63
161.6		1798.31
161.7		1798.99
161.8		1799.67
161.9		1800.34
162		1801.02
162.1		1801.69
162.2		1802.36
162.3		1803.04
162.4		1803.71
162.5		1804.38
162.6		1805.05
162.7		1805.72
162.8		1806.39
162.9		1807.05
163		1807.72
163.1		1808.38
163.2		1809.05
163.3		1809.71
163.4		1810.37
163.5		1811.04
163.6		1811.7
163.7		1812.36
163.8		1813.02
163.9		1813.68
164		1814.33
164.1		1814.99
164.2		1815.65
164.3		1816.3
164.4		1816.95
164.5		1817.61
164.6		1818.26
164.7		1818.91
164.8		1819.56
164.9		1820.21
165		1820.86
165.1		1821.51
165.2		1822.16
165.3		1822.8
165.4		1823.45
165.5		1824.09
165.6		1824.74
165.7		1825.38
165.8		1826.02
165.9		1826.66
166		1827.3
166.1		1827.94
166.2		1828.58
166.3		1829.22
166.4		1829.86
166.5		1830.5
166.6		1831.13
166.7		1831.77
166.8		1832.4
166.9		1833.03
167		1833.66
167.1		1834.3
167.2		1834.93
167.3		1835.56
167.4		1836.19
167.5		1836.81
167.6		1837.44
167.7		1838.07
167.8		1838.69
167.9		1839.32
168		1839.94
168.1		1840.57
168.2		1841.19
168.3		1841.81
168.4		1842.43
168.5		1843.05
168.6		1843.67
168.7		1844.29
168.8		1844.91
168.9		1845.52
169		1846.14
169.1		1846.75
169.2		1847.37
169.3		1847.98
169.4		1848.6
169.5		1849.21
169.6		1849.82
169.7		1850.43
169.8		1851.04
169.9		1851.65
170		1852.26
170.1		1852.86
170.2		1853.47
170.3		1854.08
170.4		1854.68
170.5		1855.28
170.6		1855.89
170.7		1856.49
170.8		1857.09
170.9		1857.69
171		1858.29
171.1		1858.89
171.2		1859.49
171.3		1860.09
171.4		1860.69
171.5		1861.28
171.6		1861.88
171.7		1862.47
171.8		1863.07
171.9		1863.66
172		1864.25
172.1		1864.85
172.2		1865.44
172.3		1866.03
172.4		1866.62
172.5		1867.21
172.6		1867.79
172.7		1868.38
172.8		1868.97
172.9		1869.55
173		1870.14
173.1		1870.72
173.2		1871.31
173.3		1871.89
173.4		1872.47
173.5		1873.05
173.6		1873.63
173.7		1874.21
173.8		1874.79
173.9		1875.37
174		1875.95
174.1		1876.52
174.2		1877.1
174.3		1877.68
174.4		1878.25
174.5		1878.82
174.6		1879.4
174.7		1879.97
174.8		1880.54
174.9		1881.11
175		1881.68
175.1		1882.25
175.2		1882.82
175.3		1883.39
175.4		1883.96
175.5		1884.52
175.6		1885.09
175.7		1885.65
175.8		1886.22
175.9		1886.78
176		1887.34
176.1		1887.91
176.2		1888.47
176.3		1889.03
176.4		1889.59
176.5		1890.15
176.6		1890.71
176.7		1891.26
176.8		1891.82
176.9		1892.38
177		1892.93
177.1		1893.49
177.2		1894.04
177.3		1894.6
177.4		1895.15
177.5		1895.7
177.6		1896.25
177.7		1896.81
177.8		1897.36
177.9		1897.9
178		1898.45
178.1		1899
178.2		1899.55
178.3		1900.1
178.4		1900.64
178.5		1901.19
178.6		1901.73
178.7		1902.28
178.8		1902.82
178.9		1903.36
179		1903.9
179.1		1904.44
179.2		1904.98
179.3		1905.52
179.4		1906.06
179.5		1906.6
179.6		1907.14
179.7		1907.68
179.8		1908.21
179.9		1908.75
180		1909.28
180.1		1909.82
180.2		1910.35
180.3		1910.88
180.4		1911.42
180.5		1911.95
180.6		1912.48
180.7		1913.01
180.8		1913.54
180.9		1914.07
181		1914.6
181.1		1915.12
181.2		1915.65
181.3		1916.18
181.4		1916.7
181.5		1917.23
181.6		1917.75
181.7		1918.28
181.8		1918.8
181.9		1919.32
182		1919.84
182.1		1920.36
182.2		1920.88
182.3		1921.4
182.4		1921.92
182.5		1922.44
182.6		1922.96
182.7		1923.48
182.8		1923.99
182.9		1924.51
183		1925.02
183.1		1925.54
183.2		1926.05
183.3		1926.57
183.4		1927.08
183.5		1927.59
183.6		1928.1
183.7		1928.61
183.8		1929.12
183.9		1929.63
184		1930.14
184.1		1930.65
184.2		1931.16
184.3		1931.66
184.4		1932.17
184.5		1932.67
184.6		1933.18
184.7		1933.68
184.8		1934.19
184.9		1934.69
185		1935.19
185.1		1935.69
185.2		1936.2
185.3		1936.7
185.4		1937.2
185.5		1937.7
185.6		1938.19
185.7		1938.69
185.8		1939.19
185.9		1939.69
186		1940.18
186.1		1940.68
186.2		1941.17
186.3		1941.67
186.4		1942.16
186.5		1942.65
186.6		1943.15
186.7		1943.64
186.8		1944.13
186.9		1944.62
187		1945.11
187.1		1945.6
187.2		1946.09
187.3		1946.58
187.4		1947.06
187.5		1947.55
187.6		1948.04
187.7		1948.52
187.8		1949.01
187.9		1949.49
188		1949.98
188.1		1950.46
188.2		1950.94
188.3		1951.43
188.4		1951.91
188.5		1952.39
188.6		1952.87
188.7		1953.35
188.8		1953.83
188.9		1954.31
189		1954.78
189.1		1955.26
189.2		1955.74
189.3		1956.21
189.4		1956.69
189.5		1957.17
189.6		1957.64
189.7		1958.11
189.8		1958.59
189.9		1959.06
190		1959.53
190.1		1960
190.2		1960.47
190.3		1960.95
190.4		1961.42
190.5		1961.88
190.6		1962.35
190.7		1962.82
190.8		1963.29
190.9		1963.76
191		1964.22
191.1		1964.69
191.2		1965.15
191.3		1965.62
191.4		1966.08
191.5		1966.55
191.6		1967.01
191.7		1967.47
191.8		1967.93
191.9		1968.39
192		1968.85
192.1		1969.31
192.2		1969.77
192.3		1970.23
192.4		1970.69
192.5		1971.15
192.6		1971.61
192.7		1972.06
192.8		1972.52
192.9		1972.97
193		1973.43
193.1		1973.88
193.2		1974.34
193.3		1974.79
193.4		1975.24
193.5		1975.7
193.6		1976.15
193.7		1976.6
193.8		1977.05
193.9		1977.5
194		1977.95
194.1		1978.4
194.2		1978.85
194.3		1979.3
194.4		1979.74
194.5		1980.19
194.6		1980.64
194.7		1981.08
194.8		1981.53
194.9		1981.97
195		1982.41
195.1		1982.86
195.2		1983.3
195.3		1983.74
195.4		1984.19
195.5		1984.63
195.6		1985.07
195.7		1985.51
195.8		1985.95
195.9		1986.39
196		1986.83
196.1		1987.26
196.2		1987.7
196.3		1988.14
196.4		1988.58
196.5		1989.01
196.6		1989.45
196.7		1989.88
196.8		1990.32
196.9		1990.75
197		1991.18
197.1		1991.62
197.2		1992.05
197.3		1992.48
197.4		1992.91
197.5		1993.34
197.6		1993.77
197.7		1994.2
197.8		1994.63
197.9		1995.06
198		1995.49
198.1		1995.92
198.2		1996.34
198.3		1996.77
198.4		1997.2
198.5		1997.62
198.6		1998.05
198.7		1998.47
198.8		1998.9
198.9		1999.32
199		1999.74
199.1		2000.17
199.2		2000.59
199.3		2001.01
199.4		2001.43
199.5		2001.85
199.6		2002.27
199.7		2002.69
199.8		2003.11
199.9		2003.53
200		2003.95
200.1		2004.36
200.2		2004.78
200.3		2005.2
200.4		2005.61
200.5		2006.03
200.6		2006.44
200.7		2006.86
200.8		2007.27
200.9		2007.69
201		2008.1
201.1		2008.51
201.2		2008.92
201.3		2009.33
201.4		2009.75
201.5		2010.16
201.6		2010.57
201.7		2010.98
201.8		2011.38
201.9		2011.79
202		2012.2
202.1		2012.61
202.2		2013.02
202.3		2013.42
202.4		2013.83
202.5		2014.23
202.6		2014.64
202.7		2015.04
202.8		2015.45
202.9		2015.85
203		2016.26
203.1		2016.66
203.2		2017.06
203.3		2017.46
203.4		2017.86
203.5		2018.26
203.6		2018.66
203.7		2019.06
203.8		2019.46
203.9		2019.86
204		2020.26
204.1		2020.66
204.2		2021.06
204.3		2021.45
204.4		2021.85
204.5		2022.25
204.6		2022.64
204.7		2023.04
204.8		2023.43
204.9		2023.83
205		2024.22
205.1		2024.61
205.2		2025.01
205.3		2025.4
205.4		2025.79
205.5		2026.18
205.6		2026.57
205.7		2026.96
205.8		2027.35
205.9		2027.74
206		2028.13
206.1		2028.52
206.2		2028.91
206.3		2029.3
206.4		2029.69
206.5		2030.07
206.6		2030.46
206.7		2030.84
206.8		2031.23
206.9		2031.61
207		2032
207.1		2032.38
207.2		2032.77
207.3		2033.15
207.4		2033.53
207.5		2033.92
207.6		2034.3
207.7		2034.68
207.8		2035.06
207.9		2035.44
208		2035.82
208.1		2036.2
208.2		2036.58
208.3		2036.96
208.4		2037.34
208.5		2037.71
208.6		2038.09
208.7		2038.47
208.8		2038.85
208.9		2039.22
209		2039.6
209.1		2039.97
209.2		2040.35
209.3		2040.72
209.4		2041.1
209.5		2041.47
209.6		2041.84
209.7		2042.21
209.8		2042.59
209.9		2042.96
210		2043.33
210.1		2043.7
210.2		2044.07
210.3		2044.44
210.4		2044.81
210.5		2045.18
210.6		2045.55
210.7		2045.92
210.8		2046.28
210.9		2046.65
211		2047.02
211.1		2047.38
211.2		2047.75
211.3		2048.12
211.4		2048.48
211.5		2048.85
211.6		2049.21
211.7		2049.58
211.8		2049.94
211.9		2050.3
212		2050.66
212.1		2051.03
212.2		2051.39
212.3		2051.75
212.4		2052.11
212.5		2052.47
212.6		2052.83
212.7		2053.19
212.8		2053.55
212.9		2053.91
213		2054.27
213.1		2054.63
213.2		2054.98
213.3		2055.34
213.4		2055.7
213.5		2056.06
213.6		2056.41
213.7		2056.77
213.8		2057.12
213.9		2057.48
214		2057.83
214.1		2058.19
214.2		2058.54
214.3		2058.89
214.4		2059.24
214.5		2059.6
214.6		2059.95
214.7		2060.3
214.8		2060.65
214.9		2061
215		2061.35
215.1		2061.7
215.2		2062.05
215.3		2062.4
215.4		2062.75
215.5		2063.1
215.6		2063.45
215.7		2063.79
215.8		2064.14
215.9		2064.49
216		2064.83
216.1		2065.18
216.2		2065.53
216.3		2065.87
216.4		2066.22
216.5		2066.56
216.6		2066.9
216.7		2067.25
216.8		2067.59
216.9		2067.93
217		2068.28
217.1		2068.62
217.2		2068.96
217.3		2069.3
217.4		2069.64
217.5		2069.98
217.6		2070.32
217.7		2070.66
217.8		2071
217.9		2071.34
218		2071.68
218.1		2072.02
218.2		2072.35
218.3		2072.69
218.4		2073.03
218.5		2073.36
218.6		2073.7
218.7		2074.04
218.8		2074.37
218.9		2074.71
219		2075.04
219.1		2075.38
219.2		2075.71
219.3		2076.04
219.4		2076.38
219.5		2076.71
219.6		2077.04
219.7		2077.37
219.8		2077.71
219.9		2078.04
220		2078.37
220.1		2078.7
220.2		2079.03
220.3		2079.36
220.4		2079.69
220.5		2080.02
220.6		2080.34
220.7		2080.67
220.8		2081
220.9		2081.33
221		2081.66
221.1		2081.98
221.2		2082.31
221.3		2082.63
221.4		2082.96
221.5		2083.29
221.6		2083.61
221.7		2083.94
221.8		2084.26
221.9		2084.58
222		2084.91
222.1		2085.23
222.2		2085.55
222.3		2085.87
222.4		2086.2
222.5		2086.52
222.6		2086.84
222.7		2087.16
222.8		2087.48
222.9		2087.8
223		2088.12
223.1		2088.44
223.2		2088.76
223.3		2089.08
223.4		2089.4
223.5		2089.71
223.6		2090.03
223.7		2090.35
223.8		2090.67
223.9		2090.98
224		2091.3
224.1		2091.62
224.2		2091.93
224.3		2092.25
224.4		2092.56
224.5		2092.88
224.6		2093.19
224.7		2093.5
224.8		2093.82
224.9		2094.13
225		2094.44
225.1		2094.76
225.2		2095.07
225.3		2095.38
225.4		2095.69
225.5		2096
225.6		2096.31
225.7		2096.62
225.8		2096.93
225.9		2097.24
226		2097.55
226.1		2097.86
226.2		2098.17
226.3		2098.48
226.4		2098.78
226.5		2099.09
226.6		2099.4
226.7		2099.71
226.8		2100.01
226.9		2100.32
227		2100.62
227.1		2100.93
227.2		2101.23
227.3		2101.54
227.4		2101.84
227.5		2102.15
227.6		2102.45
227.7		2102.76
227.8		2103.06
227.9		2103.36
228		2103.66
228.1		2103.97
228.2		2104.27
228.3		2104.57
228.4		2104.87
228.5		2105.17
228.6		2105.47
228.7		2105.77
228.8		2106.07
228.9		2106.37
229		2106.67
229.1		2106.97
229.2		2107.27
229.3		2107.56
229.4		2107.86
229.5		2108.16
229.6		2108.46
229.7		2108.75
229.8		2109.05
229.9		2109.35
230		2109.64
230.1		2109.94
230.2		2110.23
230.3		2110.53
230.4		2110.82
230.5		2111.12
230.6		2111.41
230.7		2111.7
230.8		2112
230.9		2112.29
231		2112.58
231.1		2112.87
231.2		2113.17
231.3		2113.46
231.4		2113.75
231.5		2114.04
231.6		2114.33
231.7		2114.62
231.8		2114.91
231.9		2115.2
232		2115.49
232.1		2115.78
232.2		2116.07
232.3		2116.36
232.4		2116.64
232.5		2116.93
232.6		2117.22
232.7		2117.51
232.8		2117.79
232.9		2118.08
233		2118.37
233.1		2118.65
233.2		2118.94
233.3		2119.22
233.4		2119.51
233.5		2119.79
233.6		2120.08
233.7		2120.36
233.8		2120.65
233.9		2120.93
234		2121.21
234.1		2121.49
234.2		2121.78
234.3		2122.06
234.4		2122.34
234.5		2122.62
234.6		2122.9
234.7		2123.18
234.8		2123.47
234.9		2123.75
235		2124.03
235.1		2124.31
235.2		2124.58
235.3		2124.86
235.4		2125.14
235.5		2125.42
235.6		2125.7
235.7		2125.98
235.8		2126.26
235.9		2126.53
236		2126.81
236.1		2127.09
236.2		2127.36
236.3		2127.64
236.4		2127.91
236.5		2128.19
236.6		2128.47
236.7		2128.74
236.8		2129.01
236.9		2129.29
237		2129.56
237.1		2129.84
237.2		2130.11
237.3		2130.38
237.4		2130.66
237.5		2130.93
237.6		2131.2
237.7		2131.47
237.8		2131.74
237.9		2132.02
238		2132.29
238.1		2132.56
238.2		2132.83
238.3		2133.1
238.4		2133.37
238.5		2133.64
238.6		2133.91
238.7		2134.18
238.8		2134.44
238.9		2134.71
239		2134.98
239.1		2135.25
239.2		2135.52
239.3		2135.78
239.4		2136.05
239.5		2136.32
239.6		2136.58
239.7		2136.85
239.8		2137.12
239.9		2137.38
240		2137.65
240.1		2137.91
240.2		2138.18
240.3		2138.44
240.4		2138.71
240.5		2138.97
240.6		2139.23
240.7		2139.5
240.8		2139.76
240.9		2140.02
241		2140.28
241.1		2140.55
241.2		2140.81
241.3		2141.07
241.4		2141.33
241.5		2141.59
241.6		2141.85
241.7		2142.11
241.8		2142.37
241.9		2142.63
242		2142.89
242.1		2143.15
242.2		2143.41
242.3		2143.67
242.4		2143.93
242.5		2144.19
242.6		2144.45
242.7		2144.7
242.8		2144.96
242.9		2145.22
243		2145.48
243.1		2145.73
243.2		2145.99
243.3		2146.25
243.4		2146.5
243.5		2146.76
243.6		2147.01
243.7		2147.27
243.8		2147.52
243.9		2147.78
244		2148.03
244.1		2148.28
244.2		2148.54
244.3		2148.79
244.4		2149.04
244.5		2149.3
244.6		2149.55
244.7		2149.8
244.8		2150.05
244.9		2150.31
245		2150.56
245.1		2150.81
245.2		2151.06
245.3		2151.31
245.4		2151.56
245.5		2151.81
245.6		2152.06
245.7		2152.31
245.8		2152.56
245.9		2152.81
246		2153.06
246.1		2153.31
246.2		2153.56
246.3		2153.8
246.4		2154.05
246.5		2154.3
246.6		2154.55
246.7		2154.79
246.8		2155.04
246.9		2155.29
247		2155.53
247.1		2155.78
247.2		2156.03
247.3		2156.27
247.4		2156.52
247.5		2156.76
247.6		2157.01
247.7		2157.25
247.8		2157.49
247.9		2157.74
248		2157.98
248.1		2158.23
248.2		2158.47
248.3		2158.71
248.4		2158.95
248.5		2159.2
248.6		2159.44
248.7		2159.68
248.8		2159.92
248.9		2160.16
249		2160.41
249.1		2160.65
249.2		2160.89
249.3		2161.13
249.4		2161.37
249.5		2161.61
249.6		2161.85
249.7		2162.09
249.8		2162.33
249.9		2162.56
250		2162.8
250.1		2163.04
250.2		2163.28
250.3		2163.52
250.4		2163.76
250.5		2163.99
250.6		2164.23
250.7		2164.47
250.8		2164.7
250.9		2164.94
251		2165.18
251.1		2165.41
251.2		2165.65
251.3		2165.88
251.4		2166.12
251.5		2166.35
251.6		2166.59
251.7		2166.82
251.8		2167.06
251.9		2167.29
252		2167.53
252.1		2167.76
252.2		2167.99
252.3		2168.23
252.4		2168.46
252.5		2168.69
252.6		2168.92
252.7		2169.15
252.8		2169.39
252.9		2169.62
253		2169.85
253.1		2170.08
253.2		2170.31
253.3		2170.54
253.4		2170.77
253.5		2171
253.6		2171.23
253.7		2171.46
253.8		2171.69
253.9		2171.92
254		2172.15
254.1		2172.38
254.2		2172.61
254.3		2172.84
254.4		2173.06
254.5		2173.29
254.6		2173.52
254.7		2173.75
254.8		2173.97
254.9		2174.2
255		2174.43
255.1		2174.65
255.2		2174.88
255.3		2175.11
255.4		2175.33
255.5		2175.56
255.6		2175.78
255.7		2176.01
255.8		2176.23
255.9		2176.46
256		2176.68
256.1		2176.9
256.2		2177.13
256.3		2177.35
256.4		2177.58
256.5		2177.8
256.6		2178.02
256.7		2178.24
256.8		2178.47
256.9		2178.69
257		2178.91
257.1		2179.13
257.2		2179.35
257.3		2179.58
257.4		2179.8
257.5		2180.02
257.6		2180.24
257.7		2180.46
257.8		2180.68
257.9		2180.9
258		2181.12
258.1		2181.34
258.2		2181.56
258.3		2181.78
258.4		2182
258.5		2182.22
258.6		2182.43
258.7		2182.65
258.8		2182.87
258.9		2183.09
259		2183.31
259.1		2183.52
259.2		2183.74
259.3		2183.96
259.4		2184.17
259.5		2184.39
259.6		2184.61
259.7		2184.82
259.8		2185.04
259.9		2185.25
260		2185.47
260.1		2185.68
260.2		2185.9
260.3		2186.11
260.4		2186.33
260.5		2186.54
260.6		2186.76
260.7		2186.97
260.8		2187.18
260.9		2187.4
261		2187.61
261.1		2187.82
261.2		2188.04
261.3		2188.25
261.4		2188.46
261.5		2188.67
261.6		2188.89
261.7		2189.1
261.8		2189.31
261.9		2189.52
262		2189.73
262.1		2189.94
262.2		2190.15
262.3		2190.36
262.4		2190.57
262.5		2190.78
262.6		2190.99
262.7		2191.2
262.8		2191.41
262.9		2191.62
263		2191.83
263.1		2192.04
263.2		2192.25
263.3		2192.46
263.4		2192.66
263.5		2192.87
263.6		2193.08
263.7		2193.29
263.8		2193.49
263.9		2193.7
264		2193.91
264.1		2194.11
264.2		2194.32
264.3		2194.53
264.4		2194.73
264.5		2194.94
264.6		2195.14
264.7		2195.35
264.8		2195.56
264.9		2195.76
265		2195.96
265.1		2196.17
265.2		2196.37
265.3		2196.58
265.4		2196.78
265.5		2196.99
265.6		2197.19
265.7		2197.39
265.8		2197.6
265.9		2197.8
266		2198
266.1		2198.2
266.2		2198.41
266.3		2198.61
266.4		2198.81
266.5		2199.01
266.6		2199.21
266.7		2199.42
266.8		2199.62
266.9		2199.82
267		2200.02
267.1		2200.22
267.2		2200.42
267.3		2200.62
267.4		2200.82
267.5		2201.02
267.6		2201.22
267.7		2201.42
267.8		2201.62
267.9		2201.82
268		2202.02
268.1		2202.21
268.2		2202.41
268.3		2202.61
268.4		2202.81
268.5		2203.01
268.6		2203.2
268.7		2203.4
268.8		2203.6
268.9		2203.8
269		2203.99
269.1		2204.19
269.2		2204.39
269.3		2204.58
269.4		2204.78
269.5		2204.97
269.6		2205.17
269.7		2205.36
269.8		2205.56
269.9		2205.75
270		2205.95
270.1		2206.14
270.2		2206.34
270.3		2206.53
270.4		2206.73
270.5		2206.92
270.6		2207.12
270.7		2207.31
270.8		2207.5
270.9		2207.7
271		2207.89
271.1		2208.08
271.2		2208.27
271.3		2208.47
271.4		2208.66
271.5		2208.85
271.6		2209.04
271.7		2209.23
271.8		2209.43
271.9		2209.62
272		2209.81
272.1		2210
272.2		2210.19
272.3		2210.38
272.4		2210.57
272.5		2210.76
272.6		2210.95
272.7		2211.14
272.8		2211.33
272.9		2211.52
273		2211.71
273.1		2211.9
273.2		2212.09
273.3		2212.27
273.4		2212.46
273.5		2212.65
273.6		2212.84
273.7		2213.03
273.8		2213.22
273.9		2213.4
274		2213.59
274.1		2213.78
274.2		2213.96
274.3		2214.15
274.4		2214.34
274.5		2214.52
274.6		2214.71
274.7		2214.9
274.8		2215.08
274.9		2215.27
275		2215.45
275.1		2215.64
275.2		2215.83
275.3		2216.01
275.4		2216.2
275.5		2216.38
275.6		2216.56
275.7		2216.75
275.8		2216.93
275.9		2217.12
276		2217.3
276.1		2217.48
276.2		2217.67
276.3		2217.85
276.4		2218.03
276.5		2218.22
276.6		2218.4
276.7		2218.58
276.8		2218.76
276.9		2218.95
277		2219.13
277.1		2219.31
277.2		2219.49
277.3		2219.67
277.4		2219.86
277.5		2220.04
277.6		2220.22
277.7		2220.4
277.8		2220.58
277.9		2220.76
278		2220.94
278.1		2221.12
278.2		2221.3
278.3		2221.48
278.4		2221.66
278.5		2221.84
278.6		2222.02
278.7		2222.2
278.8		2222.38
278.9		2222.55
279		2222.73
279.1		2222.91
279.2		2223.09
279.3		2223.27
279.4		2223.45
279.5		2223.62
279.6		2223.8
279.7		2223.98
279.8		2224.16
279.9		2224.33
280		2224.51
280.1		2224.69
280.2		2224.86
280.3		2225.04
280.4		2225.21
280.5		2225.39
280.6		2225.57
280.7		2225.74
280.8		2225.92
280.9		2226.09
281		2226.27
281.1		2226.44
281.2		2226.62
281.3		2226.79
281.4		2226.97
281.5		2227.14
281.6		2227.32
281.7		2227.49
281.8		2227.66
281.9		2227.84
282		2228.01
282.1		2228.18
282.2		2228.36
282.3		2228.53
282.4		2228.7
282.5		2228.88
282.6		2229.05
282.7		2229.22
282.8		2229.39
282.9		2229.57
283		2229.74
283.1		2229.91
283.2		2230.08
283.3		2230.25
283.4		2230.42
283.5		2230.59
283.6		2230.76
283.7		2230.94
283.8		2231.11
283.9		2231.28
284		2231.45
284.1		2231.62
284.2		2231.79
284.3		2231.96
284.4		2232.13
284.5		2232.3
284.6		2232.46
284.7		2232.63
284.8		2232.8
284.9		2232.97
285		2233.14
285.1		2233.31
285.2		2233.48
285.3		2233.65
285.4		2233.81
285.5		2233.98
285.6		2234.15
285.7		2234.32
285.8		2234.48
285.9		2234.65
286		2234.82
286.1		2234.98
286.2		2235.15
286.3		2235.32
286.4		2235.48
286.5		2235.65
286.6		2235.82
286.7		2235.98
286.8		2236.15
286.9		2236.31
287		2236.48
287.1		2236.65
287.2		2236.81
287.3		2236.98
287.4		2237.14
287.5		2237.3
287.6		2237.47
287.7		2237.63
287.8		2237.8
287.9		2237.96
288		2238.13
288.1		2238.29
288.2		2238.45
288.3		2238.62
288.4		2238.78
288.5		2238.94
288.6		2239.11
288.7		2239.27
288.8		2239.43
288.9		2239.59
289		2239.76
289.1		2239.92
289.2		2240.08
289.3		2240.24
289.4		2240.41
289.5		2240.57
289.6		2240.73
289.7		2240.89
289.8		2241.05
289.9		2241.21
290		2241.37
290.1		2241.53
290.2		2241.69
290.3		2241.85
290.4		2242.02
290.5		2242.18
290.6		2242.34
290.7		2242.5
290.8		2242.65
290.9		2242.81
291		2242.97
291.1		2243.13
291.2		2243.29
291.3		2243.45
291.4		2243.61
291.5		2243.77
291.6		2243.93
291.7		2244.09
291.8		2244.24
291.9		2244.4
292		2244.56
292.1		2244.72
292.2		2244.88
292.3		2245.03
292.4		2245.19
292.5		2245.35
292.6		2245.5
292.7		2245.66
292.8		2245.82
292.9		2245.97
293		2246.13
293.1		2246.29
293.2		2246.44
293.3		2246.6
293.4		2246.76
293.5		2246.91
293.6		2247.07
293.7		2247.22
293.8		2247.38
293.9		2247.53
294		2247.69
294.1		2247.84
294.2		2248
294.3		2248.15
294.4		2248.31
294.5		2248.46
294.6		2248.62
294.7		2248.77
294.8		2248.92
294.9		2249.08
295		2249.23
295.1		2249.38
295.2		2249.54
295.3		2249.69
295.4		2249.84
295.5		2250
295.6		2250.15
295.7		2250.3
295.8		2250.45
295.9		2250.61
296		2250.76
296.1		2250.91
296.2		2251.06
296.3		2251.22
296.4		2251.37
296.5		2251.52
296.6		2251.67
296.7		2251.82
296.8		2251.97
296.9		2252.12
297		2252.27
297.1		2252.42
297.2		2252.58
297.3		2252.73
297.4		2252.88
297.5		2253.03
297.6		2253.18
297.7		2253.33
297.8		2253.48
297.9		2253.63
298		2253.77
298.1		2253.92
298.2		2254.07
298.3		2254.22
298.4		2254.37
298.5		2254.52
298.6		2254.67
298.7		2254.82
298.8		2254.97
298.9		2255.11
299		2255.26
299.1		2255.41
299.2		2255.56
299.3		2255.71
299.4		2255.85
299.5		2256
299.6		2256.15
299.7		2256.3
299.8		2256.44
299.9		2256.59
300		2256.74
300.1		2256.88
300.2		2257.03
300.3		2257.18
300.4		2257.32
300.5		2257.47
300.6		2257.61
300.7		2257.76
300.8		2257.91
300.9		2258.05
301		2258.2
301.1		2258.34
301.2		2258.49
301.3		2258.63
301.4		2258.78
301.5		2258.92
301.6		2259.07
301.7		2259.21
301.8		2259.36
301.9		2259.5
302		2259.64
302.1		2259.79
302.2		2259.93
302.3		2260.08
302.4		2260.22
302.5		2260.36
302.6		2260.51
302.7		2260.65
302.8		2260.79
302.9		2260.94
303		2261.08
303.1		2261.22
303.2		2261.36
303.3		2261.51
303.4		2261.65
303.5		2261.79
303.6		2261.93
303.7		2262.07
303.8		2262.22
303.9		2262.36
304		2262.5
304.1		2262.64
304.2		2262.78
304.3		2262.92
304.4		2263.06
304.5		2263.21
304.6		2263.35
304.7		2263.49
304.8		2263.63
304.9		2263.77
305		2263.91
305.1		2264.05
305.2		2264.19
305.3		2264.33
305.4		2264.47
305.5		2264.61
305.6		2264.75
305.7		2264.89
305.8		2265.03
305.9		2265.17
306		2265.3
306.1		2265.44
306.2		2265.58
306.3		2265.72
306.4		2265.86
306.5		2266
306.6		2266.14
306.7		2266.27
306.8		2266.41
306.9		2266.55
307		2266.69
307.1		2266.83
307.2		2266.96
307.3		2267.1
307.4		2267.24
307.5		2267.38
307.6		2267.51
307.7		2267.65
307.8		2267.79
307.9		2267.92
308		2268.06
308.1		2268.2
308.2		2268.33
308.3		2268.47
308.4		2268.6
308.5		2268.74
308.6		2268.88
308.7		2269.01
308.8		2269.15
308.9		2269.28
309		2269.42
309.1		2269.55
309.2		2269.69
309.3		2269.82
309.4		2269.96
309.5		2270.09
309.6		2270.23
309.7		2270.36
309.8		2270.5
309.9		2270.63
310		2270.77
310.1		2270.9
310.2		2271.03
310.3		2271.17
310.4		2271.3
310.5		2271.44
310.6		2271.57
310.7		2271.7
310.8		2271.84
310.9		2271.97
311		2272.1
311.1		2272.23
311.2		2272.37
311.3		2272.5
311.4		2272.63
311.5		2272.77
311.6		2272.9
311.7		2273.03
311.8		2273.16
311.9		2273.29
312		2273.43
312.1		2273.56
312.2		2273.69
312.3		2273.82
312.4		2273.95
312.5		2274.08
312.6		2274.21
312.7		2274.35
312.8		2274.48
312.9		2274.61
313		2274.74
313.1		2274.87
313.2		2275
313.3		2275.13
313.4		2275.26
313.5		2275.39
313.6		2275.52
313.7		2275.65
313.8		2275.78
313.9		2275.91
314		2276.04
314.1		2276.17
314.2		2276.3
314.3		2276.43
314.4		2276.56
314.5		2276.68
314.6		2276.81
314.7		2276.94
314.8		2277.07
314.9		2277.2
315		2277.33
315.1		2277.46
315.2		2277.58
315.3		2277.71
315.4		2277.84
315.5		2277.97
315.6		2278.1
315.7		2278.22
315.8		2278.35
315.9		2278.48
316		2278.61
316.1		2278.73
316.2		2278.86
316.3		2278.99
316.4		2279.11
316.5		2279.24
316.6		2279.37
316.7		2279.49
316.8		2279.62
316.9		2279.75
317		2279.87
317.1		2280
317.2		2280.13
317.3		2280.25
317.4		2280.38
317.5		2280.5
317.6		2280.63
317.7		2280.75
317.8		2280.88
317.9		2281
318		2281.13
318.1		2281.25
318.2		2281.38
318.3		2281.5
318.4		2281.63
318.5		2281.75
318.6		2281.88
318.7		2282
318.8		2282.13
318.9		2282.25
319		2282.38
319.1		2282.5
319.2		2282.62
319.3		2282.75
319.4		2282.87
319.5		2282.99
319.6		2283.12
319.7		2283.24
319.8		2283.36
319.9		2283.49
320		2283.61
320.1		2283.73
320.2		2283.86
320.3		2283.98
320.4		2284.1
320.5		2284.22
320.6		2284.35
320.7		2284.47
320.8		2284.59
320.9		2284.71
321		2284.83
321.1		2284.96
321.2		2285.08
321.3		2285.2
321.4		2285.32
321.5		2285.44
321.6		2285.56
321.7		2285.68
321.8		2285.81
321.9		2285.93
322		2286.05
322.1		2286.17
322.2		2286.29
322.3		2286.41
322.4		2286.53
322.5		2286.65
322.6		2286.77
322.7		2286.89
322.8		2287.01
322.9		2287.13
323		2287.25
323.1		2287.37
323.2		2287.49
323.3		2287.61
323.4		2287.73
323.5		2287.85
323.6		2287.97
323.7		2288.09
323.8		2288.21
323.9		2288.33
324		2288.44
324.1		2288.56
324.2		2288.68
324.3		2288.8
324.4		2288.92
324.5		2289.04
324.6		2289.16
324.7		2289.27
324.8		2289.39
324.9		2289.51
325		2289.63
325.1		2289.75
325.2		2289.86
325.3		2289.98
325.4		2290.1
325.5		2290.22
325.6		2290.33
325.7		2290.45
325.8		2290.57
325.9		2290.68
326		2290.8
326.1		2290.92
326.2		2291.03
326.3		2291.15
326.4		2291.27
326.5		2291.38
326.6		2291.5
326.7		2291.62
326.8		2291.73
326.9		2291.85
327		2291.96
327.1		2292.08
327.2		2292.19
327.3		2292.31
327.4		2292.43
327.5		2292.54
327.6		2292.66
327.7		2292.77
327.8		2292.89
327.9		2293
328		2293.12
328.1		2293.23
328.2		2293.35
328.3		2293.46
328.4		2293.58
328.5		2293.69
328.6		2293.8
328.7		2293.92
328.8		2294.03
328.9		2294.15
329		2294.26
329.1		2294.37
329.2		2294.49
329.3		2294.6
329.4		2294.72
329.5		2294.83
329.6		2294.94
329.7		2295.06
329.8		2295.17
329.9		2295.28
330		2295.39
330.1		2295.51
330.2		2295.62
330.3		2295.73
330.4		2295.85
330.5		2295.96
330.6		2296.07
330.7		2296.18
330.8		2296.29
330.9		2296.41
331		2296.52
331.1		2296.63
331.2		2296.74
331.3		2296.85
331.4		2296.97
331.5		2297.08
331.6		2297.19
331.7		2297.3
331.8		2297.41
331.9		2297.52
332		2297.63
332.1		2297.75
332.2		2297.86
332.3		2297.97
332.4		2298.08
332.5		2298.19
332.6		2298.3
332.7		2298.41
332.8		2298.52
332.9		2298.63
333		2298.74
333.1		2298.85
333.2		2298.96
333.3		2299.07
333.4		2299.18
333.5		2299.29
333.6		2299.4
333.7		2299.51
333.8		2299.62
333.9		2299.73
334		2299.84
334.1		2299.95
334.2		2300.06
334.3		2300.16
334.4		2300.27
334.5		2300.38
334.6		2300.49
334.7		2300.6
334.8		2300.71
334.9		2300.82
335		2300.92
335.1		2301.03
335.2		2301.14
335.3		2301.25
335.4		2301.36
335.5		2301.47
335.6		2301.57
335.7		2301.68
335.8		2301.79
335.9		2301.9
336		2302
336.1		2302.11
336.2		2302.22
336.3		2302.33
336.4		2302.43
336.5		2302.54
336.6		2302.65
336.7		2302.75
336.8		2302.86
336.9		2302.97
337		2303.07
337.1		2303.18
337.2		2303.29
337.3		2303.39
337.4		2303.5
337.5		2303.61
337.6		2303.71
337.7		2303.82
337.8		2303.92
337.9		2304.03
338		2304.13
338.1		2304.24
338.2		2304.35
338.3		2304.45
338.4		2304.56
338.5		2304.66
338.6		2304.77
338.7		2304.87
338.8		2304.98
338.9		2305.08
339		2305.19
339.1		2305.29
339.2		2305.4
339.3		2305.5
339.4		2305.61
339.5		2305.71
339.6		2305.81
339.7		2305.92
339.8		2306.02
339.9		2306.13
340		2306.23
340.1		2306.33
340.2		2306.44
340.3		2306.54
340.4		2306.65
340.5		2306.75
340.6		2306.85
340.7		2306.96
340.8		2307.06
340.9		2307.16
341		2307.27
341.1		2307.37
341.2		2307.47
341.3		2307.57
341.4		2307.68
341.5		2307.78
341.6		2307.88
341.7		2307.99
341.8		2308.09
341.9		2308.19
342		2308.29
342.1		2308.4
342.2		2308.5
342.3		2308.6
342.4		2308.7
342.5		2308.8
342.6		2308.9
342.7		2309.01
342.8		2309.11
342.9		2309.21
343		2309.31
343.1		2309.41
343.2		2309.51
343.3		2309.62
343.4		2309.72
343.5		2309.82
343.6		2309.92
343.7		2310.02
343.8		2310.12
343.9		2310.22
344		2310.32
344.1		2310.42
344.2		2310.52
344.3		2310.62
344.4		2310.72
344.5		2310.82
344.6		2310.92
344.7		2311.02
344.8		2311.12
344.9		2311.22
345		2311.32
345.1		2311.42
345.2		2311.52
345.3		2311.62
345.4		2311.72
345.5		2311.82
345.6		2311.92
345.7		2312.02
345.8		2312.12
345.9		2312.22
346		2312.32
346.1		2312.42
346.2		2312.52
346.3		2312.61
346.4		2312.71
346.5		2312.81
346.6		2312.91
346.7		2313.01
346.8		2313.11
346.9		2313.21
347		2313.3
347.1		2313.4
347.2		2313.5
347.3		2313.6
347.4		2313.7
347.5		2313.79
347.6		2313.89
347.7		2313.99
347.8		2314.09
347.9		2314.18
348		2314.28
348.1		2314.38
348.2		2314.48
348.3		2314.57
348.4		2314.67
348.5		2314.77
348.6		2314.87
348.7		2314.96
348.8		2315.06
348.9		2315.16
349		2315.25
349.1		2315.35
349.2		2315.45
349.3		2315.54
349.4		2315.64
349.5		2315.74
349.6		2315.83
349.7		2315.93
349.8		2316.02
349.9		2316.12
350		2316.22
350.1		2316.31
350.2		2316.41
350.3		2316.5
350.4		2316.6
350.5		2316.69
350.6		2316.79
350.7		2316.88
350.8		2316.98
350.9		2317.08
351		2317.17
351.1		2317.27
351.2		2317.36
351.3		2317.46
351.4		2317.55
351.5		2317.65
351.6		2317.74
351.7		2317.83
351.8		2317.93
351.9		2318.02
352		2318.12
352.1		2318.21
352.2		2318.31
352.3		2318.4
352.4		2318.49
352.5		2318.59
352.6		2318.68
352.7		2318.78
352.8		2318.87
352.9		2318.96
353		2319.06
353.1		2319.15
353.2		2319.25
353.3		2319.34
353.4		2319.43
353.5		2319.53
353.6		2319.62
353.7		2319.71
353.8		2319.8
353.9		2319.9
354		2319.99
354.1		2320.08
354.2		2320.18
354.3		2320.27
354.4		2320.36
354.5		2320.45
354.6		2320.55
354.7		2320.64
354.8		2320.73
354.9		2320.82
355		2320.92
355.1		2321.01
355.2		2321.1
355.3		2321.19
355.4		2321.28
355.5		2321.38
355.6		2321.47
355.7		2321.56
355.8		2321.65
355.9		2321.74
356		2321.83
356.1		2321.93
356.2		2322.02
356.3		2322.11
356.4		2322.2
356.5		2322.29
356.6		2322.38
356.7		2322.47
356.8		2322.56
356.9		2322.65
357		2322.74
357.1		2322.84
357.2		2322.93
357.3		2323.02
357.4		2323.11
357.5		2323.2
357.6		2323.29
357.7		2323.38
357.8		2323.47
357.9		2323.56
358		2323.65
358.1		2323.74
358.2		2323.83
358.3		2323.92
358.4		2324.01
358.5		2324.1
358.6		2324.19
358.7		2324.28
358.8		2324.37
358.9		2324.46
359		2324.54
359.1		2324.63
359.2		2324.72
359.3		2324.81
359.4		2324.9
359.5		2324.99
359.6		2325.08
359.7		2325.17
359.8		2325.26
359.9		2325.35
360		2325.43
360.1		2325.52
360.2		2325.61
360.3		2325.7
360.4		2325.79
360.5		2325.88
360.6		2325.96
360.7		2326.05
360.8		2326.14
360.9		2326.23
361		2326.32
361.1		2326.41
361.2		2326.49
361.3		2326.58
361.4		2326.67
361.5		2326.76
361.6		2326.84
361.7		2326.93
361.8		2327.02
361.9		2327.11
362		2327.19
362.1		2327.28
362.2		2327.37
362.3		2327.45
362.4		2327.54
362.5		2327.63
362.6		2327.72
362.7		2327.8
362.8		2327.89
362.9		2327.98
363		2328.06
363.1		2328.15
363.2		2328.24
363.3		2328.32
363.4		2328.41
363.5		2328.49
363.6		2328.58
363.7		2328.67
363.8		2328.75
363.9		2328.84
364		2328.92
364.1		2329.01
364.2		2329.1
364.3		2329.18
364.4		2329.27
364.5		2329.35
364.6		2329.44
364.7		2329.52
364.8		2329.61
364.9		2329.7
365		2329.78
365.1		2329.87
365.2		2329.95
365.3		2330.04
365.4		2330.12
365.5		2330.21
365.6		2330.29
365.7		2330.38
365.8		2330.46
365.9		2330.55
366		2330.63
366.1		2330.71
366.2		2330.8
366.3		2330.88
366.4		2330.97
366.5		2331.05
366.6		2331.14
366.7		2331.22
366.8		2331.3
366.9		2331.39
367		2331.47
367.1		2331.56
367.2		2331.64
367.3		2331.72
367.4		2331.81
367.5		2331.89
367.6		2331.97
367.7		2332.06
367.8		2332.14
367.9		2332.23
368		2332.31
368.1		2332.39
368.2		2332.48
368.3		2332.56
368.4		2332.64
368.5		2332.72
368.6		2332.81
368.7		2332.89
368.8		2332.97
368.9		2333.06
369		2333.14
369.1		2333.22
369.2		2333.3
369.3		2333.39
369.4		2333.47
369.5		2333.55
369.6		2333.63
369.7		2333.72
369.8		2333.8
369.9		2333.88
370		2333.96
370.1		2334.04
370.2		2334.13
370.3		2334.21
370.4		2334.29
370.5		2334.37
370.6		2334.45
370.7		2334.54
370.8		2334.62
370.9		2334.7
371		2334.78
371.1		2334.86
371.2		2334.94
371.3		2335.02
371.4		2335.11
371.5		2335.19
371.6		2335.27
371.7		2335.35
371.8		2335.43
371.9		2335.51
372		2335.59
372.1		2335.67
372.2		2335.75
372.3		2335.83
372.4		2335.91
372.5		2335.99
372.6		2336.07
372.7		2336.16
372.8		2336.24
372.9		2336.32
373		2336.4
373.1		2336.48
373.2		2336.56
373.3		2336.64
373.4		2336.72
373.5		2336.8
373.6		2336.88
373.7		2336.96
373.8		2337.04
373.9		2337.12
374		2337.2
374.1		2337.27
374.2		2337.35
374.3		2337.43
374.4		2337.51
374.5		2337.59
374.6		2337.67
374.7		2337.75
374.8		2337.83
374.9		2337.91
375		2337.99
375.1		2338.07
375.2		2338.15
375.3		2338.23
375.4		2338.3
375.5		2338.38
375.6		2338.46
375.7		2338.54
375.8		2338.62
375.9		2338.7
376		2338.78
376.1		2338.85
376.2		2338.93
376.3		2339.01
376.4		2339.09
376.5		2339.17
376.6		2339.24
376.7		2339.32
376.8		2339.4
376.9		2339.48
377		2339.56
377.1		2339.63
377.2		2339.71
377.3		2339.79
377.4		2339.87
377.5		2339.95
377.6		2340.02
377.7		2340.1
377.8		2340.18
377.9		2340.25
378		2340.33
378.1		2340.41
378.2		2340.49
378.3		2340.56
378.4		2340.64
378.5		2340.72
378.6		2340.79
378.7		2340.87
378.8		2340.95
378.9		2341.02
379		2341.1
379.1		2341.18
379.2		2341.25
379.3		2341.33
379.4		2341.41
379.5		2341.48
379.6		2341.56
379.7		2341.64
379.8		2341.71
379.9		2341.79
380		2341.87
380.1		2341.94
380.2		2342.02
380.3		2342.09
380.4		2342.17
380.5		2342.25
380.6		2342.32
380.7		2342.4
380.8		2342.47
380.9		2342.55
381		2342.62
381.1		2342.7
381.2		2342.77
381.3		2342.85
381.4		2342.93
381.5		2343
381.6		2343.08
381.7		2343.15
381.8		2343.23
381.9		2343.3
382		2343.38
382.1		2343.45
382.2		2343.53
382.3		2343.6
382.4		2343.68
382.5		2343.75
382.6		2343.83
382.7		2343.9
382.8		2343.97
382.9		2344.05
383		2344.12
383.1		2344.2
383.2		2344.27
383.3		2344.35
383.4		2344.42
383.5		2344.5
383.6		2344.57
383.7		2344.64
383.8		2344.72
383.9		2344.79
384		2344.87
384.1		2344.94
384.2		2345.01
384.3		2345.09
384.4		2345.16
384.5		2345.23
384.6		2345.31
384.7		2345.38
384.8		2345.45
384.9		2345.53
385		2345.6
385.1		2345.67
385.2		2345.75
385.3		2345.82
385.4		2345.89
385.5		2345.97
385.6		2346.04
385.7		2346.11
385.8		2346.19
385.9		2346.26
386		2346.33
386.1		2346.41
386.2		2346.48
386.3		2346.55
386.4		2346.62
386.5		2346.7
386.6		2346.77
386.7		2346.84
386.8		2346.91
386.9		2346.99
387		2347.06
387.1		2347.13
387.2		2347.2
387.3		2347.27
387.4		2347.35
387.5		2347.42
387.6		2347.49
387.7		2347.56
387.8		2347.63
387.9		2347.71
388		2347.78
388.1		2347.85
388.2		2347.92
388.3		2347.99
388.4		2348.06
388.5		2348.14
388.6		2348.21
388.7		2348.28
388.8		2348.35
388.9		2348.42
389		2348.49
389.1		2348.56
389.2		2348.64
389.3		2348.71
389.4		2348.78
389.5		2348.85
389.6		2348.92
389.7		2348.99
389.8		2349.06
389.9		2349.13
390		2349.2
390.1		2349.27
390.2		2349.34
390.3		2349.41
390.4		2349.49
390.5		2349.56
390.6		2349.63
390.7		2349.7
390.8		2349.77
390.9		2349.84
391		2349.91
391.1		2349.98
391.2		2350.05
391.3		2350.12
391.4		2350.19
391.5		2350.26
391.6		2350.33
391.7		2350.4
391.8		2350.47
391.9		2350.54
392		2350.61
392.1		2350.68
392.2		2350.75
392.3		2350.82
392.4		2350.89
392.5		2350.95
392.6		2351.02
392.7		2351.09
392.8		2351.16
392.9		2351.23
393		2351.3
393.1		2351.37
393.2		2351.44
393.3		2351.51
393.4		2351.58
393.5		2351.65
393.6		2351.72
393.7		2351.78
393.8		2351.85
393.9		2351.92
394		2351.99
394.1		2352.06
394.2		2352.13
394.3		2352.2
394.4		2352.27
394.5		2352.33
394.6		2352.4
394.7		2352.47
394.8		2352.54
394.9		2352.61
395		2352.68
395.1		2352.74
395.2		2352.81
395.3		2352.88
395.4		2352.95
395.5		2353.02
395.6		2353.08
395.7		2353.15
395.8		2353.22
395.9		2353.29
396		2353.36
396.1		2353.42
396.2		2353.49
396.3		2353.56
396.4		2353.63
396.5		2353.69
396.6		2353.76
396.7		2353.83
396.8		2353.9
396.9		2353.96
397		2354.03
397.1		2354.1
397.2		2354.16
397.3		2354.23
397.4		2354.3
397.5		2354.37
397.6		2354.43
397.7		2354.5
397.8		2354.57
397.9		2354.63
398		2354.7
398.1		2354.77
398.2		2354.83
398.3		2354.9
398.4		2354.97
398.5		2355.03
398.6		2355.1
398.7		2355.17
398.8		2355.23
398.9		2355.3
399		2355.37
399.1		2355.43
399.2		2355.5
399.3		2355.56
399.4		2355.63
399.5		2355.7
399.6		2355.76
399.7		2355.83
399.8		2355.89
399.9		2355.96
400		2356.03
400.1		2356.09
400.2		2356.16
400.3		2356.22
400.4		2356.29
400.5		2356.35
400.6		2356.42
400.7		2356.49
400.8		2356.55
400.9		2356.62
401		2356.68
401.1		2356.75
401.2		2356.81
401.3		2356.88
401.4		2356.94
401.5		2357.01
401.6		2357.07
401.7		2357.14
401.8		2357.2
401.9		2357.27
402		2357.33
402.1		2357.4
402.2		2357.46
402.3		2357.53
402.4		2357.59
402.5		2357.66
402.6		2357.72
402.7		2357.79
402.8		2357.85
402.9		2357.92
403		2357.98
403.1		2358.04
403.2		2358.11
403.3		2358.17
403.4		2358.24
403.5		2358.3
403.6		2358.37
403.7		2358.43
403.8		2358.49
403.9		2358.56
404		2358.62
404.1		2358.69
404.2		2358.75
404.3		2358.81
404.4		2358.88
404.5		2358.94
404.6		2359
404.7		2359.07
404.8		2359.13
404.9		2359.2
405		2359.26
405.1		2359.32
405.2		2359.39
405.3		2359.45
405.4		2359.51
405.5		2359.58
405.6		2359.64
405.7		2359.7
405.8		2359.77
405.9		2359.83
406		2359.89
406.1		2359.96
406.2		2360.02
406.3		2360.08
406.4		2360.14
406.5		2360.21
406.6		2360.27
406.7		2360.33
406.8		2360.4
406.9		2360.46
407		2360.52
407.1		2360.58
407.2		2360.65
407.3		2360.71
407.4		2360.77
407.5		2360.83
407.6		2360.9
407.7		2360.96
407.8		2361.02
407.9		2361.08
408		2361.15
408.1		2361.21
408.2		2361.27
408.3		2361.33
408.4		2361.39
408.5		2361.46
408.6		2361.52
408.7		2361.58
408.8		2361.64
408.9		2361.7
409		2361.77
409.1		2361.83
409.2		2361.89
409.3		2361.95
409.4		2362.01
409.5		2362.07
409.6		2362.14
409.7		2362.2
409.8		2362.26
409.9		2362.32
410		2362.38
410.1		2362.44
410.2		2362.5
410.3		2362.57
410.4		2362.63
410.5		2362.69
410.6		2362.75
410.7		2362.81
410.8		2362.87
410.9		2362.93
411		2362.99
411.1		2363.05
411.2		2363.11
411.3		2363.18
411.4		2363.24
411.5		2363.3
411.6		2363.36
411.7		2363.42
411.8		2363.48
411.9		2363.54
412		2363.6
412.1		2363.66
412.2		2363.72
412.3		2363.78
412.4		2363.84
412.5		2363.9
412.6		2363.96
412.7		2364.02
412.8		2364.08
412.9		2364.14
413		2364.2
413.1		2364.26
413.2		2364.32
413.3		2364.38
413.4		2364.44
413.5		2364.5
413.6		2364.56
413.7		2364.62
413.8		2364.68
413.9		2364.74
414		2364.8
414.1		2364.86
414.2		2364.92
414.3		2364.98
414.4		2365.04
414.5		2365.1
414.6		2365.16
414.7		2365.22
414.8		2365.28
414.9		2365.34
415		2365.4
415.1		2365.46
415.2		2365.52
415.3		2365.57
415.4		2365.63
415.5		2365.69
415.6		2365.75
415.7		2365.81
415.8		2365.87
415.9		2365.93
416		2365.99
416.1		2366.05
416.2		2366.1
416.3		2366.16
416.4		2366.22
416.5		2366.28
416.6		2366.34
416.7		2366.4
416.8		2366.46
416.9		2366.52
417		2366.57
417.1		2366.63
417.2		2366.69
417.3		2366.75
417.4		2366.81
417.5		2366.87
417.6		2366.92
417.7		2366.98
417.8		2367.04
417.9		2367.1
418		2367.16
418.1		2367.21
418.2		2367.27
418.3		2367.33
418.4		2367.39
418.5		2367.45
418.6		2367.5
418.7		2367.56
418.8		2367.62
418.9		2367.68
419		2367.74
419.1		2367.79
419.2		2367.85
419.3		2367.91
419.4		2367.97
419.5		2368.02
419.6		2368.08
419.7		2368.14
419.8		2368.2
419.9		2368.25
420		2368.31
420.1		2368.37
420.2		2368.42
420.3		2368.48
420.4		2368.54
420.5		2368.6
420.6		2368.65
420.7		2368.71
420.8		2368.77
420.9		2368.82
421		2368.88
421.1		2368.94
421.2		2368.99
421.3		2369.05
421.4		2369.11
421.5		2369.16
421.6		2369.22
421.7		2369.28
421.8		2369.33
421.9		2369.39
422		2369.45
422.1		2369.5
422.2		2369.56
422.3		2369.62
422.4		2369.67
422.5		2369.73
422.6		2369.79
422.7		2369.84
422.8		2369.9
422.9		2369.96
423		2370.01
423.1		2370.07
423.2		2370.12
423.3		2370.18
423.4		2370.24
423.5		2370.29
423.6		2370.35
423.7		2370.4
423.8		2370.46
423.9		2370.51
424		2370.57
424.1		2370.63
424.2		2370.68
424.3		2370.74
424.4		2370.79
424.5		2370.85
424.6		2370.9
424.7		2370.96
424.8		2371.02
424.9		2371.07
425		2371.13
425.1		2371.18
425.2		2371.24
425.3		2371.29
425.4		2371.35
425.5		2371.4
425.6		2371.46
425.7		2371.51
425.8		2371.57
425.9		2371.62
426		2371.68
426.1		2371.73
426.2		2371.79
426.3		2371.84
426.4		2371.9
426.5		2371.95
426.6		2372.01
426.7		2372.06
426.8		2372.12
426.9		2372.17
427		2372.23
427.1		2372.28
427.2		2372.34
427.3		2372.39
427.4		2372.44
427.5		2372.5
427.6		2372.55
427.7		2372.61
427.8		2372.66
427.9		2372.72
428		2372.77
428.1		2372.83
428.2		2372.88
428.3		2372.93
428.4		2372.99
428.5		2373.04
428.6		2373.1
428.7		2373.15
428.8		2373.2
428.9		2373.26
429		2373.31
429.1		2373.37
429.2		2373.42
429.3		2373.47
429.4		2373.53
429.5		2373.58
429.6		2373.63
429.7		2373.69
429.8		2373.74
429.9		2373.8
430		2373.85
430.1		2373.9
430.2		2373.96
430.3		2374.01
430.4		2374.06
430.5		2374.12
430.6		2374.17
430.7		2374.22
430.8		2374.28
430.9		2374.33
431		2374.38
431.1		2374.44
431.2		2374.49
431.3		2374.54
431.4		2374.6
431.5		2374.65
431.6		2374.7
431.7		2374.75
431.8		2374.81
431.9		2374.86
432		2374.91
432.1		2374.97
432.2		2375.02
432.3		2375.07
432.4		2375.12
432.5		2375.18
432.6		2375.23
432.7		2375.28
432.8		2375.33
432.9		2375.39
433		2375.44
433.1		2375.49
433.2		2375.54
433.3		2375.6
433.4		2375.65
433.5		2375.7
433.6		2375.75
433.7		2375.81
433.8		2375.86
433.9		2375.91
434		2375.96
434.1		2376.02
434.2		2376.07
434.3		2376.12
434.4		2376.17
434.5		2376.22
434.6		2376.28
434.7		2376.33
434.8		2376.38
434.9		2376.43
435		2376.48
435.1		2376.53
435.2		2376.59
435.3		2376.64
435.4		2376.69
435.5		2376.74
435.6		2376.79
435.7		2376.84
435.8		2376.9
435.9		2376.95
436		2377
436.1		2377.05
436.2		2377.1
436.3		2377.15
436.4		2377.21
436.5		2377.26
436.6		2377.31
436.7		2377.36
436.8		2377.41
436.9		2377.46
437		2377.51
437.1		2377.56
437.2		2377.61
437.3		2377.67
437.4		2377.72
437.5		2377.77
437.6		2377.82
437.7		2377.87
437.8		2377.92
437.9		2377.97
438		2378.02
438.1		2378.07
438.2		2378.12
438.3		2378.17
438.4		2378.23
438.5		2378.28
438.6		2378.33
438.7		2378.38
438.8		2378.43
438.9		2378.48
439		2378.53
439.1		2378.58
439.2		2378.63
439.3		2378.68
439.4		2378.73
439.5		2378.78
439.6		2378.83
439.7		2378.88
439.8		2378.93
439.9		2378.98
440		2379.03
440.1		2379.08
440.2		2379.13
440.3		2379.18
440.4		2379.23
440.5		2379.28
440.6		2379.33
440.7		2379.38
440.8		2379.43
440.9		2379.48
441		2379.53
441.1		2379.58
441.2		2379.63
441.3		2379.68
441.4		2379.73
441.5		2379.78
441.6		2379.83
441.7		2379.88
441.8		2379.93
441.9		2379.98
442		2380.03
442.1		2380.08
442.2		2380.13
442.3		2380.18
442.4		2380.23
442.5		2380.28
442.6		2380.32
442.7		2380.37
442.8		2380.42
442.9		2380.47
443		2380.52
443.1		2380.57
443.2		2380.62
443.3		2380.67
443.4		2380.72
443.5		2380.77
443.6		2380.82
443.7		2380.86
443.8		2380.91
443.9		2380.96
444		2381.01
444.1		2381.06
444.2		2381.11
444.3		2381.16
444.4		2381.21
444.5		2381.26
444.6		2381.3
444.7		2381.35
444.8		2381.4
444.9		2381.45
445		2381.5
445.1		2381.55
445.2		2381.6
445.3		2381.64
445.4		2381.69
445.5		2381.74
445.6		2381.79
445.7		2381.84
445.8		2381.89
445.9		2381.93
446		2381.98
446.1		2382.03
446.2		2382.08
446.3		2382.13
446.4		2382.18
446.5		2382.22
446.6		2382.27
446.7		2382.32
446.8		2382.37
446.9		2382.42
447		2382.46
447.1		2382.51
447.2		2382.56
447.3		2382.61
447.4		2382.65
447.5		2382.7
447.6		2382.75
447.7		2382.8
447.8		2382.85
447.9		2382.89
448		2382.94
448.1		2382.99
448.2		2383.04
448.3		2383.08
448.4		2383.13
448.5		2383.18
448.6		2383.23
448.7		2383.27
448.8		2383.32
448.9		2383.37
449		2383.42
449.1		2383.46
449.2		2383.51
449.3		2383.56
449.4		2383.6
449.5		2383.65
449.6		2383.7
449.7		2383.75
449.8		2383.79
449.9		2383.84
450		2383.89
450.1		2383.93
450.2		2383.98
450.3		2384.03
450.4		2384.07
450.5		2384.12
450.6		2384.17
450.7		2384.22
450.8		2384.26
450.9		2384.31
451		2384.36
451.1		2384.4
451.2		2384.45
451.3		2384.5
451.4		2384.54
451.5		2384.59
451.6		2384.64
451.7		2384.68
451.8		2384.73
451.9		2384.77
452		2384.82
452.1		2384.87
452.2		2384.91
452.3		2384.96
452.4		2385.01
452.5		2385.05
452.6		2385.1
452.7		2385.15
452.8		2385.19
452.9		2385.24
453		2385.28
453.1		2385.33
453.2		2385.38
453.3		2385.42
453.4		2385.47
453.5		2385.51
453.6		2385.56
453.7		2385.61
453.8		2385.65
453.9		2385.7
454		2385.74
454.1		2385.79
454.2		2385.84
454.3		2385.88
454.4		2385.93
454.5		2385.97
454.6		2386.02
454.7		2386.06
454.8		2386.11
454.9		2386.16
455		2386.2
455.1		2386.25
455.2		2386.29
455.3		2386.34
455.4		2386.38
455.5		2386.43
455.6		2386.47
455.7		2386.52
455.8		2386.56
455.9		2386.61
456		2386.65
456.1		2386.7
456.2		2386.75
456.3		2386.79
456.4		2386.84
456.5		2386.88
456.6		2386.93
456.7		2386.97
456.8		2387.02
456.9		2387.06
457		2387.11
457.1		2387.15
457.2		2387.2
457.3		2387.24
457.4		2387.29
457.5		2387.33
457.6		2387.38
457.7		2387.42
457.8		2387.46
457.9		2387.51
458		2387.55
458.1		2387.6
458.2		2387.64
458.3		2387.69
458.4		2387.73
458.5		2387.78
458.6		2387.82
458.7		2387.87
458.8		2387.91
458.9		2387.96
459		2388
459.1		2388.04
459.2		2388.09
459.3		2388.13
459.4		2388.18
459.5		2388.22
459.6		2388.27
459.7		2388.31
459.8		2388.35
459.9		2388.4
460		2388.44
460.1		2388.49
460.2		2388.53
460.3		2388.57
460.4		2388.62
460.5		2388.66
460.6		2388.71
460.7		2388.75
460.8		2388.79
460.9		2388.84
461		2388.88
461.1		2388.93
461.2		2388.97
461.3		2389.01
461.4		2389.06
461.5		2389.1
461.6		2389.14
461.7		2389.19
461.8		2389.23
461.9		2389.28
462		2389.32
462.1		2389.36
462.2		2389.41
462.3		2389.45
462.4		2389.49
462.5		2389.54
462.6		2389.58
462.7		2389.62
462.8		2389.67
462.9		2389.71
463		2389.75
463.1		2389.8
463.2		2389.84
463.3		2389.88
463.4		2389.93
463.5		2389.97
463.6		2390.01
463.7		2390.06
463.8		2390.1
463.9		2390.14
464		2390.19
464.1		2390.23
464.2		2390.27
464.3		2390.31
464.4		2390.36
464.5		2390.4
464.6		2390.44
464.7		2390.49
464.8		2390.53
464.9		2390.57
465		2390.61
465.1		2390.66
465.2		2390.7
465.3		2390.74
465.4		2390.79
465.5		2390.83
465.6		2390.87
465.7		2390.91
465.8		2390.96
465.9		2391
466		2391.04
466.1		2391.08
466.2		2391.13
466.3		2391.17
466.4		2391.21
466.5		2391.25
466.6		2391.3
466.7		2391.34
466.8		2391.38
466.9		2391.42
467		2391.46
467.1		2391.51
467.2		2391.55
467.3		2391.59
467.4		2391.63
467.5		2391.68
467.6		2391.72
467.7		2391.76
467.8		2391.8
467.9		2391.84
468		2391.89
468.1		2391.93
468.2		2391.97
468.3		2392.01
468.4		2392.05
468.5		2392.1
468.6		2392.14
468.7		2392.18
468.8		2392.22
468.9		2392.26
469		2392.3
469.1		2392.35
469.2		2392.39
469.3		2392.43
469.4		2392.47
469.5		2392.51
469.6		2392.55
469.7		2392.6
469.8		2392.64
469.9		2392.68
470		2392.72
470.1		2392.76
470.2		2392.8
470.3		2392.85
470.4		2392.89
470.5		2392.93
470.6		2392.97
470.7		2393.01
470.8		2393.05
470.9		2393.09
471		2393.13
471.1		2393.18
471.2		2393.22
471.3		2393.26
471.4		2393.3
471.5		2393.34
471.6		2393.38
471.7		2393.42
471.8		2393.46
471.9		2393.5
472		2393.55
472.1		2393.59
472.2		2393.63
472.3		2393.67
472.4		2393.71
472.5		2393.75
472.6		2393.79
472.7		2393.83
472.8		2393.87
472.9		2393.91
473		2393.95
473.1		2393.99
473.2		2394.04
473.3		2394.08
473.4		2394.12
473.5		2394.16
473.6		2394.2
473.7		2394.24
473.8		2394.28
473.9		2394.32
474		2394.36
474.1		2394.4
474.2		2394.44
474.3		2394.48
474.4		2394.52
474.5		2394.56
474.6		2394.6
474.7		2394.64
474.8		2394.68
474.9		2394.72
475		2394.76
475.1		2394.8
475.2		2394.84
475.3		2394.88
475.4		2394.92
475.5		2394.96
475.6		2395
475.7		2395.04
475.8		2395.08
475.9		2395.12
476		2395.16
476.1		2395.2
476.2		2395.24
476.3		2395.28
476.4		2395.32
476.5		2395.36
476.6		2395.4
476.7		2395.44
476.8		2395.48
476.9		2395.52
477		2395.56
477.1		2395.6
477.2		2395.64
477.3		2395.68
477.4		2395.72
477.5		2395.76
477.6		2395.8
477.7		2395.84
477.8		2395.88
477.9		2395.92
478		2395.96
478.1		2396
478.2		2396.04
478.3		2396.08
478.4		2396.12
478.5		2396.16
478.6		2396.2
478.7		2396.24
478.8		2396.27
478.9		2396.31
479		2396.35
479.1		2396.39
479.2		2396.43
479.3		2396.47
479.4		2396.51
479.5		2396.55
479.6		2396.59
479.7		2396.63
479.8		2396.67
479.9		2396.71
480		2396.74
480.1		2396.78
480.2		2396.82
480.3		2396.86
480.4		2396.9
480.5		2396.94
480.6		2396.98
480.7		2397.02
480.8		2397.06
480.9		2397.1
481		2397.13
481.1		2397.17
481.2		2397.21
481.3		2397.25
481.4		2397.29
481.5		2397.33
481.6		2397.37
481.7		2397.41
481.8		2397.44
481.9		2397.48
482		2397.52
482.1		2397.56
482.2		2397.6
482.3		2397.64
482.4		2397.68
482.5		2397.71
482.6		2397.75
482.7		2397.79
482.8		2397.83
482.9		2397.87
483		2397.91
483.1		2397.94
483.2		2397.98
483.3		2398.02
483.4		2398.06
483.5		2398.1
483.6		2398.14
483.7		2398.17
483.8		2398.21
483.9		2398.25
484		2398.29
484.1		2398.33
484.2		2398.36
484.3		2398.4
484.4		2398.44
484.5		2398.48
484.6		2398.52
484.7		2398.55
484.8		2398.59
484.9		2398.63
485		2398.67
485.1		2398.71
485.2		2398.74
485.3		2398.78
485.4		2398.82
485.5		2398.86
485.6		2398.89
485.7		2398.93
485.8		2398.97
485.9		2399.01
486		2399.05
486.1		2399.08
486.2		2399.12
486.3		2399.16
486.4		2399.2
486.5		2399.23
486.6		2399.27
486.7		2399.31
486.8		2399.35
486.9		2399.38
487		2399.42
487.1		2399.46
487.2		2399.5
487.3		2399.53
487.4		2399.57
487.5		2399.61
487.6		2399.65
487.7		2399.68
487.8		2399.72
487.9		2399.76
488		2399.79
488.1		2399.83
488.2		2399.87
488.3		2399.91
488.4		2399.94
488.5		2399.98
488.6		2400.02
488.7		2400.05
488.8		2400.09
488.9		2400.13
489		2400.17
489.1		2400.2
489.2		2400.24
489.3		2400.28
489.4		2400.31
489.5		2400.35
489.6		2400.39
489.7		2400.42
489.8		2400.46
489.9		2400.5
490		2400.53
490.1		2400.57
490.2		2400.61
490.3		2400.64
490.4		2400.68
490.5		2400.72
490.6		2400.75
490.7		2400.79
490.8		2400.83
490.9		2400.86
491		2400.9
491.1		2400.94
491.2		2400.97
491.3		2401.01
491.4		2401.05
491.5		2401.08
491.6		2401.12
491.7		2401.16
491.8		2401.19
491.9		2401.23
492		2401.27
492.1		2401.3
492.2		2401.34
492.3		2401.37
492.4		2401.41
492.5		2401.45
492.6		2401.48
492.7		2401.52
492.8		2401.56
492.9		2401.59
493		2401.63
493.1		2401.66
493.2		2401.7
493.3		2401.74
493.4		2401.77
493.5		2401.81
493.6		2401.84
493.7		2401.88
493.8		2401.92
493.9		2401.95
494		2401.99
494.1		2402.02
494.2		2402.06
494.3		2402.1
494.4		2402.13
494.5		2402.17
494.6		2402.2
494.7		2402.24
494.8		2402.27
494.9		2402.31
495		2402.35
495.1		2402.38
495.2		2402.42
495.3		2402.45
495.4		2402.49
495.5		2402.52
495.6		2402.56
495.7		2402.6
495.8		2402.63
495.9		2402.67
496		2402.7
496.1		2402.74
496.2		2402.77
496.3		2402.81
496.4		2402.84
496.5		2402.88
496.6		2402.91
496.7		2402.95
496.8		2402.99
496.9		2403.02
497		2403.06
497.1		2403.09
497.2		2403.13
497.3		2403.16
497.4		2403.2
497.5		2403.23
497.6		2403.27
497.7		2403.3
497.8		2403.34
497.9		2403.37
498		2403.41
498.1		2403.44
498.2		2403.48
498.3		2403.51
498.4		2403.55
498.5		2403.58
498.6		2403.62
498.7		2403.65
498.8		2403.69
498.9		2403.72
499		2403.76
499.1		2403.79
499.2		2403.83
499.3		2403.86
499.4		2403.9
499.5		2403.93
499.6		2403.97
499.7		2404
499.8		2404.04
499.9		2404.07
