x		Spherical-Bessel-Function
0			0
0.01			0.00033329
0.02			0.000942667
0.03			0.00173173
0.04			0.00266604
0.05			0.00372566
0.06			0.00489712
0.07			0.00617051
0.08			0.00753811
0.09			0.0089937
0.1			0.0105321
0.11			0.012149
0.12			0.0138405
0.13			0.0156033
0.14			0.0174345
0.15			0.0193315
0.16			0.0212918
0.17			0.0233132
0.18			0.0253939
0.19			0.0275319
0.2			0.0297255
0.21			0.0319732
0.22			0.0342735
0.23			0.0366249
0.24			0.0390261
0.25			0.041476
0.26			0.0439732
0.27			0.0465167
0.28			0.0491055
0.29			0.0517384
0.3			0.0544145
0.31			0.0571328
0.32			0.0598925
0.33			0.0626927
0.34			0.0655324
0.35			0.0684109
0.36			0.0713275
0.37			0.0742812
0.38			0.0772714
0.39			0.0802973
0.4			0.0833583
0.41			0.0864536
0.42			0.0895825
0.43			0.0927444
0.44			0.0959387
0.45			0.0991647
0.46			0.102422
0.47			0.105709
0.48			0.109027
0.49			0.112374
0.5			0.115749
0.51			0.119153
0.52			0.122584
0.53			0.126042
0.54			0.129527
0.55			0.133037
0.56			0.136574
0.57			0.140135
0.58			0.14372
0.59			0.147329
0.6			0.150962
0.61			0.154618
0.62			0.158296
0.63			0.161996
0.64			0.165717
0.65			0.16946
0.66			0.173223
0.67			0.177005
0.68			0.180808
0.69			0.18463
0.7			0.18847
0.71			0.192328
0.72			0.196204
0.73			0.200098
0.74			0.204008
0.75			0.207935
0.76			0.211878
0.77			0.215837
0.78			0.21981
0.79			0.223798
0.8			0.227801
0.81			0.231817
0.82			0.235847
0.83			0.23989
0.84			0.243946
0.85			0.248014
0.86			0.252093
0.87			0.256185
0.88			0.260287
0.89			0.264399
0.9			0.268522
0.91			0.272655
0.92			0.276797
0.93			0.280949
0.94			0.285108
0.95			0.289277
0.96			0.293453
0.97			0.297636
0.98			0.301827
0.99			0.306024
1			0.310228
1.01			0.314437
1.02			0.318653
1.03			0.322873
1.04			0.327099
1.05			0.331328
1.06			0.335562
1.07			0.3398
1.08			0.344041
1.09			0.348285
1.1			0.352532
1.11			0.356781
1.12			0.361032
1.13			0.365285
1.14			0.369539
1.15			0.373794
1.16			0.378049
1.17			0.382305
1.18			0.38656
1.19			0.390815
1.2			0.395069
1.21			0.399322
1.22			0.403573
1.23			0.407822
1.24			0.41207
1.25			0.416314
1.26			0.420556
1.27			0.424795
1.28			0.42903
1.29			0.433261
1.3			0.437488
1.31			0.44171
1.32			0.445928
1.33			0.450141
1.34			0.454348
1.35			0.458549
1.36			0.462744
1.37			0.466932
1.38			0.471114
1.39			0.475289
1.4			0.479456
1.41			0.483616
1.42			0.487768
1.43			0.491911
1.44			0.496046
1.45			0.500171
1.46			0.504288
1.47			0.508395
1.48			0.512493
1.49			0.51658
1.5			0.520657
1.51			0.524723
1.52			0.528778
1.53			0.532822
1.54			0.536854
1.55			0.540874
1.56			0.544883
1.57			0.548879
1.58			0.552862
1.59			0.556832
1.6			0.56079
1.61			0.564733
1.62			0.568663
1.63			0.572579
1.64			0.57648
1.65			0.580367
1.66			0.584239
1.67			0.588096
1.68			0.591938
1.69			0.595764
1.7			0.599574
1.71			0.603368
1.72			0.607145
1.73			0.610906
1.74			0.61465
1.75			0.618377
1.76			0.622087
1.77			0.625779
1.78			0.629453
1.79			0.633109
1.8			0.636747
1.81			0.640366
1.82			0.643966
1.83			0.647548
1.84			0.65111
1.85			0.654653
1.86			0.658176
1.87			0.661679
1.88			0.665162
1.89			0.668624
1.9			0.672066
1.91			0.675488
1.92			0.678888
1.93			0.682267
1.94			0.685625
1.95			0.688961
1.96			0.692276
1.97			0.695568
1.98			0.698838
1.99			0.702086
2			0.705312
2.01			0.708514
2.02			0.711694
2.03			0.71485
2.04			0.717984
2.05			0.721093
2.06			0.724179
2.07			0.727242
2.08			0.73028
2.09			0.733294
2.1			0.736284
2.11			0.739249
2.12			0.742189
2.13			0.745105
2.14			0.747996
2.15			0.750861
2.16			0.753701
2.17			0.756516
2.18			0.759305
2.19			0.762069
2.2			0.764806
2.21			0.767518
2.22			0.770203
2.23			0.772862
2.24			0.775495
2.25			0.778101
2.26			0.78068
2.27			0.783233
2.28			0.785758
2.29			0.788256
2.3			0.790728
2.31			0.793172
2.32			0.795588
2.33			0.797977
2.34			0.800338
2.35			0.802672
2.36			0.804978
2.37			0.807255
2.38			0.809505
2.39			0.811727
2.4			0.81392
2.41			0.816085
2.42			0.818221
2.43			0.820329
2.44			0.822409
2.45			0.824459
2.46			0.826481
2.47			0.828474
2.48			0.830438
2.49			0.832374
2.5			0.83428
2.51			0.836157
2.52			0.838004
2.53			0.839823
2.54			0.841612
2.55			0.843372
2.56			0.845103
2.57			0.846804
2.58			0.848475
2.59			0.850117
2.6			0.851729
2.61			0.853312
2.62			0.854865
2.63			0.856388
2.64			0.857882
2.65			0.859346
2.66			0.86078
2.67			0.862184
2.68			0.863558
2.69			0.864902
2.7			0.866217
2.71			0.867501
2.72			0.868756
2.73			0.86998
2.74			0.871175
2.75			0.87234
2.76			0.873475
2.77			0.874579
2.78			0.875654
2.79			0.876699
2.8			0.877714
2.81			0.878699
2.82			0.879654
2.83			0.880579
2.84			0.881474
2.85			0.88234
2.86			0.883175
2.87			0.883981
2.88			0.884757
2.89			0.885503
2.9			0.886219
2.91			0.886906
2.92			0.887563
2.93			0.88819
2.94			0.888787
2.95			0.889355
2.96			0.889894
2.97			0.890403
2.98			0.890883
2.99			0.891333
3			0.891754
3.01			0.892146
3.02			0.892508
3.03			0.892842
3.04			0.893146
3.05			0.893421
3.06			0.893667
3.07			0.893885
3.08			0.894074
3.09			0.894234
3.1			0.894365
3.11			0.894468
3.12			0.894542
3.13			0.894588
3.14			0.894605
3.15			0.894595
3.16			0.894556
3.17			0.894489
3.18			0.894394
3.19			0.894271
3.2			0.894121
3.21			0.893943
3.22			0.893737
3.23			0.893504
3.24			0.893244
3.25			0.892956
3.26			0.892642
3.27			0.8923
3.28			0.891931
3.29			0.891536
3.3			0.891114
3.31			0.890665
3.32			0.89019
3.33			0.889689
3.34			0.889162
3.35			0.888609
3.36			0.888029
3.37			0.887424
3.38			0.886794
3.39			0.886138
3.4			0.885456
3.41			0.88475
3.42			0.884018
3.43			0.883261
3.44			0.88248
3.45			0.881674
3.46			0.880843
3.47			0.879989
3.48			0.87911
3.49			0.878207
3.5			0.87728
3.51			0.87633
3.52			0.875356
3.53			0.874358
3.54			0.873338
3.55			0.872294
3.56			0.871228
3.57			0.870138
3.58			0.869027
3.59			0.867893
3.6			0.866736
3.61			0.865558
3.62			0.864358
3.63			0.863136
3.64			0.861893
3.65			0.860628
3.66			0.859343
3.67			0.858036
3.68			0.856709
3.69			0.855361
3.7			0.853993
3.71			0.852604
3.72			0.851196
3.73			0.849767
3.74			0.848319
3.75			0.846852
3.76			0.845366
3.77			0.84386
3.78			0.842336
3.79			0.840793
3.8			0.839231
3.81			0.837652
3.82			0.836054
3.83			0.834439
3.84			0.832805
3.85			0.831155
3.86			0.829487
3.87			0.827803
3.88			0.826101
3.89			0.824383
3.9			0.822649
3.91			0.820898
3.92			0.819132
3.93			0.817349
3.94			0.815552
3.95			0.813739
3.96			0.81191
3.97			0.810068
3.98			0.80821
3.99			0.806338
4			0.804452
4.01			0.802552
4.02			0.800638
4.03			0.79871
4.04			0.796769
4.05			0.794816
4.06			0.792849
4.07			0.790869
4.08			0.788878
4.09			0.786874
4.1			0.784858
4.11			0.78283
4.12			0.780791
4.13			0.778741
4.14			0.776679
4.15			0.774607
4.16			0.772524
4.17			0.770431
4.18			0.768327
4.19			0.766214
4.2			0.764091
4.21			0.761959
4.22			0.759817
4.23			0.757667
4.24			0.755507
4.25			0.75334
4.26			0.751164
4.27			0.74898
4.28			0.746788
4.29			0.744588
4.3			0.742382
4.31			0.740168
4.32			0.737947
4.33			0.73572
4.34			0.733486
4.35			0.731246
4.36			0.729
4.37			0.726749
4.38			0.724492
4.39			0.72223
4.4			0.719963
4.41			0.717691
4.42			0.715414
4.43			0.713134
4.44			0.710849
4.45			0.70856
4.46			0.706268
4.47			0.703973
4.48			0.701674
4.49			0.699373
4.5			0.697068
4.51			0.694762
4.52			0.692453
4.53			0.690143
4.54			0.68783
4.55			0.685516
4.56			0.683201
4.57			0.680885
4.58			0.678568
4.59			0.676251
4.6			0.673933
4.61			0.671615
4.62			0.669298
4.63			0.66698
4.64			0.664663
4.65			0.662347
4.66			0.660032
4.67			0.657719
4.68			0.655407
4.69			0.653096
4.7			0.650788
4.71			0.648481
4.72			0.646177
4.73			0.643876
4.74			0.641577
4.75			0.639282
4.76			0.63699
4.77			0.634701
4.78			0.632416
4.79			0.630135
4.8			0.627858
4.81			0.625586
4.82			0.623318
4.83			0.621055
4.84			0.618796
4.85			0.616543
4.86			0.614296
4.87			0.612054
4.88			0.609818
4.89			0.607588
4.9			0.605364
4.91			0.603147
4.92			0.600937
4.93			0.598733
4.94			0.596536
4.95			0.594347
4.96			0.592165
4.97			0.589991
4.98			0.587825
4.99			0.585667
5			0.583517
5.01			0.581376
5.02			0.579243
5.03			0.57712
5.04			0.575005
5.05			0.5729
5.06			0.570804
5.07			0.568717
5.08			0.566641
5.09			0.564574
5.1			0.562518
5.11			0.560472
5.12			0.558437
5.13			0.556412
5.14			0.554398
5.15			0.552396
5.16			0.550404
5.17			0.548424
5.18			0.546456
5.19			0.544499
5.2			0.542555
5.21			0.540623
5.22			0.538702
5.23			0.536795
5.24			0.5349
5.25			0.533018
5.26			0.531148
5.27			0.529292
5.28			0.527449
5.29			0.52562
5.3			0.523804
5.31			0.522002
5.32			0.520214
5.33			0.51844
5.34			0.51668
5.35			0.514934
5.36			0.513203
5.37			0.511487
5.38			0.509785
5.39			0.508098
5.4			0.506427
5.41			0.50477
5.42			0.503129
5.43			0.501503
5.44			0.499893
5.45			0.498299
5.46			0.49672
5.47			0.495158
5.48			0.493611
5.49			0.492081
5.5			0.490567
5.51			0.48907
5.52			0.487589
5.53			0.486125
5.54			0.484677
5.55			0.483247
5.56			0.481834
5.57			0.480438
5.58			0.479059
5.59			0.477697
5.6			0.476353
5.61			0.475027
5.62			0.473718
5.63			0.472427
5.64			0.471154
5.65			0.469899
5.66			0.468662
5.67			0.467443
5.68			0.466242
5.69			0.46506
5.7			0.463896
5.71			0.46275
5.72			0.461624
5.73			0.460515
5.74			0.459426
5.75			0.458355
5.76			0.457303
5.77			0.45627
5.78			0.455256
5.79			0.454262
5.8			0.453286
5.81			0.45233
5.82			0.451392
5.83			0.450475
5.84			0.449576
5.85			0.448697
5.86			0.447838
5.87			0.446998
5.88			0.446178
5.89			0.445377
5.9			0.444596
5.91			0.443835
5.92			0.443093
5.93			0.442372
5.94			0.44167
5.95			0.440988
5.96			0.440326
5.97			0.439684
5.98			0.439062
5.99			0.43846
6			0.437879
6.01			0.437317
6.02			0.436775
6.03			0.436253
6.04			0.435752
6.05			0.435271
6.06			0.43481
6.07			0.434369
6.08			0.433948
6.09			0.433547
6.1			0.433167
6.11			0.432807
6.12			0.432467
6.13			0.432147
6.14			0.431847
6.15			0.431568
6.16			0.431309
6.17			0.43107
6.18			0.430851
6.19			0.430653
6.2			0.430474
6.21			0.430316
6.22			0.430178
6.23			0.43006
6.24			0.429962
6.25			0.429884
6.26			0.429826
6.27			0.429788
6.28			0.42977
6.29			0.429772
6.3			0.429794
6.31			0.429836
6.32			0.429898
6.33			0.429979
6.34			0.430081
6.35			0.430202
6.36			0.430343
6.37			0.430503
6.38			0.430683
6.39			0.430883
6.4			0.431102
6.41			0.43134
6.42			0.431598
6.43			0.431876
6.44			0.432172
6.45			0.432488
6.46			0.432823
6.47			0.433177
6.48			0.43355
6.49			0.433942
6.5			0.434353
6.51			0.434782
6.52			0.435231
6.53			0.435698
6.54			0.436184
6.55			0.436688
6.56			0.437211
6.57			0.437752
6.58			0.438311
6.59			0.438889
6.6			0.439485
6.61			0.440099
6.62			0.44073
6.63			0.44138
6.64			0.442047
6.65			0.442732
6.66			0.443435
6.67			0.444155
6.68			0.444892
6.69			0.445647
6.7			0.446419
6.71			0.447208
6.72			0.448014
6.73			0.448837
6.74			0.449676
6.75			0.450533
6.76			0.451405
6.77			0.452295
6.78			0.4532
6.79			0.454122
6.8			0.45506
6.81			0.456013
6.82			0.456983
6.83			0.457968
6.84			0.458969
6.85			0.459986
6.86			0.461018
6.87			0.462065
6.88			0.463127
6.89			0.464204
6.9			0.465296
6.91			0.466403
6.92			0.467525
6.93			0.46866
6.94			0.469811
6.95			0.470975
6.96			0.472153
6.97			0.473346
6.98			0.474552
6.99			0.475772
7			0.477005
7.01			0.478252
7.02			0.479511
7.03			0.480784
7.04			0.48207
7.05			0.483369
7.06			0.48468
7.07			0.486004
7.08			0.48734
7.09			0.488688
7.1			0.490048
7.11			0.491421
7.12			0.492804
7.13			0.4942
7.14			0.495607
7.15			0.497025
7.16			0.498454
7.17			0.499895
7.18			0.501346
7.19			0.502807
7.2			0.504279
7.21			0.505762
7.22			0.507254
7.23			0.508757
7.24			0.510269
7.25			0.511791
7.26			0.513323
7.27			0.514863
7.28			0.516413
7.29			0.517972
7.3			0.51954
7.31			0.521117
7.32			0.522702
7.33			0.524295
7.34			0.525896
7.35			0.527506
7.36			0.529123
7.37			0.530748
7.38			0.53238
7.39			0.53402
7.4			0.535666
7.41			0.53732
7.42			0.53898
7.43			0.540647
7.44			0.542321
7.45			0.544
7.46			0.545686
7.47			0.547378
7.48			0.549075
7.49			0.550778
7.5			0.552486
7.51			0.5542
7.52			0.555918
7.53			0.557641
7.54			0.559369
7.55			0.561102
7.56			0.562839
7.57			0.564579
7.58			0.566324
7.59			0.568073
7.6			0.569825
7.61			0.57158
7.62			0.573339
7.63			0.575101
7.64			0.576865
7.65			0.578633
7.66			0.580402
7.67			0.582175
7.68			0.583949
7.69			0.585725
7.7			0.587503
7.71			0.589283
7.72			0.591064
7.73			0.592846
7.74			0.59463
7.75			0.596414
7.76			0.598199
7.77			0.599984
7.78			0.60177
7.79			0.603556
7.8			0.605342
7.81			0.607128
7.82			0.608914
7.83			0.610699
7.84			0.612483
7.85			0.614266
7.86			0.616048
7.87			0.61783
7.88			0.619609
7.89			0.621387
7.9			0.623163
7.91			0.624938
7.92			0.62671
7.93			0.62848
7.94			0.630247
7.95			0.632012
7.96			0.633774
7.97			0.635533
7.98			0.637289
7.99			0.639042
8			0.640791
8.01			0.642536
8.02			0.644278
8.03			0.646015
8.04			0.647748
8.05			0.649477
8.06			0.651202
8.07			0.652922
8.08			0.654637
8.09			0.656347
8.1			0.658052
8.11			0.659751
8.12			0.661445
8.13			0.663133
8.14			0.664816
8.15			0.666493
8.16			0.668163
8.17			0.669827
8.18			0.671485
8.19			0.673136
8.2			0.67478
8.21			0.676417
8.22			0.678048
8.23			0.679671
8.24			0.681286
8.25			0.682894
8.26			0.684495
8.27			0.686088
8.28			0.687672
8.29			0.689249
8.3			0.690817
8.31			0.692376
8.32			0.693928
8.33			0.69547
8.34			0.697004
8.35			0.698528
8.36			0.700044
8.37			0.70155
8.38			0.703047
8.39			0.704534
8.4			0.706011
8.41			0.707479
8.42			0.708936
8.43			0.710384
8.44			0.711821
8.45			0.713248
8.46			0.714665
8.47			0.71607
8.48			0.717466
8.49			0.71885
8.5			0.720223
8.51			0.721585
8.52			0.722936
8.53			0.724275
8.54			0.725603
8.55			0.726919
8.56			0.728224
8.57			0.729517
8.58			0.730797
8.59			0.732066
8.6			0.733322
8.61			0.734567
8.62			0.735798
8.63			0.737018
8.64			0.738224
8.65			0.739418
8.66			0.740599
8.67			0.741767
8.68			0.742922
8.69			0.744064
8.7			0.745193
8.71			0.746308
8.72			0.74741
8.73			0.748499
8.74			0.749574
8.75			0.750635
8.76			0.751682
8.77			0.752715
8.78			0.753735
8.79			0.75474
8.8			0.755731
8.81			0.756708
8.82			0.757671
8.83			0.758619
8.84			0.759553
8.85			0.760472
8.86			0.761376
8.87			0.762266
8.88			0.763142
8.89			0.764002
8.9			0.764847
8.91			0.765678
8.92			0.766493
8.93			0.767293
8.94			0.768078
8.95			0.768848
8.96			0.769603
8.97			0.770342
8.98			0.771066
8.99			0.771774
9			0.772467
9.01			0.773144
9.02			0.773806
9.03			0.774452
9.04			0.775082
9.05			0.775696
9.06			0.776295
9.07			0.776878
9.08			0.777445
9.09			0.777996
9.1			0.778531
9.11			0.77905
9.12			0.779553
9.13			0.78004
9.14			0.780511
9.15			0.780966
9.16			0.781404
9.17			0.781826
9.18			0.782233
9.19			0.782623
9.2			0.782996
9.21			0.783354
9.22			0.783695
9.23			0.78402
9.24			0.784328
9.25			0.784621
9.26			0.784896
9.27			0.785156
9.28			0.785399
9.29			0.785626
9.3			0.785836
9.31			0.78603
9.32			0.786208
9.33			0.786369
9.34			0.786514
9.35			0.786642
9.36			0.786754
9.37			0.78685
9.38			0.78693
9.39			0.786993
9.4			0.787039
9.41			0.78707
9.42			0.787084
9.43			0.787082
9.44			0.787063
9.45			0.787028
9.46			0.786977
9.47			0.78691
9.48			0.786827
9.49			0.786727
9.5			0.786611
9.51			0.78648
9.52			0.786332
9.53			0.786168
9.54			0.785988
9.55			0.785792
9.56			0.78558
9.57			0.785352
9.58			0.785108
9.59			0.784849
9.6			0.784573
9.61			0.784282
9.62			0.783975
9.63			0.783653
9.64			0.783315
9.65			0.782961
9.66			0.782592
9.67			0.782208
9.68			0.781808
9.69			0.781393
9.7			0.780962
9.71			0.780516
9.72			0.780055
9.73			0.779579
9.74			0.779088
9.75			0.778582
9.76			0.778061
9.77			0.777525
9.78			0.776975
9.79			0.776409
9.8			0.775829
9.81			0.775235
9.82			0.774626
9.83			0.774003
9.84			0.773365
9.85			0.772713
9.86			0.772047
9.87			0.771366
9.88			0.770672
9.89			0.769964
9.9			0.769242
9.91			0.768506
9.92			0.767756
9.93			0.766993
9.94			0.766217
9.95			0.765427
9.96			0.764623
9.97			0.763807
9.98			0.762977
9.99			0.762134
10			0.761279
10.01			0.76041
10.02			0.759529
10.03			0.758635
10.04			0.757729
10.05			0.75681
10.06			0.755879
10.07			0.754935
10.08			0.75398
10.09			0.753012
10.1			0.752033
10.11			0.751041
10.12			0.750038
10.13			0.749024
10.14			0.747998
10.15			0.746961
10.16			0.745912
10.17			0.744853
10.18			0.743782
10.19			0.7427
10.2			0.741608
10.21			0.740505
10.22			0.739392
10.23			0.738268
10.24			0.737134
10.25			0.735989
10.26			0.734835
10.27			0.733671
10.28			0.732497
10.29			0.731313
10.3			0.73012
10.31			0.728917
10.32			0.727705
10.33			0.726484
10.34			0.725254
10.35			0.724015
10.36			0.722767
10.37			0.721511
10.38			0.720246
10.39			0.718973
10.4			0.717692
10.41			0.716402
10.42			0.715105
10.43			0.7138
10.44			0.712487
10.45			0.711166
10.46			0.709838
10.47			0.708503
10.48			0.707161
10.49			0.705812
10.5			0.704456
10.51			0.703093
10.52			0.701724
10.53			0.700348
10.54			0.698967
10.55			0.697578
10.56			0.696184
10.57			0.694785
10.58			0.693379
10.59			0.691968
10.6			0.690552
10.61			0.68913
10.62			0.687703
10.63			0.686271
10.64			0.684835
10.65			0.683393
10.66			0.681948
10.67			0.680497
10.68			0.679043
10.69			0.677585
10.7			0.676122
10.71			0.674656
10.72			0.673187
10.73			0.671713
10.74			0.670237
10.75			0.668757
10.76			0.667274
10.77			0.665789
10.78			0.664301
10.79			0.66281
10.8			0.661316
10.81			0.659821
10.82			0.658323
10.83			0.656824
10.84			0.655322
10.85			0.653819
10.86			0.652314
10.87			0.650808
10.88			0.649301
10.89			0.647793
10.9			0.646284
10.91			0.644774
10.92			0.643263
10.93			0.641752
10.94			0.640241
10.95			0.63873
10.96			0.637218
10.97			0.635707
10.98			0.634196
10.99			0.632686
11			0.631176
11.01			0.629667
11.02			0.628158
11.03			0.626651
11.04			0.625145
11.05			0.62364
11.06			0.622137
11.07			0.620636
11.08			0.619136
11.09			0.617638
11.1			0.616143
11.11			0.614649
11.12			0.613158
11.13			0.611669
11.14			0.610184
11.15			0.608701
11.16			0.60722
11.17			0.605743
11.18			0.60427
11.19			0.602799
11.2			0.601333
11.21			0.59987
11.22			0.59841
11.23			0.596955
11.24			0.595504
11.25			0.594057
11.26			0.592614
11.27			0.591176
11.28			0.589743
11.29			0.588314
11.3			0.586891
11.31			0.585472
11.32			0.584059
11.33			0.582651
11.34			0.581249
11.35			0.579852
11.36			0.578461
11.37			0.577076
11.38			0.575697
11.39			0.574324
11.4			0.572957
11.41			0.571597
11.42			0.570243
11.43			0.568896
11.44			0.567556
11.45			0.566223
11.46			0.564897
11.47			0.563578
11.48			0.562266
11.49			0.560962
11.5			0.559665
11.51			0.558376
11.52			0.557095
11.53			0.555822
11.54			0.554557
11.55			0.553299
11.56			0.552051
11.57			0.55081
11.58			0.549579
11.59			0.548355
11.6			0.547141
11.61			0.545935
11.62			0.544739
11.63			0.543551
11.64			0.542373
11.65			0.541204
11.66			0.540044
11.67			0.538894
11.68			0.537754
11.69			0.536623
11.7			0.535502
11.71			0.534391
11.72			0.53329
11.73			0.5322
11.74			0.531119
11.75			0.530049
11.76			0.528989
11.77			0.52794
11.78			0.526902
11.79			0.525874
11.8			0.524857
11.81			0.523851
11.82			0.522856
11.83			0.521872
11.84			0.520899
11.85			0.519937
11.86			0.518987
11.87			0.518048
11.88			0.517121
11.89			0.516206
11.9			0.515302
11.91			0.51441
11.92			0.513529
11.93			0.512661
11.94			0.511805
11.95			0.51096
11.96			0.510128
11.97			0.509308
11.98			0.508501
11.99			0.507705
12			0.506922
12.01			0.506152
12.02			0.505394
12.03			0.504649
12.04			0.503917
12.05			0.503197
12.06			0.50249
12.07			0.501796
12.08			0.501115
12.09			0.500447
12.1			0.499792
12.11			0.49915
12.12			0.498522
12.13			0.497906
12.14			0.497304
12.15			0.496715
12.16			0.496139
12.17			0.495577
12.18			0.495029
12.19			0.494493
12.2			0.493972
12.21			0.493463
12.22			0.492969
12.23			0.492488
12.24			0.492021
12.25			0.491567
12.26			0.491128
12.27			0.490702
12.28			0.49029
12.29			0.489892
12.3			0.489507
12.31			0.489137
12.32			0.48878
12.33			0.488438
12.34			0.488109
12.35			0.487794
12.36			0.487494
12.37			0.487207
12.38			0.486935
12.39			0.486676
12.4			0.486432
12.41			0.486202
12.42			0.485986
12.43			0.485784
12.44			0.485596
12.45			0.485422
12.46			0.485263
12.47			0.485117
12.48			0.484986
12.49			0.484869
12.5			0.484766
12.51			0.484677
12.52			0.484602
12.53			0.484541
12.54			0.484495
12.55			0.484463
12.56			0.484444
12.57			0.48444
12.58			0.48445
12.59			0.484474
12.6			0.484513
12.61			0.484565
12.62			0.484631
12.63			0.484711
12.64			0.484806
12.65			0.484914
12.66			0.485036
12.67			0.485172
12.68			0.485322
12.69			0.485486
12.7			0.485664
12.71			0.485856
12.72			0.486061
12.73			0.486281
12.74			0.486514
12.75			0.48676
12.76			0.487021
12.77			0.487295
12.78			0.487582
12.79			0.487883
12.8			0.488198
12.81			0.488526
12.82			0.488868
12.83			0.489223
12.84			0.489591
12.85			0.489972
12.86			0.490367
12.87			0.490775
12.88			0.491196
12.89			0.49163
12.9			0.492077
12.91			0.492538
12.92			0.493011
12.93			0.493497
12.94			0.493995
12.95			0.494507
12.96			0.495031
12.97			0.495568
12.98			0.496117
12.99			0.496679
13			0.497253
13.01			0.49784
13.02			0.498439
13.03			0.49905
13.04			0.499673
13.05			0.500309
13.06			0.500956
13.07			0.501616
13.08			0.502287
13.09			0.50297
13.1			0.503664
13.11			0.504371
13.12			0.505088
13.13			0.505818
13.14			0.506558
13.15			0.50731
13.16			0.508074
13.17			0.508848
13.18			0.509633
13.19			0.51043
13.2			0.511237
13.21			0.512055
13.22			0.512884
13.23			0.513723
13.24			0.514573
13.25			0.515433
13.26			0.516303
13.27			0.517184
13.28			0.518075
13.29			0.518976
13.3			0.519887
13.31			0.520807
13.32			0.521738
13.33			0.522678
13.34			0.523627
13.35			0.524586
13.36			0.525555
13.37			0.526532
13.38			0.527519
13.39			0.528515
13.4			0.529519
13.41			0.530533
13.42			0.531555
13.43			0.532586
13.44			0.533625
13.45			0.534672
13.46			0.535728
13.47			0.536792
13.48			0.537864
13.49			0.538944
13.5			0.540032
13.51			0.541127
13.52			0.54223
13.53			0.543341
13.54			0.544458
13.55			0.545583
13.56			0.546716
13.57			0.547855
13.58			0.549001
13.59			0.550153
13.6			0.551313
13.61			0.552479
13.62			0.553651
13.63			0.554829
13.64			0.556014
13.65			0.557205
13.66			0.558401
13.67			0.559603
13.68			0.560811
13.69			0.562025
13.7			0.563244
13.71			0.564468
13.72			0.565697
13.73			0.566932
13.74			0.568171
13.75			0.569415
13.76			0.570664
13.77			0.571917
13.78			0.573174
13.79			0.574436
13.8			0.575702
13.81			0.576972
13.82			0.578246
13.83			0.579523
13.84			0.580804
13.85			0.582089
13.86			0.583377
13.87			0.584668
13.88			0.585962
13.89			0.587259
13.9			0.588559
13.91			0.589862
13.92			0.591167
13.93			0.592474
13.94			0.593784
13.95			0.595096
13.96			0.59641
13.97			0.597726
13.98			0.599044
13.99			0.600363
14			0.601684
14.01			0.603006
14.02			0.604329
14.03			0.605654
14.04			0.606979
14.05			0.608305
14.06			0.609632
14.07			0.61096
14.08			0.612288
14.09			0.613616
14.1			0.614944
14.11			0.616272
14.12			0.617601
14.13			0.618929
14.14			0.620256
14.15			0.621583
14.16			0.62291
14.17			0.624236
14.18			0.62556
14.19			0.626884
14.2			0.628207
14.21			0.629528
14.22			0.630848
14.23			0.632166
14.24			0.633483
14.25			0.634797
14.26			0.63611
14.27			0.637421
14.28			0.63873
14.29			0.640036
14.3			0.641339
14.31			0.642641
14.32			0.643939
14.33			0.645234
14.34			0.646527
14.35			0.647816
14.36			0.649103
14.37			0.650385
14.38			0.651665
14.39			0.65294
14.4			0.654212
14.41			0.655481
14.42			0.656745
14.43			0.658005
14.44			0.65926
14.45			0.660512
14.46			0.661759
14.47			0.663001
14.48			0.664239
14.49			0.665471
14.5			0.666699
14.51			0.667922
14.52			0.669139
14.53			0.670352
14.54			0.671558
14.55			0.672759
14.56			0.673955
14.57			0.675145
14.58			0.676329
14.59			0.677506
14.6			0.678678
14.61			0.679843
14.62			0.681002
14.63			0.682155
14.64			0.683301
14.65			0.68444
14.66			0.685573
14.67			0.686699
14.68			0.687817
14.69			0.688929
14.7			0.690033
14.71			0.69113
14.72			0.692219
14.73			0.693301
14.74			0.694376
14.75			0.695442
14.76			0.696501
14.77			0.697552
14.78			0.698594
14.79			0.699629
14.8			0.700655
14.81			0.701673
14.82			0.702683
14.83			0.703684
14.84			0.704676
14.85			0.70566
14.86			0.706634
14.87			0.7076
14.88			0.708557
14.89			0.709505
14.9			0.710444
14.91			0.711373
14.92			0.712293
14.93			0.713204
14.94			0.714105
14.95			0.714996
14.96			0.715878
14.97			0.71675
14.98			0.717612
14.99			0.718464
15			0.719306
15.01			0.720138
15.02			0.72096
15.03			0.721772
15.04			0.722574
15.05			0.723365
15.06			0.724145
15.07			0.724915
15.08			0.725674
15.09			0.726423
15.1			0.727161
15.11			0.727888
15.12			0.728605
15.13			0.72931
15.14			0.730004
15.15			0.730688
15.16			0.73136
15.17			0.732021
15.18			0.732671
15.19			0.733309
15.2			0.733936
15.21			0.734552
15.22			0.735156
15.23			0.735749
15.24			0.73633
15.25			0.7369
15.26			0.737458
15.27			0.738004
15.28			0.738538
15.29			0.739061
15.3			0.739571
15.31			0.74007
15.32			0.740557
15.33			0.741032
15.34			0.741495
15.35			0.741946
15.36			0.742384
15.37			0.742811
15.38			0.743225
15.39			0.743628
15.4			0.744017
15.41			0.744395
15.42			0.744761
15.43			0.745114
15.44			0.745454
15.45			0.745783
15.46			0.746099
15.47			0.746402
15.48			0.746693
15.49			0.746972
15.5			0.747238
15.51			0.747491
15.52			0.747732
15.53			0.747961
15.54			0.748177
15.55			0.74838
15.56			0.748571
15.57			0.748749
15.58			0.748915
15.59			0.749068
15.6			0.749208
15.61			0.749336
15.62			0.749451
15.63			0.749553
15.64			0.749643
15.65			0.74972
15.66			0.749784
15.67			0.749836
15.68			0.749876
15.69			0.749902
15.7			0.749916
15.71			0.749917
15.72			0.749906
15.73			0.749882
15.74			0.749846
15.75			0.749797
15.76			0.749735
15.77			0.749661
15.78			0.749574
15.79			0.749475
15.8			0.749363
15.81			0.749239
15.82			0.749102
15.83			0.748953
15.84			0.748791
15.85			0.748617
15.86			0.748431
15.87			0.748232
15.88			0.748021
15.89			0.747798
15.9			0.747562
15.91			0.747314
15.92			0.747054
15.93			0.746782
15.94			0.746498
15.95			0.746201
15.96			0.745893
15.97			0.745572
15.98			0.74524
15.99			0.744895
16			0.744539
16.01			0.74417
16.02			0.74379
16.03			0.743399
16.04			0.742995
16.05			0.74258
16.06			0.742153
16.07			0.741715
16.08			0.741265
16.09			0.740803
16.1			0.74033
16.11			0.739846
16.12			0.739351
16.13			0.738844
16.14			0.738326
16.15			0.737797
16.16			0.737257
16.17			0.736705
16.18			0.736143
16.19			0.73557
16.2			0.734986
16.21			0.734391
16.22			0.733786
16.23			0.73317
16.24			0.732543
16.25			0.731906
16.26			0.731259
16.27			0.730601
16.28			0.729933
16.29			0.729254
16.3			0.728566
16.31			0.727867
16.32			0.727159
16.33			0.72644
16.34			0.725712
16.35			0.724974
16.36			0.724226
16.37			0.723469
16.38			0.722702
16.39			0.721925
16.4			0.72114
16.41			0.720345
16.42			0.719541
16.43			0.718728
16.44			0.717905
16.45			0.717074
16.46			0.716234
16.47			0.715386
16.48			0.714528
16.49			0.713662
16.5			0.712788
16.51			0.711905
16.52			0.711014
16.53			0.710115
16.54			0.709207
16.55			0.708292
16.56			0.707369
16.57			0.706438
16.58			0.705499
16.59			0.704552
16.6			0.703598
16.61			0.702637
16.62			0.701668
16.63			0.700692
16.64			0.699709
16.65			0.698719
16.66			0.697723
16.67			0.696719
16.68			0.695708
16.69			0.694691
16.7			0.693668
16.71			0.692638
16.72			0.691602
16.73			0.690559
16.74			0.689511
16.75			0.688456
16.76			0.687396
16.77			0.68633
16.78			0.685259
16.79			0.684181
16.8			0.683099
16.81			0.682011
16.82			0.680918
16.83			0.67982
16.84			0.678717
16.85			0.677609
16.86			0.676496
16.87			0.675379
16.88			0.674257
16.89			0.673131
16.9			0.672001
16.91			0.670866
16.92			0.669727
16.93			0.668585
16.94			0.667438
16.95			0.666288
16.96			0.665135
16.97			0.663977
16.98			0.662817
16.99			0.661653
17			0.660486
17.01			0.659316
17.02			0.658144
17.03			0.656968
17.04			0.65579
17.05			0.65461
17.06			0.653426
17.07			0.652241
17.08			0.651054
17.09			0.649864
17.1			0.648673
17.11			0.647479
17.12			0.646285
17.13			0.645088
17.14			0.64389
17.15			0.642691
17.16			0.64149
17.17			0.640289
17.18			0.639086
17.19			0.637883
17.2			0.636679
17.21			0.635474
17.22			0.634269
17.23			0.633064
17.24			0.631858
17.25			0.630652
17.26			0.629446
17.27			0.62824
17.28			0.627035
17.29			0.62583
17.3			0.624625
17.31			0.623421
17.32			0.622218
17.33			0.621015
17.34			0.619814
17.35			0.618613
17.36			0.617414
17.37			0.616216
17.38			0.61502
17.39			0.613825
17.4			0.612631
17.41			0.61144
17.42			0.61025
17.43			0.609063
17.44			0.607877
17.45			0.606694
17.46			0.605513
17.47			0.604335
17.48			0.60316
17.49			0.601987
17.5			0.600817
17.51			0.599649
17.52			0.598485
17.53			0.597324
17.54			0.596167
17.55			0.595013
17.56			0.593862
17.57			0.592715
17.58			0.591572
17.59			0.590432
17.6			0.589297
17.61			0.588166
17.62			0.587038
17.63			0.585916
17.64			0.584797
17.65			0.583683
17.66			0.582574
17.67			0.581469
17.68			0.58037
17.69			0.579275
17.7			0.578185
17.71			0.577101
17.72			0.576021
17.73			0.574948
17.74			0.573879
17.75			0.572816
17.76			0.571759
17.77			0.570708
17.78			0.569662
17.79			0.568623
17.8			0.56759
17.81			0.566562
17.82			0.565542
17.83			0.564527
17.84			0.563519
17.85			0.562518
17.86			0.561523
17.87			0.560535
17.88			0.559554
17.89			0.55858
17.9			0.557612
17.91			0.556652
17.92			0.5557
17.93			0.554754
17.94			0.553816
17.95			0.552886
17.96			0.551963
17.97			0.551048
17.98			0.55014
17.99			0.549241
18			0.548349
18.01			0.547466
18.02			0.54659
18.03			0.545723
18.04			0.544864
18.05			0.544013
18.06			0.543171
18.07			0.542337
18.08			0.541512
18.09			0.540696
18.1			0.539888
18.11			0.539089
18.12			0.538299
18.13			0.537518
18.14			0.536746
18.15			0.535983
18.16			0.53523
18.17			0.534485
18.18			0.53375
18.19			0.533024
18.2			0.532308
18.21			0.531602
18.22			0.530904
18.23			0.530217
18.24			0.529539
18.25			0.528871
18.26			0.528213
18.27			0.527565
18.28			0.526927
18.29			0.526299
18.3			0.52568
18.31			0.525072
18.32			0.524475
18.33			0.523887
18.34			0.52331
18.35			0.522743
18.36			0.522186
18.37			0.52164
18.38			0.521105
18.39			0.52058
18.4			0.520065
18.41			0.519561
18.42			0.519068
18.43			0.518586
18.44			0.518114
18.45			0.517653
18.46			0.517203
18.47			0.516764
18.48			0.516336
18.49			0.515919
18.5			0.515512
18.51			0.515117
18.52			0.514733
18.53			0.51436
18.54			0.513998
18.55			0.513647
18.56			0.513308
18.57			0.512979
18.58			0.512662
18.59			0.512356
18.6			0.512062
18.61			0.511778
18.62			0.511506
18.63			0.511246
18.64			0.510997
18.65			0.510759
18.66			0.510532
18.67			0.510317
18.68			0.510114
18.69			0.509922
18.7			0.509741
18.71			0.509572
18.72			0.509414
18.73			0.509268
18.74			0.509133
18.75			0.50901
18.76			0.508899
18.77			0.508798
18.78			0.50871
18.79			0.508633
18.8			0.508567
18.81			0.508513
18.82			0.508471
18.83			0.50844
18.84			0.508421
18.85			0.508413
18.86			0.508416
18.87			0.508431
18.88			0.508458
18.89			0.508496
18.9			0.508546
18.91			0.508607
18.92			0.508679
18.93			0.508763
18.94			0.508859
18.95			0.508966
18.96			0.509084
18.97			0.509214
18.98			0.509355
18.99			0.509507
19			0.50967
19.01			0.509845
19.02			0.510032
19.03			0.510229
19.04			0.510438
19.05			0.510658
19.06			0.510889
19.07			0.511131
19.08			0.511384
19.09			0.511648
19.1			0.511924
19.11			0.51221
19.12			0.512507
19.13			0.512816
19.14			0.513135
19.15			0.513465
19.16			0.513806
19.17			0.514158
19.18			0.51452
19.19			0.514893
19.2			0.515277
19.21			0.515671
19.22			0.516076
19.23			0.516492
19.24			0.516918
19.25			0.517354
19.26			0.517801
19.27			0.518258
19.28			0.518725
19.29			0.519203
19.3			0.519691
19.31			0.520189
19.32			0.520696
19.33			0.521214
19.34			0.521742
19.35			0.52228
19.36			0.522828
19.37			0.523385
19.38			0.523952
19.39			0.524529
19.4			0.525115
19.41			0.525711
19.42			0.526317
19.43			0.526931
19.44			0.527555
19.45			0.528189
19.46			0.528831
19.47			0.529483
19.48			0.530143
19.49			0.530813
19.5			0.531491
19.51			0.532179
19.52			0.532875
19.53			0.53358
19.54			0.534293
19.55			0.535015
19.56			0.535746
19.57			0.536484
19.58			0.537231
19.59			0.537987
19.6			0.53875
19.61			0.539522
19.62			0.540301
19.63			0.541089
19.64			0.541884
19.65			0.542687
19.66			0.543497
19.67			0.544316
19.68			0.545141
19.69			0.545974
19.7			0.546815
19.71			0.547662
19.72			0.548517
19.73			0.549379
19.74			0.550247
19.75			0.551123
19.76			0.552005
19.77			0.552894
19.78			0.55379
19.79			0.554692
19.8			0.5556
19.81			0.556515
19.82			0.557436
19.83			0.558363
19.84			0.559296
19.85			0.560235
19.86			0.56118
19.87			0.56213
19.88			0.563086
19.89			0.564048
19.9			0.565015
19.91			0.565988
19.92			0.566965
19.93			0.567948
19.94			0.568936
19.95			0.569929
19.96			0.570926
19.97			0.571928
19.98			0.572935
19.99			0.573947
