Distance		Radiation
0		0.25
0.01		0.249999
0.02		0.249994
0.03		0.249988
0.04		0.249978
0.05		0.249965
0.06		0.24995
0.07		0.249932
0.08		0.249911
0.09		0.249888
0.1		0.249861
0.11		0.249832
0.12		0.2498
0.13		0.249765
0.14		0.249728
0.15		0.249688
0.16		0.249645
0.17		0.249599
0.18		0.24955
0.19		0.249499
0.2		0.249445
0.21		0.249388
0.22		0.249329
0.23		0.249266
0.24		0.249201
0.25		0.249133
0.26		0.249063
0.27		0.248989
0.28		0.248913
0.29		0.248834
0.3		0.248753
0.31		0.248668
0.32		0.248581
0.33		0.248492
0.34		0.248399
0.35		0.248304
0.36		0.248206
0.37		0.248105
0.38		0.248002
0.39		0.247896
0.4		0.247787
0.41		0.247675
0.42		0.247561
0.43		0.247444
0.44		0.247324
0.45		0.247202
0.46		0.247077
0.47		0.246949
0.48		0.246818
0.49		0.246685
0.5		0.246549
0.51		0.246411
0.52		0.24627
0.53		0.246126
0.54		0.245979
0.55		0.24583
0.56		0.245678
0.57		0.245524
0.58		0.245367
0.59		0.245207
0.6		0.245045
0.61		0.24488
0.62		0.244712
0.63		0.244542
0.64		0.244369
0.65		0.244194
0.66		0.244015
0.67		0.243835
0.68		0.243652
0.69		0.243466
0.7		0.243277
0.71		0.243086
0.72		0.242893
0.73		0.242696
0.74		0.242498
0.75		0.242296
0.76		0.242093
0.77		0.241886
0.78		0.241677
0.79		0.241466
0.8		0.241252
0.81		0.241036
0.82		0.240817
0.83		0.240595
0.84		0.240371
0.85		0.240145
0.86		0.239916
0.87		0.239684
0.88		0.23945
0.89		0.239214
0.9		0.238975
0.91		0.238734
0.92		0.23849
0.93		0.238244
0.94		0.237995
0.95		0.237744
0.96		0.237491
0.97		0.237235
0.98		0.236977
0.99		0.236716
1		0.236453
1.01		0.236188
1.02		0.23592
1.03		0.23565
1.04		0.235378
1.05		0.235103
1.06		0.234826
1.07		0.234546
1.08		0.234265
1.09		0.233981
1.1		0.233694
1.11		0.233405
1.12		0.233114
1.13		0.232821
1.14		0.232526
1.15		0.232228
1.16		0.231928
1.17		0.231626
1.18		0.231321
1.19		0.231014
1.2		0.230705
1.21		0.230394
1.22		0.230081
1.23		0.229765
1.24		0.229448
1.25		0.229128
1.26		0.228806
1.27		0.228481
1.28		0.228155
1.29		0.227827
1.3		0.227496
1.31		0.227163
1.32		0.226828
1.33		0.226491
1.34		0.226152
1.35		0.225811
1.36		0.225468
1.37		0.225123
1.38		0.224776
1.39		0.224426
1.4		0.224075
1.41		0.223722
1.42		0.223366
1.43		0.223009
1.44		0.22265
1.45		0.222288
1.46		0.221925
1.47		0.22156
1.48		0.221193
1.49		0.220824
1.5		0.220452
1.51		0.22008
1.52		0.219705
1.53		0.219328
1.54		0.218949
1.55		0.218569
1.56		0.218186
1.57		0.217802
1.58		0.217416
1.59		0.217028
1.6		0.216639
1.61		0.216247
1.62		0.215854
1.63		0.215459
1.64		0.215062
1.65		0.214663
1.66		0.214263
1.67		0.213861
1.68		0.213457
1.69		0.213052
1.7		0.212645
1.71		0.212236
1.72		0.211825
1.73		0.211413
1.74		0.210999
1.75		0.210583
1.76		0.210166
1.77		0.209747
1.78		0.209327
1.79		0.208905
1.8		0.208481
1.81		0.208056
1.82		0.207629
1.83		0.207201
1.84		0.206771
1.85		0.20634
1.86		0.205907
1.87		0.205472
1.88		0.205037
1.89		0.204599
1.9		0.20416
1.91		0.20372
1.92		0.203278
1.93		0.202835
1.94		0.202391
1.95		0.201945
1.96		0.201497
1.97		0.201048
1.98		0.200598
1.99		0.200147
2		0.199694
2.01		0.19924
2.02		0.198784
2.03		0.198328
2.04		0.197869
2.05		0.19741
2.06		0.196949
2.07		0.196487
2.08		0.196024
2.09		0.19556
2.1		0.195094
2.11		0.194627
2.12		0.194159
2.13		0.19369
2.14		0.19322
2.15		0.192748
2.16		0.192276
2.17		0.191802
2.18		0.191327
2.19		0.190851
2.2		0.190374
2.21		0.189895
2.22		0.189416
2.23		0.188936
2.24		0.188454
2.25		0.187972
2.26		0.187489
2.27		0.187004
2.28		0.186519
2.29		0.186032
2.3		0.185545
2.31		0.185057
2.32		0.184567
2.33		0.184077
2.34		0.183586
2.35		0.183094
2.36		0.182601
2.37		0.182107
2.38		0.181613
2.39		0.181117
2.4		0.180621
2.41		0.180124
2.42		0.179626
2.43		0.179127
2.44		0.178627
2.45		0.178127
2.46		0.177626
2.47		0.177124
2.48		0.176621
2.49		0.176118
2.5		0.175614
2.51		0.175109
2.52		0.174604
2.53		0.174098
2.54		0.173591
2.55		0.173084
2.56		0.172576
2.57		0.172067
2.58		0.171558
2.59		0.171048
2.6		0.170538
2.61		0.170027
2.62		0.169515
2.63		0.169003
2.64		0.168491
2.65		0.167978
2.66		0.167464
2.67		0.16695
2.68		0.166435
2.69		0.16592
2.7		0.165405
2.71		0.164889
2.72		0.164373
2.73		0.163856
2.74		0.163339
2.75		0.162821
2.76		0.162303
2.77		0.161785
2.78		0.161266
2.79		0.160747
2.8		0.160228
2.81		0.159708
2.82		0.159188
2.83		0.158668
2.84		0.158148
2.85		0.157627
2.86		0.157106
2.87		0.156585
2.88		0.156063
2.89		0.155542
2.9		0.15502
2.91		0.154498
2.92		0.153976
2.93		0.153453
2.94		0.152931
2.95		0.152408
2.96		0.151885
2.97		0.151363
2.98		0.15084
2.99		0.150317
3		0.149793
3.01		0.14927
3.02		0.148747
3.03		0.148224
3.04		0.1477
3.05		0.147177
3.06		0.146654
3.07		0.14613
3.08		0.145607
3.09		0.145084
3.1		0.144561
3.11		0.144037
3.12		0.143514
3.13		0.142991
3.14		0.142468
3.15		0.141946
3.16		0.141423
3.17		0.1409
3.18		0.140378
3.19		0.139856
3.2		0.139334
3.21		0.138812
3.22		0.13829
3.23		0.137768
3.24		0.137247
3.25		0.136726
3.26		0.136205
3.27		0.135685
3.28		0.135164
3.29		0.134644
3.3		0.134124
3.31		0.133605
3.32		0.133086
3.33		0.132567
3.34		0.132048
3.35		0.13153
3.36		0.131012
3.37		0.130494
3.38		0.129977
3.39		0.129461
3.4		0.128944
3.41		0.128428
3.42		0.127913
3.43		0.127398
3.44		0.126883
3.45		0.126369
3.46		0.125855
3.47		0.125341
3.48		0.124829
3.49		0.124316
3.5		0.123804
3.51		0.123293
3.52		0.122782
3.53		0.122272
3.54		0.121762
3.55		0.121253
3.56		0.120744
3.57		0.120236
3.58		0.119729
3.59		0.119222
3.6		0.118716
3.61		0.11821
3.62		0.117705
3.63		0.1172
3.64		0.116697
3.65		0.116194
3.66		0.115691
3.67		0.115189
3.68		0.114688
3.69		0.114188
3.7		0.113688
3.71		0.113189
3.72		0.112691
3.73		0.112193
3.74		0.111697
3.75		0.1112
3.76		0.110705
3.77		0.110211
3.78		0.109717
3.79		0.109224
3.8		0.108732
3.81		0.10824
3.82		0.10775
3.83		0.10726
3.84		0.106771
3.85		0.106283
3.86		0.105796
3.87		0.10531
3.88		0.104824
3.89		0.10434
3.9		0.103856
3.91		0.103373
3.92		0.102891
3.93		0.10241
3.94		0.10193
3.95		0.101451
3.96		0.100973
3.97		0.100495
3.98		0.100019
3.99		0.0995436
4		0.0990692
4.01		0.0985957
4.02		0.0981233
4.03		0.0976518
4.04		0.0971813
4.05		0.0967119
4.06		0.0962434
4.07		0.095776
4.08		0.0953096
4.09		0.0948443
4.1		0.09438
4.11		0.0939167
4.12		0.0934545
4.13		0.0929934
4.14		0.0925333
4.15		0.0920743
4.16		0.0916164
4.17		0.0911596
4.18		0.090704
4.19		0.0902494
4.2		0.0897959
4.21		0.0893436
4.22		0.0888924
4.23		0.0884423
4.24		0.0879933
4.25		0.0875456
4.26		0.0870989
4.27		0.0866535
4.28		0.0862092
4.29		0.0857661
4.3		0.0853241
4.31		0.0848834
4.32		0.0844438
4.33		0.0840055
4.34		0.0835683
4.35		0.0831324
4.36		0.0826977
4.37		0.0822642
4.38		0.0818319
4.39		0.0814009
4.4		0.0809711
4.41		0.0805426
4.42		0.0801153
4.43		0.0796893
4.44		0.0792646
4.45		0.0788411
4.46		0.0784188
4.47		0.0779979
4.48		0.0775783
4.49		0.0771599
4.5		0.0767428
4.51		0.0763271
4.52		0.0759126
4.53		0.0754995
4.54		0.0750876
4.55		0.0746771
4.56		0.0742679
4.57		0.0738601
4.58		0.0734535
4.59		0.0730484
4.6		0.0726445
4.61		0.072242
4.62		0.0718409
4.63		0.0714411
4.64		0.0710426
4.65		0.0706456
4.66		0.0702499
4.67		0.0698555
4.68		0.0694626
4.69		0.069071
4.7		0.0686808
4.71		0.068292
4.72		0.0679046
4.73		0.0675186
4.74		0.067134
4.75		0.0667508
4.76		0.066369
4.77		0.0659886
4.78		0.0656096
4.79		0.065232
4.8		0.0648558
4.81		0.0644811
4.82		0.0641078
4.83		0.0637359
4.84		0.0633655
4.85		0.0629965
4.86		0.0626289
4.87		0.0622627
4.88		0.061898
4.89		0.0615348
4.9		0.061173
4.91		0.0608126
4.92		0.0604537
4.93		0.0600963
4.94		0.0597403
4.95		0.0593858
4.96		0.0590327
4.97		0.0586811
4.98		0.0583309
4.99		0.0579823
5		0.0576351
5.01		0.0572893
5.02		0.0569451
5.03		0.0566023
5.04		0.056261
5.05		0.0559212
5.06		0.0555828
5.07		0.055246
5.08		0.0549106
5.09		0.0545767
5.1		0.0542443
5.11		0.0539134
5.12		0.0535839
5.13		0.053256
5.14		0.0529296
5.15		0.0526046
5.16		0.0522811
5.17		0.0519592
5.18		0.0516387
5.19		0.0513197
5.2		0.0510023
5.21		0.0506863
5.22		0.0503718
5.23		0.0500588
5.24		0.0497473
5.25		0.0494374
5.26		0.0491289
5.27		0.0488219
5.28		0.0485164
5.29		0.0482125
5.3		0.04791
5.31		0.047609
5.32		0.0473096
5.33		0.0470116
5.34		0.0467151
5.35		0.0464202
5.36		0.0461267
5.37		0.0458348
5.38		0.0455443
5.39		0.0452554
5.4		0.0449679
5.41		0.044682
5.42		0.0443975
5.43		0.0441146
5.44		0.0438331
5.45		0.0435532
5.46		0.0432747
5.47		0.0429978
5.48		0.0427223
5.49		0.0424484
5.5		0.0421759
5.51		0.041905
5.52		0.0416355
5.53		0.0413675
5.54		0.041101
5.55		0.040836
5.56		0.0405725
5.57		0.0403105
5.58		0.04005
5.59		0.0397909
5.6		0.0395334
5.61		0.0392773
5.62		0.0390227
5.63		0.0387696
5.64		0.0385179
5.65		0.0382677
5.66		0.0380191
5.67		0.0377718
5.68		0.0375261
5.69		0.0372818
5.7		0.037039
5.71		0.0367977
5.72		0.0365578
5.73		0.0363194
5.74		0.0360824
5.75		0.0358469
5.76		0.0356129
5.77		0.0353803
5.78		0.0351492
5.79		0.0349195
5.8		0.0346913
5.81		0.0344645
5.82		0.0342391
5.83		0.0340152
5.84		0.0337927
5.85		0.0335717
5.86		0.0333521
5.87		0.0331339
5.88		0.0329172
5.89		0.0327018
5.9		0.0324879
5.91		0.0322754
5.92		0.0320644
5.93		0.0318547
5.94		0.0316465
5.95		0.0314396
5.96		0.0312342
5.97		0.0310302
5.98		0.0308275
5.99		0.0306263
6		0.0304264
6.01		0.030228
6.02		0.0300309
6.03		0.0298352
6.04		0.0296409
6.05		0.0294479
6.06		0.0292564
6.07		0.0290662
6.08		0.0288773
6.09		0.0286899
6.1		0.0285038
6.11		0.028319
6.12		0.0281356
6.13		0.0279535
6.14		0.0277728
6.15		0.0275934
6.16		0.0274154
6.17		0.0272387
6.18		0.0270633
6.19		0.0268893
6.2		0.0267165
6.21		0.0265451
6.22		0.026375
6.23		0.0262062
6.24		0.0260387
6.25		0.0258725
6.26		0.0257076
6.27		0.025544
6.28		0.0253817
6.29		0.0252207
6.3		0.025061
6.31		0.0249025
6.32		0.0247453
6.33		0.0245894
6.34		0.0244347
6.35		0.0242813
6.36		0.0241291
6.37		0.0239782
6.38		0.0238286
6.39		0.0236802
6.4		0.023533
6.41		0.023387
6.42		0.0232423
6.43		0.0230988
6.44		0.0229566
6.45		0.0228155
6.46		0.0226756
6.47		0.022537
6.48		0.0223995
6.49		0.0222633
6.5		0.0221282
6.51		0.0219944
6.52		0.0218617
6.53		0.0217301
6.54		0.0215998
6.55		0.0214706
6.56		0.0213426
6.57		0.0212157
6.58		0.02109
6.59		0.0209655
6.6		0.020842
6.61		0.0207197
6.62		0.0205986
6.63		0.0204786
6.64		0.0203597
6.65		0.0202419
6.66		0.0201252
6.67		0.0200096
6.68		0.0198952
6.69		0.0197818
6.7		0.0196695
6.71		0.0195583
6.72		0.0194482
6.73		0.0193392
6.74		0.0192312
6.75		0.0191243
6.76		0.0190185
6.77		0.0189137
6.78		0.0188099
6.79		0.0187072
6.8		0.0186056
6.81		0.018505
6.82		0.0184054
6.83		0.0183068
6.84		0.0182092
6.85		0.0181127
6.86		0.0180172
6.87		0.0179226
6.88		0.0178291
6.89		0.0177365
6.9		0.017645
6.91		0.0175544
6.92		0.0174648
6.93		0.0173762
6.94		0.0172885
6.95		0.0172018
6.96		0.017116
6.97		0.0170312
6.98		0.0169473
6.99		0.0168644
7		0.0167823
7.01		0.0167013
7.02		0.0166211
7.03		0.0165418
7.04		0.0164635
7.05		0.016386
7.06		0.0163095
7.07		0.0162338
7.08		0.0161591
7.09		0.0160852
7.1		0.0160122
7.11		0.01594
7.12		0.0158687
7.13		0.0157983
7.14		0.0157287
7.15		0.01566
7.16		0.0155921
7.17		0.015525
7.18		0.0154588
7.19		0.0153934
7.2		0.0153288
7.21		0.0152651
7.22		0.0152021
7.23		0.01514
7.24		0.0150786
7.25		0.015018
7.26		0.0149582
7.27		0.0148992
7.28		0.014841
7.29		0.0147835
7.3		0.0147268
7.31		0.0146708
7.32		0.0146156
7.33		0.0145612
7.34		0.0145075
7.35		0.0144545
7.36		0.0144022
7.37		0.0143507
7.38		0.0142999
7.39		0.0142498
7.4		0.0142004
7.41		0.0141517
7.42		0.0141037
7.43		0.0140564
7.44		0.0140097
7.45		0.0139638
7.46		0.0139185
7.47		0.0138739
7.48		0.0138299
7.49		0.0137866
7.5		0.013744
7.51		0.013702
7.52		0.0136606
7.53		0.0136199
7.54		0.0135798
7.55		0.0135403
7.56		0.0135014
7.57		0.0134631
7.58		0.0134255
7.59		0.0133884
7.6		0.013352
7.61		0.0133161
7.62		0.0132808
7.63		0.0132461
7.64		0.013212
7.65		0.0131784
7.66		0.0131454
7.67		0.013113
7.68		0.0130811
7.69		0.0130497
7.7		0.0130189
7.71		0.0129887
7.72		0.0129589
7.73		0.0129297
7.74		0.012901
7.75		0.0128728
7.76		0.0128451
7.77		0.0128179
7.78		0.0127913
7.79		0.0127651
7.8		0.0127394
7.81		0.0127142
7.82		0.0126894
7.83		0.0126651
7.84		0.0126413
7.85		0.012618
7.86		0.0125951
7.87		0.0125727
7.88		0.0125507
7.89		0.0125291
7.9		0.012508
7.91		0.0124873
7.92		0.0124671
7.93		0.0124472
7.94		0.0124278
7.95		0.0124088
7.96		0.0123902
7.97		0.0123719
7.98		0.0123541
7.99		0.0123367
8		0.0123197
8.01		0.012303
8.02		0.0122867
8.03		0.0122708
8.04		0.0122552
8.05		0.01224
8.06		0.0122252
8.07		0.0122107
8.08		0.0121966
8.09		0.0121828
8.1		0.0121693
8.11		0.0121562
8.12		0.0121434
8.13		0.0121309
8.14		0.0121187
8.15		0.0121069
8.16		0.0120953
8.17		0.0120841
8.18		0.0120732
8.19		0.0120625
8.2		0.0120521
8.21		0.0120421
8.22		0.0120323
8.23		0.0120228
8.24		0.0120135
8.25		0.0120045
8.26		0.0119958
8.27		0.0119874
8.28		0.0119792
8.29		0.0119712
8.3		0.0119635
8.31		0.011956
8.32		0.0119488
8.33		0.0119418
8.34		0.011935
8.35		0.0119285
8.36		0.0119221
8.37		0.011916
8.38		0.0119101
8.39		0.0119044
8.4		0.0118989
8.41		0.0118936
8.42		0.0118885
8.43		0.0118836
8.44		0.0118789
8.45		0.0118743
8.46		0.01187
8.47		0.0118658
8.48		0.0118618
8.49		0.0118579
8.5		0.0118542
8.51		0.0118507
8.52		0.0118473
8.53		0.0118441
8.54		0.011841
8.55		0.0118381
8.56		0.0118353
8.57		0.0118326
8.58		0.0118301
8.59		0.0118277
8.6		0.0118254
8.61		0.0118232
8.62		0.0118212
8.63		0.0118193
8.64		0.0118175
8.65		0.0118157
8.66		0.0118141
8.67		0.0118126
8.68		0.0118112
8.69		0.0118099
8.7		0.0118087
8.71		0.0118075
8.72		0.0118065
8.73		0.0118055
8.74		0.0118046
8.75		0.0118038
8.76		0.011803
8.77		0.0118023
8.78		0.0118017
8.79		0.0118011
8.8		0.0118006
8.81		0.0118001
8.82		0.0117997
8.83		0.0117994
8.84		0.0117991
8.85		0.0117988
8.86		0.0117985
8.87		0.0117983
8.88		0.0117982
8.89		0.011798
8.9		0.0117979
8.91		0.0117978
8.92		0.0117978
8.93		0.0117977
8.94		0.0117977
8.95		0.0117976
8.96		0.0117976
8.97		0.0117976
8.98		0.0117976
8.99		0.0117976
9		0.0117976
9.01		0.0117976
9.02		0.0117976
9.03		0.0117976
9.04		0.0117976
9.05		0.0117975
9.06		0.0117975
9.07		0.0117974
9.08		0.0117973
9.09		0.0117971
9.1		0.011797
9.11		0.0117968
9.12		0.0117966
9.13		0.0117964
9.14		0.0117961
9.15		0.0117958
9.16		0.0117954
9.17		0.0117951
9.18		0.0117946
9.19		0.0117941
9.2		0.0117936
9.21		0.011793
9.22		0.0117924
9.23		0.0117917
9.24		0.011791
9.25		0.0117902
9.26		0.0117893
9.27		0.0117884
9.28		0.0117874
9.29		0.0117863
9.3		0.0117852
9.31		0.011784
9.32		0.0117828
9.33		0.0117814
9.34		0.01178
9.35		0.0117786
9.36		0.011777
9.37		0.0117754
9.38		0.0117736
9.39		0.0117718
9.4		0.0117699
9.41		0.011768
9.42		0.0117659
9.43		0.0117637
9.44		0.0117615
9.45		0.0117592
9.46		0.0117567
9.47		0.0117542
9.48		0.0117516
9.49		0.0117489
9.5		0.011746
9.51		0.0117431
9.52		0.0117401
9.53		0.011737
9.54		0.0117337
9.55		0.0117304
9.56		0.011727
9.57		0.0117234
9.58		0.0117198
9.59		0.011716
9.6		0.0117121
9.61		0.0117081
9.62		0.011704
9.63		0.0116998
9.64		0.0116955
9.65		0.011691
9.66		0.0116864
9.67		0.0116818
9.68		0.011677
9.69		0.011672
9.7		0.011667
9.71		0.0116618
9.72		0.0116565
9.73		0.0116511
9.74		0.0116456
9.75		0.0116399
9.76		0.0116341
9.77		0.0116282
9.78		0.0116221
9.79		0.011616
9.8		0.0116097
9.81		0.0116032
9.82		0.0115967
9.83		0.01159
9.84		0.0115832
9.85		0.0115762
9.86		0.0115691
9.87		0.0115619
9.88		0.0115546
9.89		0.0115471
9.9		0.0115395
9.91		0.0115317
9.92		0.0115238
9.93		0.0115158
9.94		0.0115076
9.95		0.0114994
9.96		0.0114909
9.97		0.0114824
9.98		0.0114737
9.99		0.0114648
10		0.0114559
10.01		0.0114467
10.02		0.0114375
10.03		0.0114281
10.04		0.0114186
10.05		0.0114089
10.06		0.0113991
10.07		0.0113892
10.08		0.0113791
10.09		0.0113689
10.1		0.0113586
10.11		0.0113481
10.12		0.0113374
10.13		0.0113267
10.14		0.0113158
10.15		0.0113047
10.16		0.0112935
10.17		0.0112822
10.18		0.0112708
10.19		0.0112592
10.2		0.0112474
10.21		0.0112356
10.22		0.0112236
10.23		0.0112114
10.24		0.0111992
10.25		0.0111867
10.26		0.0111742
10.27		0.0111615
10.28		0.0111487
10.29		0.0111357
10.3		0.0111226
10.31		0.0111094
10.32		0.011096
10.33		0.0110825
10.34		0.0110689
10.35		0.0110551
10.36		0.0110412
10.37		0.0110272
10.38		0.011013
10.39		0.0109987
10.4		0.0109843
10.41		0.0109697
10.42		0.0109551
10.43		0.0109402
10.44		0.0109253
10.45		0.0109102
10.46		0.010895
10.47		0.0108797
10.48		0.0108642
10.49		0.0108486
10.5		0.0108329
10.51		0.0108171
10.52		0.0108011
10.53		0.010785
10.54		0.0107688
10.55		0.0107525
10.56		0.010736
10.57		0.0107194
10.58		0.0107027
10.59		0.0106859
10.6		0.010669
10.61		0.0106519
10.62		0.0106348
10.63		0.0106175
10.64		0.0106001
10.65		0.0105825
10.66		0.0105649
10.67		0.0105471
10.68		0.0105293
10.69		0.0105113
10.7		0.0104932
10.71		0.010475
10.72		0.0104567
10.73		0.0104383
10.74		0.0104198
10.75		0.0104011
10.76		0.0103824
10.77		0.0103635
10.78		0.0103446
10.79		0.0103255
10.8		0.0103064
10.81		0.0102871
10.82		0.0102677
10.83		0.0102483
10.84		0.0102287
10.85		0.0102091
10.86		0.0101893
10.87		0.0101694
10.88		0.0101495
10.89		0.0101295
10.9		0.0101093
10.91		0.0100891
10.92		0.0100688
10.93		0.0100484
10.94		0.0100279
10.95		0.0100073
10.96		0.00998662
10.97		0.00996586
10.98		0.00994501
10.99		0.00992409
11		0.00990308
11.01		0.00988198
11.02		0.00986081
11.03		0.00983956
11.04		0.00981823
11.05		0.00979682
11.06		0.00977534
11.07		0.00975378
11.08		0.00973214
11.09		0.00971043
11.1		0.00968866
11.11		0.00966681
11.12		0.00964489
11.13		0.0096229
11.14		0.00960084
11.15		0.00957872
11.16		0.00955653
11.17		0.00953428
11.18		0.00951197
11.19		0.0094896
11.2		0.00946716
11.21		0.00944466
11.22		0.00942211
11.23		0.0093995
11.24		0.00937684
11.25		0.00935411
11.26		0.00933134
11.27		0.00930851
11.28		0.00928564
11.29		0.00926271
11.3		0.00923973
11.31		0.00921671
11.32		0.00919364
11.33		0.00917052
11.34		0.00914736
11.35		0.00912416
11.36		0.00910091
11.37		0.00907763
11.38		0.0090543
11.39		0.00903094
11.4		0.00900754
11.41		0.0089841
11.42		0.00896063
11.43		0.00893713
11.44		0.00891359
11.45		0.00889003
11.46		0.00886643
11.47		0.00884281
11.48		0.00881915
11.49		0.00879548
11.5		0.00877177
11.51		0.00874804
11.52		0.00872429
11.53		0.00870052
11.54		0.00867673
11.55		0.00865292
11.56		0.00862909
11.57		0.00860525
11.58		0.00858138
11.59		0.00855751
11.6		0.00853362
11.61		0.00850972
11.62		0.00848581
11.63		0.00846189
11.64		0.00843796
11.65		0.00841402
11.66		0.00839008
11.67		0.00836613
11.68		0.00834218
11.69		0.00831823
11.7		0.00829427
11.71		0.00827032
11.72		0.00824636
11.73		0.00822241
11.74		0.00819846
11.75		0.00817451
11.76		0.00815057
11.77		0.00812664
11.78		0.00810271
11.79		0.0080788
11.8		0.00805489
11.81		0.00803099
11.82		0.00800711
11.83		0.00798324
11.84		0.00795938
11.85		0.00793554
11.86		0.00791172
11.87		0.00788791
11.88		0.00786413
11.89		0.00784036
11.9		0.00781661
11.91		0.00779289
11.92		0.00776919
11.93		0.00774551
11.94		0.00772186
11.95		0.00769824
11.96		0.00767464
11.97		0.00765107
11.98		0.00762753
11.99		0.00760402
12		0.00758054
12.01		0.0075571
12.02		0.00753369
12.03		0.00751031
12.04		0.00748697
12.05		0.00746367
12.06		0.0074404
12.07		0.00741717
12.08		0.00739399
12.09		0.00737084
12.1		0.00734773
12.11		0.00732467
12.12		0.00730165
12.13		0.00727868
12.14		0.00725575
12.15		0.00723287
12.16		0.00721003
12.17		0.00718724
12.18		0.00716451
12.19		0.00714182
12.2		0.00711918
12.21		0.0070966
12.22		0.00707407
12.23		0.00705159
12.24		0.00702916
12.25		0.0070068
12.26		0.00698449
12.27		0.00696223
12.28		0.00694004
12.29		0.0069179
12.3		0.00689582
12.31		0.00687381
12.32		0.00685185
12.33		0.00682996
12.34		0.00680813
12.35		0.00678637
12.36		0.00676467
12.37		0.00674304
12.38		0.00672147
12.39		0.00669997
12.4		0.00667853
12.41		0.00665717
12.42		0.00663587
12.43		0.00661465
12.44		0.0065935
12.45		0.00657241
12.46		0.0065514
12.47		0.00653047
12.48		0.0065096
12.49		0.00648882
12.5		0.0064681
12.51		0.00644747
12.52		0.00642691
12.53		0.00640642
12.54		0.00638602
12.55		0.00636569
12.56		0.00634544
12.57		0.00632527
12.58		0.00630519
12.59		0.00628518
12.6		0.00626525
12.61		0.00624541
12.62		0.00622565
12.63		0.00620598
12.64		0.00618638
12.65		0.00616687
12.66		0.00614745
12.67		0.00612812
12.68		0.00610886
12.69		0.0060897
12.7		0.00607062
12.71		0.00605163
12.72		0.00603273
12.73		0.00601392
12.74		0.0059952
12.75		0.00597657
12.76		0.00595802
12.77		0.00593957
12.78		0.00592121
12.79		0.00590294
12.8		0.00588477
12.81		0.00586668
12.82		0.00584869
12.83		0.00583079
12.84		0.00581299
12.85		0.00579528
12.86		0.00577766
12.87		0.00576014
12.88		0.00574272
12.89		0.00572539
12.9		0.00570815
12.91		0.00569101
12.92		0.00567397
12.93		0.00565703
12.94		0.00564018
12.95		0.00562343
12.96		0.00560678
12.97		0.00559023
12.98		0.00557377
12.99		0.00555742
13		0.00554116
13.01		0.00552501
13.02		0.00550895
13.03		0.00549299
13.04		0.00547713
13.05		0.00546137
13.06		0.00544572
13.07		0.00543016
13.08		0.0054147
13.09		0.00539935
13.1		0.00538409
13.11		0.00536894
13.12		0.00535389
13.13		0.00533894
13.14		0.0053241
13.15		0.00530935
13.16		0.00529471
13.17		0.00528017
13.18		0.00526573
13.19		0.00525139
13.2		0.00523716
13.21		0.00522303
13.22		0.005209
13.23		0.00519508
13.24		0.00518125
13.25		0.00516753
13.26		0.00515392
13.27		0.0051404
13.28		0.00512699
13.29		0.00511369
13.3		0.00510048
13.31		0.00508738
13.32		0.00507438
13.33		0.00506149
13.34		0.00504869
13.35		0.00503601
13.36		0.00502342
13.37		0.00501094
13.38		0.00499856
13.39		0.00498628
13.4		0.0049741
13.41		0.00496203
13.42		0.00495006
13.43		0.0049382
13.44		0.00492643
13.45		0.00491477
13.46		0.00490321
13.47		0.00489175
13.48		0.0048804
13.49		0.00486914
13.5		0.00485799
13.51		0.00484694
13.52		0.00483599
13.53		0.00482515
13.54		0.0048144
13.55		0.00480375
13.56		0.00479321
13.57		0.00478276
13.58		0.00477242
13.59		0.00476218
13.6		0.00475203
13.61		0.00474199
13.62		0.00473204
13.63		0.0047222
13.64		0.00471245
13.65		0.0047028
13.66		0.00469325
13.67		0.0046838
13.68		0.00467445
13.69		0.00466519
13.7		0.00465604
13.71		0.00464698
13.72		0.00463801
13.73		0.00462915
13.74		0.00462037
13.75		0.0046117
13.76		0.00460312
13.77		0.00459464
13.78		0.00458625
13.79		0.00457795
13.8		0.00456975
13.81		0.00456165
13.82		0.00455363
13.83		0.00454571
13.84		0.00453789
13.85		0.00453015
13.86		0.00452251
13.87		0.00451496
13.88		0.00450751
13.89		0.00450014
13.9		0.00449286
13.91		0.00448567
13.92		0.00447858
13.93		0.00447157
13.94		0.00446465
13.95		0.00445782
13.96		0.00445108
13.97		0.00444443
13.98		0.00443786
13.99		0.00443138
14		0.00442498
14.01		0.00441868
14.02		0.00441245
14.03		0.00440632
14.04		0.00440026
14.05		0.0043943
14.06		0.00438841
14.07		0.00438261
14.08		0.00437689
14.09		0.00437125
14.1		0.00436569
14.11		0.00436022
14.12		0.00435483
14.13		0.00434951
14.14		0.00434428
14.15		0.00433912
14.16		0.00433404
14.17		0.00432905
14.18		0.00432412
14.19		0.00431928
14.2		0.00431451
14.21		0.00430982
14.22		0.0043052
14.23		0.00430066
14.24		0.00429619
14.25		0.0042918
14.26		0.00428748
14.27		0.00428323
14.28		0.00427905
14.29		0.00427495
14.3		0.00427092
14.31		0.00426695
14.32		0.00426306
14.33		0.00425924
14.34		0.00425548
14.35		0.00425179
14.36		0.00424817
14.37		0.00424462
14.38		0.00424113
14.39		0.00423771
14.4		0.00423435
14.41		0.00423106
14.42		0.00422783
14.43		0.00422467
14.44		0.00422157
14.45		0.00421853
14.46		0.00421555
14.47		0.00421263
14.48		0.00420978
14.49		0.00420698
14.5		0.00420424
14.51		0.00420156
14.52		0.00419894
14.53		0.00419637
14.54		0.00419386
14.55		0.00419141
14.56		0.00418901
14.57		0.00418667
14.58		0.00418438
14.59		0.00418215
14.6		0.00417997
14.61		0.00417784
14.62		0.00417576
14.63		0.00417373
14.64		0.00417175
14.65		0.00416982
14.66		0.00416795
14.67		0.00416611
14.68		0.00416433
14.69		0.0041626
14.7		0.00416091
14.71		0.00415926
14.72		0.00415766
14.73		0.00415611
14.74		0.0041546
14.75		0.00415313
14.76		0.00415171
14.77		0.00415033
14.78		0.00414899
14.79		0.00414768
14.8		0.00414642
14.81		0.0041452
14.82		0.00414402
14.83		0.00414288
14.84		0.00414177
14.85		0.0041407
14.86		0.00413967
14.87		0.00413867
14.88		0.0041377
14.89		0.00413677
14.9		0.00413588
14.91		0.00413501
14.92		0.00413418
14.93		0.00413338
14.94		0.00413262
14.95		0.00413188
14.96		0.00413117
14.97		0.00413049
14.98		0.00412984
14.99		0.00412922
15		0.00412862
15.01		0.00412806
15.02		0.00412751
15.03		0.004127
15.04		0.0041265
15.05		0.00412603
15.06		0.00412559
15.07		0.00412517
15.08		0.00412477
15.09		0.00412439
15.1		0.00412403
15.11		0.00412369
15.12		0.00412337
15.13		0.00412308
15.14		0.0041228
15.15		0.00412253
15.16		0.00412229
15.17		0.00412206
15.18		0.00412185
15.19		0.00412165
15.2		0.00412147
15.21		0.0041213
15.22		0.00412115
15.23		0.004121
15.24		0.00412088
15.25		0.00412076
15.26		0.00412065
15.27		0.00412056
15.28		0.00412047
15.29		0.0041204
15.3		0.00412033
15.31		0.00412027
15.32		0.00412022
15.33		0.00412018
15.34		0.00412014
15.35		0.00412011
15.36		0.00412009
15.37		0.00412007
15.38		0.00412005
15.39		0.00412004
15.4		0.00412003
15.41		0.00412003
15.42		0.00412002
15.43		0.00412002
15.44		0.00412002
15.45		0.00412002
15.46		0.00412002
15.47		0.00412002
15.48		0.00412002
15.49		0.00412002
15.5		0.00412001
15.51		0.00412
15.52		0.00411999
15.53		0.00411998
15.54		0.00411996
15.55		0.00411994
15.56		0.00411991
15.57		0.00411987
15.58		0.00411983
15.59		0.00411978
15.6		0.00411973
15.61		0.00411967
15.62		0.0041196
15.63		0.00411952
15.64		0.00411943
15.65		0.00411934
15.66		0.00411923
15.67		0.00411911
15.68		0.00411898
15.69		0.00411884
15.7		0.00411869
15.71		0.00411853
15.72		0.00411835
15.73		0.00411816
15.74		0.00411796
15.75		0.00411774
15.76		0.00411751
15.77		0.00411727
15.78		0.004117
15.79		0.00411673
15.8		0.00411643
15.81		0.00411612
15.82		0.0041158
15.83		0.00411545
15.84		0.00411509
15.85		0.00411471
15.86		0.00411431
15.87		0.00411389
15.88		0.00411346
15.89		0.004113
15.9		0.00411252
15.91		0.00411203
15.92		0.00411151
15.93		0.00411097
15.94		0.00411041
15.95		0.00410983
15.96		0.00410923
15.97		0.0041086
15.98		0.00410795
15.99		0.00410728
16		0.00410658
16.01		0.00410586
16.02		0.00410512
16.03		0.00410435
16.04		0.00410356
16.05		0.00410274
16.06		0.0041019
16.07		0.00410103
16.08		0.00410013
16.09		0.00409921
16.1		0.00409827
16.11		0.00409729
16.12		0.00409629
16.13		0.00409526
16.14		0.00409421
16.15		0.00409312
16.16		0.00409201
16.17		0.00409087
16.18		0.0040897
16.19		0.0040885
16.2		0.00408727
16.21		0.00408602
16.22		0.00408473
16.23		0.00408342
16.24		0.00408207
16.25		0.00408069
16.26		0.00407929
16.27		0.00407785
16.28		0.00407638
16.29		0.00407488
16.3		0.00407335
16.31		0.00407179
16.32		0.0040702
16.33		0.00406858
16.34		0.00406692
16.35		0.00406523
16.36		0.00406351
16.37		0.00406176
16.38		0.00405997
16.39		0.00405815
16.4		0.0040563
16.41		0.00405441
16.42		0.0040525
16.43		0.00405055
16.44		0.00404856
16.45		0.00404654
16.46		0.00404449
16.47		0.00404241
16.48		0.00404029
16.49		0.00403813
16.5		0.00403594
16.51		0.00403372
16.52		0.00403147
16.53		0.00402918
16.54		0.00402685
16.55		0.00402449
16.56		0.0040221
16.57		0.00401967
16.58		0.00401721
16.59		0.00401471
16.6		0.00401217
16.61		0.00400961
16.62		0.004007
16.63		0.00400437
16.64		0.00400169
16.65		0.00399898
16.66		0.00399624
16.67		0.00399346
16.68		0.00399065
16.69		0.0039878
16.7		0.00398492
16.71		0.003982
16.72		0.00397904
16.73		0.00397605
16.74		0.00397303
16.75		0.00396997
16.76		0.00396687
16.77		0.00396374
16.78		0.00396058
16.79		0.00395737
16.8		0.00395414
16.81		0.00395087
16.82		0.00394756
16.83		0.00394422
16.84		0.00394084
16.85		0.00393743
16.86		0.00393399
16.87		0.00393051
16.88		0.00392699
16.89		0.00392344
16.9		0.00391986
16.91		0.00391624
16.92		0.00391258
16.93		0.00390889
16.94		0.00390517
16.95		0.00390142
16.96		0.00389762
16.97		0.0038938
16.98		0.00388994
16.99		0.00388605
17		0.00388212
17.01		0.00387816
17.02		0.00387417
17.03		0.00387014
17.04		0.00386608
17.05		0.00386199
17.06		0.00385786
17.07		0.0038537
17.08		0.00384951
17.09		0.00384528
17.1		0.00384102
17.11		0.00383673
17.12		0.00383241
17.13		0.00382806
17.14		0.00382367
17.15		0.00381925
17.16		0.0038148
17.17		0.00381032
17.18		0.00380581
17.19		0.00380127
17.2		0.00379669
17.21		0.00379209
17.22		0.00378745
17.23		0.00378279
17.24		0.00377809
17.25		0.00377336
17.26		0.00376861
17.27		0.00376382
17.28		0.00375901
17.29		0.00375416
17.3		0.00374929
17.31		0.00374438
17.32		0.00373945
17.33		0.00373449
17.34		0.00372951
17.35		0.00372449
17.36		0.00371945
17.37		0.00371438
17.38		0.00370928
17.39		0.00370415
17.4		0.003699
17.41		0.00369382
17.42		0.00368861
17.43		0.00368338
17.44		0.00367812
17.45		0.00367284
17.46		0.00366753
17.47		0.0036622
17.48		0.00365684
17.49		0.00365145
17.5		0.00364604
17.51		0.00364061
17.52		0.00363515
17.53		0.00362967
17.54		0.00362417
17.55		0.00361864
17.56		0.00361309
17.57		0.00360752
17.58		0.00360192
17.59		0.0035963
17.6		0.00359067
17.61		0.003585
17.62		0.00357932
17.63		0.00357362
17.64		0.00356789
17.65		0.00356215
17.66		0.00355638
17.67		0.0035506
17.68		0.00354479
17.69		0.00353897
17.7		0.00353313
17.71		0.00352727
17.72		0.00352139
17.73		0.00351549
17.74		0.00350957
17.75		0.00350364
17.76		0.00349769
17.77		0.00349172
17.78		0.00348573
17.79		0.00347973
17.8		0.00347371
17.81		0.00346768
17.82		0.00346163
17.83		0.00345557
17.84		0.00344949
17.85		0.00344339
17.86		0.00343728
17.87		0.00343116
17.88		0.00342503
17.89		0.00341888
17.9		0.00341272
17.91		0.00340654
17.92		0.00340035
17.93		0.00339415
17.94		0.00338794
17.95		0.00338172
17.96		0.00337549
17.97		0.00336924
17.98		0.00336299
17.99		0.00335672
18		0.00335044
18.01		0.00334416
18.02		0.00333786
18.03		0.00333156
18.04		0.00332525
18.05		0.00331893
18.06		0.0033126
18.07		0.00330626
18.08		0.00329992
18.09		0.00329357
18.1		0.00328721
18.11		0.00328085
18.12		0.00327448
18.13		0.0032681
18.14		0.00326172
18.15		0.00325534
18.16		0.00324895
18.17		0.00324255
18.18		0.00323615
18.19		0.00322975
18.2		0.00322334
18.21		0.00321693
18.22		0.00321052
18.23		0.0032041
18.24		0.00319768
18.25		0.00319126
18.26		0.00318484
18.27		0.00317842
18.28		0.003172
18.29		0.00316557
18.3		0.00315915
18.31		0.00315272
18.32		0.0031463
18.33		0.00313988
18.34		0.00313345
18.35		0.00312703
18.36		0.00312061
18.37		0.00311419
18.38		0.00310778
18.39		0.00310136
18.4		0.00309495
18.41		0.00308855
18.42		0.00308214
18.43		0.00307574
18.44		0.00306935
18.45		0.00306295
18.46		0.00305657
18.47		0.00305019
18.48		0.00304381
18.49		0.00303744
18.5		0.00303107
18.51		0.00302471
18.52		0.00301836
18.53		0.00301201
18.54		0.00300567
18.55		0.00299934
18.56		0.00299302
18.57		0.0029867
18.58		0.00298039
18.59		0.00297409
18.6		0.0029678
18.61		0.00296152
18.62		0.00295525
18.63		0.00294899
18.64		0.00294274
18.65		0.00293649
18.66		0.00293026
18.67		0.00292404
18.68		0.00291783
18.69		0.00291163
18.7		0.00290545
18.71		0.00289927
18.72		0.00289311
18.73		0.00288696
18.74		0.00288082
18.75		0.0028747
18.76		0.00286859
18.77		0.00286249
18.78		0.00285641
18.79		0.00285034
18.8		0.00284428
18.81		0.00283824
18.82		0.00283222
18.83		0.00282621
18.84		0.00282021
18.85		0.00281423
18.86		0.00280827
18.87		0.00280232
18.88		0.00279639
18.89		0.00279048
18.9		0.00278458
18.91		0.0027787
18.92		0.00277283
18.93		0.00276699
18.94		0.00276116
18.95		0.00275535
18.96		0.00274956
18.97		0.00274378
18.98		0.00273803
18.99		0.00273229
19		0.00272658
19.01		0.00272088
19.02		0.0027152
19.03		0.00270954
19.04		0.0027039
19.05		0.00269829
19.06		0.00269269
19.07		0.00268711
19.08		0.00268156
19.09		0.00267602
19.1		0.00267051
19.11		0.00266502
19.12		0.00265955
19.13		0.0026541
19.14		0.00264867
19.15		0.00264327
19.16		0.00263788
19.17		0.00263252
19.18		0.00262719
19.19		0.00262187
19.2		0.00261658
19.21		0.00261131
19.22		0.00260607
19.23		0.00260085
19.24		0.00259565
19.25		0.00259048
19.26		0.00258533
19.27		0.00258021
19.28		0.00257511
19.29		0.00257003
19.3		0.00256498
19.31		0.00255995
19.32		0.00255495
19.33		0.00254998
19.34		0.00254503
19.35		0.0025401
19.36		0.0025352
19.37		0.00253033
19.38		0.00252548
19.39		0.00252066
19.4		0.00251586
19.41		0.00251109
19.42		0.00250635
19.43		0.00250163
19.44		0.00249694
19.45		0.00249228
19.46		0.00248764
19.47		0.00248303
19.48		0.00247845
19.49		0.0024739
19.5		0.00246937
19.51		0.00246487
19.52		0.00246039
19.53		0.00245595
19.54		0.00245153
19.55		0.00244714
19.56		0.00244278
19.57		0.00243844
19.58		0.00243414
19.59		0.00242986
19.6		0.00242561
19.61		0.00242138
19.62		0.00241719
19.63		0.00241302
19.64		0.00240889
19.65		0.00240478
19.66		0.0024007
19.67		0.00239664
19.68		0.00239262
19.69		0.00238863
19.7		0.00238466
19.71		0.00238072
19.72		0.00237682
19.73		0.00237294
19.74		0.00236909
19.75		0.00236526
19.76		0.00236147
19.77		0.00235771
19.78		0.00235397
19.79		0.00235027
19.8		0.00234659
19.81		0.00234295
19.82		0.00233933
19.83		0.00233574
19.84		0.00233218
19.85		0.00232865
19.86		0.00232515
19.87		0.00232167
19.88		0.00231823
19.89		0.00231482
19.9		0.00231143
19.91		0.00230808
19.92		0.00230475
19.93		0.00230146
19.94		0.00229819
19.95		0.00229495
19.96		0.00229174
19.97		0.00228856
19.98		0.00228541
19.99		0.00228229
20		0.00227919
20.01		0.00227613
20.02		0.00227309
20.03		0.00227009
20.04		0.00226711
20.05		0.00226416
20.06		0.00226124
20.07		0.00225835
20.08		0.00225549
20.09		0.00225266
20.1		0.00224985
20.11		0.00224708
20.12		0.00224433
20.13		0.00224161
20.14		0.00223892
20.15		0.00223626
20.16		0.00223363
20.17		0.00223102
20.18		0.00222845
20.19		0.0022259
20.2		0.00222338
20.21		0.00222089
20.22		0.00221842
20.23		0.00221598
20.24		0.00221357
20.25		0.00221119
20.26		0.00220884
20.27		0.00220651
20.28		0.00220422
20.29		0.00220194
20.3		0.0021997
20.31		0.00219748
20.32		0.00219529
20.33		0.00219313
20.34		0.00219099
20.35		0.00218888
20.36		0.0021868
20.37		0.00218475
20.38		0.00218272
20.39		0.00218071
20.4		0.00217874
20.41		0.00217678
20.42		0.00217486
20.43		0.00217296
20.44		0.00217109
20.45		0.00216924
20.46		0.00216742
20.47		0.00216562
20.48		0.00216385
20.49		0.0021621
20.5		0.00216038
20.51		0.00215868
20.52		0.00215701
20.53		0.00215536
20.54		0.00215374
20.55		0.00215214
20.56		0.00215057
20.57		0.00214902
20.58		0.00214749
20.59		0.00214599
20.6		0.00214451
20.61		0.00214305
20.62		0.00214162
20.63		0.00214021
20.64		0.00213883
20.65		0.00213746
20.66		0.00213612
20.67		0.0021348
20.68		0.00213351
20.69		0.00213223
20.7		0.00213098
20.71		0.00212975
20.72		0.00212855
20.73		0.00212736
20.74		0.00212619
20.75		0.00212505
20.76		0.00212393
20.77		0.00212283
20.78		0.00212174
20.79		0.00212068
20.8		0.00211964
20.81		0.00211862
20.82		0.00211762
20.83		0.00211664
20.84		0.00211568
20.85		0.00211474
20.86		0.00211382
20.87		0.00211292
20.88		0.00211203
20.89		0.00211117
20.9		0.00211032
20.91		0.0021095
20.92		0.00210869
20.93		0.00210789
20.94		0.00210712
20.95		0.00210636
20.96		0.00210562
20.97		0.0021049
20.98		0.0021042
20.99		0.00210351
21		0.00210284
21.01		0.00210218
21.02		0.00210155
21.03		0.00210092
21.04		0.00210032
21.05		0.00209973
21.06		0.00209915
21.07		0.00209859
21.08		0.00209805
21.09		0.00209752
21.1		0.002097
21.11		0.0020965
21.12		0.00209601
21.13		0.00209554
21.14		0.00209508
21.15		0.00209464
21.16		0.0020942
21.17		0.00209379
21.18		0.00209338
21.19		0.00209299
21.2		0.00209261
21.21		0.00209224
21.22		0.00209189
21.23		0.00209154
21.24		0.00209121
21.25		0.00209089
21.26		0.00209058
21.27		0.00209029
21.28		0.00209
21.29		0.00208973
21.3		0.00208946
21.31		0.00208921
21.32		0.00208896
21.33		0.00208873
21.34		0.0020885
21.35		0.00208829
21.36		0.00208808
21.37		0.00208789
21.38		0.0020877
21.39		0.00208752
21.4		0.00208735
21.41		0.00208719
21.42		0.00208703
21.43		0.00208689
21.44		0.00208675
21.45		0.00208662
21.46		0.00208649
21.47		0.00208637
21.48		0.00208626
21.49		0.00208616
21.5		0.00208606
21.51		0.00208597
21.52		0.00208589
21.53		0.00208581
21.54		0.00208573
21.55		0.00208567
21.56		0.0020856
21.57		0.00208554
21.58		0.00208549
21.59		0.00208544
21.6		0.0020854
21.61		0.00208536
21.62		0.00208532
21.63		0.00208529
21.64		0.00208526
21.65		0.00208523
21.66		0.00208521
21.67		0.00208519
21.68		0.00208517
21.69		0.00208516
21.7		0.00208514
21.71		0.00208513
21.72		0.00208512
21.73		0.00208512
21.74		0.00208511
21.75		0.00208511
21.76		0.00208511
21.77		0.0020851
21.78		0.0020851
21.79		0.0020851
21.8		0.0020851
21.81		0.0020851
21.82		0.0020851
21.83		0.0020851
21.84		0.0020851
21.85		0.0020851
21.86		0.0020851
21.87		0.00208509
21.88		0.00208509
21.89		0.00208508
21.9		0.00208508
21.91		0.00208507
21.92		0.00208506
21.93		0.00208504
21.94		0.00208503
21.95		0.00208501
21.96		0.00208499
21.97		0.00208497
21.98		0.00208494
21.99		0.00208491
22		0.00208488
22.01		0.00208484
22.02		0.0020848
22.03		0.00208476
22.04		0.00208471
22.05		0.00208466
22.06		0.00208461
22.07		0.00208455
22.08		0.00208448
22.09		0.00208441
22.1		0.00208433
22.11		0.00208425
22.12		0.00208417
22.13		0.00208408
22.14		0.00208398
22.15		0.00208388
22.16		0.00208377
22.17		0.00208365
22.18		0.00208353
22.19		0.00208341
22.2		0.00208327
22.21		0.00208313
22.22		0.00208298
22.23		0.00208283
22.24		0.00208267
22.25		0.0020825
22.26		0.00208232
22.27		0.00208214
22.28		0.00208194
22.29		0.00208174
22.3		0.00208154
22.31		0.00208132
22.32		0.0020811
22.33		0.00208086
22.34		0.00208062
22.35		0.00208037
22.36		0.00208011
22.37		0.00207984
22.38		0.00207957
22.39		0.00207928
22.4		0.00207899
22.41		0.00207868
22.42		0.00207837
22.43		0.00207804
22.44		0.00207771
22.45		0.00207736
22.46		0.00207701
22.47		0.00207665
22.48		0.00207627
22.49		0.00207589
22.5		0.00207549
22.51		0.00207509
22.52		0.00207467
22.53		0.00207424
22.54		0.0020738
22.55		0.00207335
22.56		0.00207289
22.57		0.00207242
22.58		0.00207194
22.59		0.00207144
22.6		0.00207094
22.61		0.00207042
22.62		0.00206989
22.63		0.00206935
22.64		0.0020688
22.65		0.00206824
22.66		0.00206766
22.67		0.00206707
22.68		0.00206647
22.69		0.00206586
22.7		0.00206523
22.71		0.00206459
22.72		0.00206394
22.73		0.00206328
22.74		0.00206261
22.75		0.00206192
22.76		0.00206122
22.77		0.0020605
22.78		0.00205978
22.79		0.00205904
22.8		0.00205829
22.81		0.00205752
22.82		0.00205674
22.83		0.00205595
22.84		0.00205515
22.85		0.00205433
22.86		0.0020535
22.87		0.00205265
22.88		0.00205179
22.89		0.00205092
22.9		0.00205004
22.91		0.00204914
22.92		0.00204823
22.93		0.0020473
22.94		0.00204636
22.95		0.00204541
22.96		0.00204444
22.97		0.00204346
22.98		0.00204247
22.99		0.00204146
23		0.00204044
23.01		0.0020394
23.02		0.00203835
23.03		0.00203729
23.04		0.00203621
23.05		0.00203512
23.06		0.00203401
23.07		0.00203289
23.08		0.00203176
23.09		0.00203061
23.1		0.00202945
23.11		0.00202828
23.12		0.00202709
23.13		0.00202588
23.14		0.00202467
23.15		0.00202343
23.16		0.00202219
23.17		0.00202093
23.18		0.00201965
23.19		0.00201837
23.2		0.00201706
23.21		0.00201575
23.22		0.00201442
23.23		0.00201307
23.24		0.00201172
23.25		0.00201035
23.26		0.00200896
23.27		0.00200756
23.28		0.00200615
23.29		0.00200472
23.3		0.00200328
23.31		0.00200182
23.32		0.00200035
23.33		0.00199887
23.34		0.00199737
23.35		0.00199586
23.36		0.00199434
23.37		0.0019928
23.38		0.00199125
23.39		0.00198968
23.4		0.0019881
23.41		0.00198651
23.42		0.0019849
23.43		0.00198328
23.44		0.00198165
23.45		0.00198
23.46		0.00197834
23.47		0.00197667
23.48		0.00197499
23.49		0.00197329
23.5		0.00197157
23.51		0.00196985
23.52		0.00196811
23.53		0.00196636
23.54		0.00196459
23.55		0.00196281
23.56		0.00196102
23.57		0.00195922
23.58		0.0019574
23.59		0.00195557
23.6		0.00195373
23.61		0.00195188
23.62		0.00195001
23.63		0.00194813
23.64		0.00194624
23.65		0.00194434
23.66		0.00194242
23.67		0.0019405
23.68		0.00193856
23.69		0.0019366
23.7		0.00193464
23.71		0.00193267
23.72		0.00193068
23.73		0.00192868
23.74		0.00192667
23.75		0.00192465
23.76		0.00192261
23.77		0.00192057
23.78		0.00191851
23.79		0.00191645
23.8		0.00191437
23.81		0.00191228
23.82		0.00191018
23.83		0.00190807
23.84		0.00190595
23.85		0.00190381
23.86		0.00190167
23.87		0.00189952
23.88		0.00189736
23.89		0.00189518
23.9		0.001893
23.91		0.0018908
23.92		0.0018886
23.93		0.00188639
23.94		0.00188416
23.95		0.00188193
23.96		0.00187969
23.97		0.00187743
23.98		0.00187517
23.99		0.0018729
24		0.00187062
24.01		0.00186833
24.02		0.00186603
24.03		0.00186373
24.04		0.00186141
24.05		0.00185909
24.06		0.00185676
24.07		0.00185441
24.08		0.00185207
24.09		0.00184971
24.1		0.00184734
24.11		0.00184497
24.12		0.00184259
24.13		0.0018402
24.14		0.0018378
24.15		0.0018354
24.16		0.00183299
24.17		0.00183057
24.18		0.00182814
24.19		0.00182571
24.2		0.00182327
24.21		0.00182083
24.22		0.00181837
24.23		0.00181591
24.24		0.00181345
24.25		0.00181097
24.26		0.0018085
24.27		0.00180601
24.28		0.00180352
24.29		0.00180103
24.3		0.00179852
24.31		0.00179602
24.32		0.0017935
24.33		0.00179099
24.34		0.00178846
24.35		0.00178594
24.36		0.0017834
24.37		0.00178087
24.38		0.00177832
24.39		0.00177578
24.4		0.00177322
24.41		0.00177067
24.42		0.00176811
24.43		0.00176555
24.44		0.00176298
24.45		0.00176041
24.46		0.00175783
24.47		0.00175525
24.48		0.00175267
24.49		0.00175009
24.5		0.0017475
24.51		0.00174491
24.52		0.00174231
24.53		0.00173972
24.54		0.00173712
24.55		0.00173452
24.56		0.00173191
24.57		0.00172931
24.58		0.0017267
24.59		0.00172409
24.6		0.00172148
24.61		0.00171886
24.62		0.00171625
24.63		0.00171363
24.64		0.00171101
24.65		0.00170839
24.66		0.00170577
24.67		0.00170315
24.68		0.00170053
24.69		0.00169791
24.7		0.00169529
24.71		0.00169266
24.72		0.00169004
24.73		0.00168742
24.74		0.00168479
24.75		0.00168217
24.76		0.00167955
24.77		0.00167692
24.78		0.0016743
24.79		0.00167168
24.8		0.00166906
24.81		0.00166644
24.82		0.00166382
24.83		0.00166121
24.84		0.00165859
24.85		0.00165598
24.86		0.00165336
24.87		0.00165075
24.88		0.00164814
24.89		0.00164554
24.9		0.00164293
24.91		0.00164033
24.92		0.00163773
24.93		0.00163513
24.94		0.00163253
24.95		0.00162994
24.96		0.00162735
24.97		0.00162476
24.98		0.00162218
24.99		0.0016196
