x		Diffraction
-5		0.127227
-4.99		0.12694
-4.98		0.126633
-4.97		0.12632
-4.96		0.126015
-4.95		0.12573
-4.94		0.125479
-4.93		0.125272
-4.92		0.12512
-4.91		0.125027
-4.9		0.125
-4.89		0.12504
-4.88		0.125144
-4.87		0.12531
-4.86		0.125531
-4.85		0.125797
-4.84		0.126099
-4.83		0.126424
-4.82		0.12676
-4.81		0.127092
-4.8		0.127409
-4.79		0.127696
-4.78		0.127943
-4.77		0.12814
-4.76		0.128279
-4.75		0.128356
-4.74		0.128366
-4.73		0.128311
-4.72		0.128191
-4.71		0.128013
-4.7		0.127782
-4.69		0.127509
-4.68		0.127203
-4.67		0.126878
-4.66		0.126545
-4.65		0.126217
-4.64		0.125908
-4.63		0.125629
-4.62		0.125392
-4.61		0.125204
-4.6		0.125075
-4.59		0.125009
-4.58		0.125008
-4.57		0.125074
-4.56		0.125204
-4.55		0.125395
-4.54		0.125639
-4.53		0.125928
-4.52		0.126252
-4.51		0.1266
-4.5		0.12696
-4.49		0.127319
-4.48		0.127665
-4.47		0.127985
-4.46		0.12827
-4.45		0.128509
-4.44		0.128694
-4.43		0.128818
-4.42		0.128879
-4.41		0.128873
-4.4		0.128801
-4.39		0.128666
-4.38		0.128472
-4.37		0.128227
-4.36		0.127938
-4.35		0.127615
-4.34		0.12727
-4.33		0.126914
-4.32		0.126559
-4.31		0.126217
-4.3		0.125899
-4.29		0.125617
-4.28		0.125379
-4.27		0.125194
-4.26		0.125069
-4.25		0.125006
-4.24		0.12501
-4.23		0.125081
-4.22		0.125216
-4.21		0.125412
-4.2		0.125663
-4.19		0.125962
-4.18		0.1263
-4.17		0.126667
-4.16		0.127053
-4.15		0.127445
-4.14		0.127833
-4.13		0.128205
-4.12		0.128549
-4.11		0.128857
-4.1		0.129119
-4.09		0.129328
-4.08		0.129477
-4.07		0.129563
-4.06		0.129582
-4.05		0.129536
-4.04		0.129425
-4.03		0.129252
-4.02		0.129023
-4.01		0.128744
-4		0.128424
-3.99		0.128072
-3.98		0.127697
-3.97		0.127311
-3.96		0.126925
-3.95		0.126549
-3.94		0.126194
-3.93		0.125871
-3.92		0.125588
-3.91		0.125354
-3.9		0.125175
-3.89		0.125057
-3.88		0.125003
-3.87		0.125016
-3.86		0.125094
-3.85		0.125238
-3.84		0.125443
-3.83		0.125705
-3.82		0.126018
-3.81		0.126373
-3.8		0.126763
-3.79		0.127178
-3.78		0.127607
-3.77		0.128041
-3.76		0.128468
-3.75		0.128879
-3.74		0.129264
-3.73		0.129614
-3.72		0.129919
-3.71		0.130173
-3.7		0.130371
-3.69		0.130507
-3.68		0.130578
-3.67		0.130583
-3.66		0.130522
-3.65		0.130396
-3.64		0.13021
-3.63		0.129966
-3.62		0.129672
-3.61		0.129333
-3.6		0.128959
-3.59		0.128558
-3.58		0.128139
-3.57		0.127712
-3.56		0.127287
-3.55		0.126874
-3.54		0.126483
-3.53		0.126122
-3.52		0.1258
-3.51		0.125525
-3.5		0.125303
-3.49		0.125138
-3.48		0.125037
-3.47		0.125
-3.46		0.12503
-3.45		0.125126
-3.44		0.125287
-3.43		0.12551
-3.42		0.125791
-3.41		0.126125
-3.4		0.126506
-3.39		0.126926
-3.38		0.127377
-3.37		0.12785
-3.36		0.128337
-3.35		0.128829
-3.34		0.129315
-3.33		0.129787
-3.32		0.130236
-3.31		0.130654
-3.3		0.131032
-3.29		0.131364
-3.28		0.131643
-3.27		0.131866
-3.26		0.132026
-3.25		0.132123
-3.24		0.132153
-3.23		0.132118
-3.22		0.132017
-3.21		0.131853
-3.2		0.131629
-3.19		0.131349
-3.18		0.131018
-3.17		0.130644
-3.16		0.130231
-3.15		0.129789
-3.14		0.129325
-3.13		0.128848
-3.12		0.128366
-3.11		0.127888
-3.1		0.127423
-3.09		0.126978
-3.08		0.126563
-3.07		0.126184
-3.06		0.125848
-3.05		0.125561
-3.04		0.12533
-3.03		0.125157
-3.02		0.125047
-3.01		0.125001
-3		0.125022
-2.99		0.12511
-2.98		0.125263
-2.97		0.12548
-2.96		0.125759
-2.95		0.126095
-2.94		0.126485
-2.93		0.126922
-2.92		0.127401
-2.91		0.127915
-2.9		0.128457
-2.89		0.129019
-2.88		0.129594
-2.87		0.130174
-2.86		0.13075
-2.85		0.131315
-2.84		0.131861
-2.83		0.132381
-2.82		0.132867
-2.81		0.133313
-2.8		0.133713
-2.79		0.134063
-2.78		0.134356
-2.77		0.134591
-2.76		0.134763
-2.75		0.134871
-2.74		0.134913
-2.73		0.134889
-2.72		0.1348
-2.71		0.134647
-2.7		0.134432
-2.69		0.134159
-2.68		0.13383
-2.67		0.133452
-2.66		0.133028
-2.65		0.132564
-2.64		0.132067
-2.63		0.131543
-2.62		0.130998
-2.61		0.13044
-2.6		0.129877
-2.59		0.129314
-2.58		0.128761
-2.57		0.128222
-2.56		0.127706
-2.55		0.127219
-2.54		0.126767
-2.53		0.126357
-2.52		0.125992
-2.51		0.125679
-2.5		0.125421
-2.49		0.125222
-2.48		0.125085
-2.47		0.125012
-2.46		0.125005
-2.45		0.125064
-2.44		0.12519
-2.43		0.125382
-2.42		0.125638
-2.41		0.125958
-2.4		0.126338
-2.39		0.126775
-2.38		0.127266
-2.37		0.127806
-2.36		0.12839
-2.35		0.129014
-2.34		0.129672
-2.33		0.130359
-2.32		0.131067
-2.31		0.131792
-2.3		0.132527
-2.29		0.133265
-2.28		0.134
-2.27		0.134726
-2.26		0.135437
-2.25		0.136126
-2.24		0.136788
-2.23		0.137418
-2.22		0.13801
-2.21		0.138559
-2.2		0.139061
-2.19		0.139512
-2.18		0.139909
-2.17		0.140248
-2.16		0.140527
-2.15		0.140744
-2.14		0.140897
-2.13		0.140986
-2.12		0.14101
-2.11		0.140969
-2.1		0.140864
-2.09		0.140696
-2.08		0.140466
-2.07		0.140177
-2.06		0.139832
-2.05		0.139432
-2.04		0.138982
-2.03		0.138486
-2.02		0.137947
-2.01		0.13737
-2		0.136759
-1.99		0.136119
-1.98		0.135456
-1.97		0.134774
-1.96		0.134079
-1.95		0.133376
-1.94		0.132671
-1.93		0.131968
-1.92		0.131274
-1.91		0.130593
-1.9		0.129931
-1.89		0.129293
-1.88		0.128683
-1.87		0.128107
-1.86		0.127568
-1.85		0.127071
-1.84		0.126619
-1.83		0.126217
-1.82		0.125868
-1.81		0.125574
-1.8		0.125338
-1.79		0.125163
-1.78		0.125051
-1.77		0.125002
-1.76		0.125019
-1.75		0.125101
-1.74		0.125251
-1.73		0.125467
-1.72		0.12575
-1.71		0.126099
-1.7		0.126513
-1.69		0.126991
-1.68		0.127531
-1.67		0.128132
-1.66		0.128791
-1.65		0.129506
-1.64		0.130275
-1.63		0.131095
-1.62		0.131962
-1.61		0.132874
-1.6		0.133826
-1.59		0.134816
-1.58		0.135839
-1.57		0.136892
-1.56		0.137971
-1.55		0.139072
-1.54		0.14019
-1.53		0.141322
-1.52		0.142464
-1.51		0.143611
-1.5		0.144759
-1.49		0.145905
-1.48		0.147044
-1.47		0.148172
-1.46		0.149286
-1.45		0.150382
-1.44		0.151455
-1.43		0.152504
-1.42		0.153523
-1.41		0.15451
-1.4		0.155463
-1.39		0.156377
-1.38		0.15725
-1.37		0.15808
-1.36		0.158865
-1.35		0.159601
-1.34		0.160287
-1.33		0.160922
-1.32		0.161503
-1.31		0.16203
-1.3		0.1625
-1.29		0.162913
-1.28		0.163269
-1.27		0.163566
-1.26		0.163803
-1.25		0.163982
-1.24		0.164102
-1.23		0.164162
-1.22		0.164164
-1.21		0.164107
-1.2		0.163992
-1.19		0.163821
-1.18		0.163593
-1.17		0.163311
-1.16		0.162975
-1.15		0.162587
-1.14		0.162148
-1.13		0.16166
-1.12		0.161125
-1.11		0.160544
-1.1		0.15992
-1.09		0.159255
-1.08		0.15855
-1.07		0.157807
-1.06		0.15703
-1.05		0.156221
-1.04		0.155381
-1.03		0.154514
-1.02		0.153621
-1.01		0.152706
-1		0.151771
-0.99		0.150818
-0.98		0.14985
-0.97		0.148869
-0.96		0.147879
-0.95		0.146881
-0.94		0.145879
-0.93		0.144875
-0.92		0.143871
-0.91		0.14287
-0.9		0.141874
-0.89		0.140887
-0.88		0.139909
-0.87		0.138945
-0.86		0.137996
-0.85		0.137064
-0.84		0.136152
-0.83		0.135262
-0.82		0.134396
-0.81		0.133557
-0.8		0.132745
-0.79		0.131964
-0.78		0.131216
-0.77		0.130501
-0.76		0.129823
-0.75		0.129183
-0.74		0.128582
-0.73		0.128022
-0.72		0.127505
-0.71		0.127033
-0.7		0.126606
-0.69		0.126227
-0.68		0.125896
-0.67		0.125616
-0.66		0.125386
-0.65		0.125209
-0.64		0.125085
-0.63		0.125016
-0.62		0.125002
-0.61		0.125045
-0.6		0.125145
-0.59		0.125303
-0.58		0.125521
-0.57		0.125798
-0.56		0.126136
-0.55		0.126535
-0.54		0.126996
-0.53		0.12752
-0.52		0.128106
-0.51		0.128755
-0.5		0.129469
-0.49		0.130247
-0.48		0.131089
-0.47		0.131997
-0.46		0.13297
-0.45		0.134008
-0.44		0.135113
-0.43		0.136283
-0.42		0.13752
-0.41		0.138823
-0.4		0.140193
-0.39		0.14163
-0.38		0.143134
-0.37		0.144704
-0.36		0.146342
-0.35		0.148047
-0.34		0.149819
-0.33		0.151659
-0.32		0.153566
-0.31		0.15554
-0.3		0.157581
-0.29		0.15969
-0.28		0.161866
-0.27		0.164109
-0.26		0.166419
-0.25		0.168797
-0.24		0.171242
-0.23		0.173754
-0.22		0.176333
-0.21		0.17898
-0.2		0.181693
-0.19		0.184474
-0.18		0.187321
-0.17		0.190236
-0.16		0.193217
-0.15		0.196265
-0.14		0.19938
-0.13		0.202562
-0.12		0.205811
-0.11		0.209127
-0.1		0.212509
-0.09		0.215958
-0.08		0.219474
-0.07		0.223056
-0.06		0.226705
-0.05		0.230421
-0.04		0.234203
-0.03		0.238053
-0.02		0.241968
-0.01		0.245951
-6.23078e-014		0.25
0.01		0.254116
0.02		0.258298
0.03		0.262547
0.04		0.266863
0.05		0.271246
0.06		0.275695
0.07		0.280211
0.08		0.284793
0.09		0.289442
0.1		0.294158
0.11		0.29894
0.12		0.303788
0.13		0.308704
0.14		0.313685
0.15		0.318733
0.16		0.323847
0.17		0.329027
0.18		0.334274
0.19		0.339586
0.2		0.344964
0.21		0.350408
0.22		0.355917
0.23		0.361491
0.24		0.36713
0.25		0.372834
0.26		0.378602
0.27		0.384435
0.28		0.390331
0.29		0.39629
0.3		0.402312
0.31		0.408397
0.32		0.414544
0.33		0.420753
0.34		0.427022
0.35		0.433351
0.36		0.43974
0.37		0.446188
0.38		0.452694
0.39		0.459257
0.4		0.465876
0.41		0.472551
0.42		0.47928
0.43		0.486063
0.44		0.492897
0.45		0.499783
0.46		0.506718
0.47		0.513702
0.48		0.520732
0.49		0.527808
0.5		0.534928
0.51		0.54209
0.52		0.549292
0.53		0.556533
0.54		0.563811
0.55		0.571123
0.56		0.578468
0.57		0.585843
0.58		0.593246
0.59		0.600674
0.6		0.608126
0.61		0.615598
0.62		0.623088
0.63		0.630593
0.64		0.63811
0.65		0.645636
0.66		0.653168
0.67		0.660702
0.68		0.668236
0.69		0.675766
0.7		0.683288
0.71		0.690798
0.72		0.698293
0.73		0.705768
0.74		0.713221
0.75		0.720646
0.76		0.728039
0.77		0.735396
0.78		0.742713
0.79		0.749985
0.8		0.757206
0.81		0.764373
0.82		0.771481
0.83		0.778524
0.84		0.785498
0.85		0.792396
0.86		0.799215
0.87		0.805948
0.88		0.812591
0.89		0.819137
0.9		0.825582
0.91		0.831918
0.92		0.838142
0.93		0.844247
0.94		0.850227
0.95		0.856076
0.96		0.861789
0.97		0.86736
0.98		0.872783
0.99		0.878052
1		0.883161
1.01		0.888104
1.02		0.892876
1.03		0.897471
1.04		0.901882
1.05		0.906105
1.06		0.910133
1.07		0.913961
1.08		0.917584
1.09		0.920997
1.1		0.924193
1.11		0.927169
1.12		0.929919
1.13		0.932438
1.14		0.934722
1.15		0.936766
1.16		0.938566
1.17		0.940118
1.18		0.941418
1.19		0.942463
1.2		0.943249
1.21		0.943773
1.22		0.944033
1.23		0.944026
1.24		0.94375
1.25		0.943203
1.26		0.942384
1.27		0.94129
1.28		0.939922
1.29		0.938279
1.3		0.936361
1.31		0.934168
1.32		0.9317
1.33		0.928959
1.34		0.925947
1.35		0.922664
1.36		0.919113
1.37		0.915298
1.38		0.91122
1.39		0.906884
1.4		0.902293
1.41		0.897453
1.42		0.892366
1.43		0.88704
1.44		0.881479
1.45		0.875689
1.46		0.869678
1.47		0.863451
1.48		0.857016
1.49		0.85038
1.5		0.843553
1.51		0.836541
1.52		0.829354
1.53		0.822
1.54		0.814489
1.55		0.806831
1.56		0.799036
1.57		0.791113
1.58		0.783074
1.59		0.774928
1.6		0.766687
1.61		0.758361
1.62		0.749963
1.63		0.741502
1.64		0.732992
1.65		0.724442
1.66		0.715865
1.67		0.707272
1.68		0.698675
1.69		0.690086
1.7		0.681516
1.71		0.672976
1.72		0.664478
1.73		0.656033
1.74		0.647653
1.75		0.639348
1.76		0.631129
1.77		0.623008
1.78		0.614993
1.79		0.607096
1.8		0.599326
1.81		0.591694
1.82		0.584208
1.83		0.576877
1.84		0.569711
1.85		0.562718
1.86		0.555906
1.87		0.549283
1.88		0.542857
1.89		0.536634
1.9		0.530622
1.91		0.524828
1.92		0.519258
1.93		0.513917
1.94		0.508812
1.95		0.503947
1.96		0.499328
1.97		0.49496
1.98		0.490848
1.99		0.486994
2		0.483405
2.01		0.480083
2.02		0.477032
2.03		0.474255
2.04		0.471756
2.05		0.469537
2.06		0.467602
2.07		0.465952
2.08		0.46459
2.09		0.46352
2.1		0.462741
2.11		0.462257
2.12		0.462069
2.13		0.462179
2.14		0.462588
2.15		0.463296
2.16		0.464306
2.17		0.465618
2.18		0.467231
2.19		0.469147
2.2		0.471365
2.21		0.473885
2.22		0.476705
2.23		0.479824
2.24		0.483241
2.25		0.486954
2.26		0.49096
2.27		0.495254
2.28		0.499835
2.29		0.504696
2.3		0.509833
2.31		0.515239
2.32		0.520909
2.33		0.526833
2.34		0.533004
2.35		0.539412
2.36		0.546047
2.37		0.552897
2.38		0.55995
2.39		0.567192
2.4		0.574609
2.41		0.582186
2.42		0.589904
2.43		0.597748
2.44		0.605698
2.45		0.613734
2.46		0.621836
2.47		0.629981
2.48		0.638148
2.49		0.646312
2.5		0.654449
2.51		0.662535
2.52		0.670543
2.53		0.678448
2.54		0.686223
2.55		0.693841
2.56		0.701275
2.57		0.708499
2.58		0.715485
2.59		0.722206
2.6		0.728637
2.61		0.734752
2.62		0.740525
2.63		0.745933
2.64		0.750952
2.65		0.75556
2.66		0.759738
2.67		0.763465
2.68		0.766724
2.69		0.7695
2.7		0.771778
2.71		0.773548
2.72		0.774798
2.73		0.775523
2.74		0.775716
2.75		0.775374
2.76		0.774498
2.77		0.773089
2.78		0.771152
2.79		0.768694
2.8		0.765724
2.81		0.762255
2.82		0.7583
2.83		0.753876
2.84		0.749002
2.85		0.743699
2.86		0.737989
2.87		0.731898
2.88		0.725453
2.89		0.71868
2.9		0.711609
2.91		0.704272
2.92		0.6967
2.93		0.688925
2.94		0.680982
2.95		0.672902
2.96		0.664721
2.97		0.656473
2.98		0.648192
2.99		0.639911
3		0.631664
3.01		0.623483
3.02		0.615401
3.03		0.607449
3.04		0.599657
3.05		0.592054
3.06		0.584669
3.07		0.577527
3.08		0.570654
3.09		0.564075
3.1		0.557811
3.11		0.551884
3.12		0.546314
3.13		0.541118
3.14		0.536315
3.15		0.531918
3.16		0.527943
3.17		0.524402
3.18		0.521306
3.19		0.518665
3.2		0.516487
3.21		0.514781
3.22		0.513552
3.23		0.512805
3.24		0.512543
3.25		0.512769
3.26		0.513483
3.27		0.514686
3.28		0.516375
3.29		0.518547
3.3		0.521196
3.31		0.524317
3.32		0.527901
3.33		0.531939
3.34		0.536417
3.35		0.541323
3.36		0.546641
3.37		0.552351
3.38		0.558434
3.39		0.564868
3.4		0.571627
3.41		0.578683
3.42		0.586007
3.43		0.593566
3.44		0.601327
3.45		0.609251
3.46		0.617301
3.47		0.625434
3.48		0.633609
3.49		0.641779
3.5		0.649901
3.51		0.657925
3.52		0.665806
3.53		0.673493
3.54		0.68094
3.55		0.688097
3.56		0.694918
3.57		0.701356
3.58		0.707367
3.59		0.712909
3.6		0.717941
3.61		0.722426
3.62		0.726331
3.63		0.729626
3.64		0.732284
3.65		0.734285
3.66		0.735611
3.67		0.736251
3.68		0.736198
3.69		0.73545
3.7		0.734012
3.71		0.731892
3.72		0.729105
3.73		0.725671
3.74		0.721614
3.75		0.716964
3.76		0.711754
3.77		0.706024
3.78		0.699814
3.79		0.69317
3.8		0.686142
3.81		0.678778
3.82		0.671133
3.83		0.66326
3.84		0.655216
3.85		0.647055
3.86		0.638835
3.87		0.63061
3.88		0.622436
3.89		0.614365
3.9		0.606451
3.91		0.598742
3.92		0.591288
3.93		0.584133
3.94		0.57732
3.95		0.57089
3.96		0.564879
3.97		0.559322
3.98		0.55425
3.99		0.54969
4		0.545669
4.01		0.542207
4.02		0.539324
4.03		0.537035
4.04		0.535354
4.05		0.53429
4.06		0.533849
4.07		0.534037
4.08		0.534852
4.09		0.536293
4.1		0.538354
4.11		0.541025
4.12		0.544295
4.13		0.548147
4.14		0.552561
4.15		0.557513
4.16		0.562977
4.17		0.568921
4.18		0.575308
4.19		0.582099
4.2		0.589251
4.21		0.596714
4.22		0.604438
4.23		0.612367
4.24		0.620441
4.25		0.628598
4.26		0.636774
4.27		0.644902
4.28		0.652912
4.29		0.660736
4.3		0.668303
4.31		0.675545
4.32		0.682394
4.33		0.688783
4.34		0.694651
4.35		0.699939
4.36		0.704592
4.37		0.708563
4.38		0.711808
4.39		0.714294
4.4		0.715993
4.41		0.716884
4.42		0.716956
4.43		0.716208
4.44		0.714644
4.45		0.712281
4.46		0.70914
4.47		0.705255
4.48		0.700665
4.49		0.695416
4.5		0.689563
4.51		0.683165
4.52		0.676288
4.53		0.669001
4.54		0.661376
4.55		0.65349
4.56		0.645419
4.57		0.63724
4.58		0.629032
4.59		0.620871
4.6		0.612832
4.61		0.604987
4.62		0.597406
4.63		0.590153
4.64		0.583291
4.65		0.576877
4.66		0.570964
4.67		0.565598
4.68		0.560823
4.69		0.556677
4.7		0.55319
4.71		0.550392
4.72		0.548302
4.73		0.546939
4.74		0.546313
4.75		0.54643
4.76		0.547292
4.77		0.548893
4.78		0.551224
4.79		0.554267
4.8		0.558002
4.81		0.562401
4.82		0.56743
4.83		0.57305
4.84		0.579213
4.85		0.585867
4.86		0.592954
4.87		0.60041
4.88		0.608164
4.89		0.61614
4.9		0.624258
4.91		0.632434
4.92		0.64058
4.93		0.648607
4.94		0.656423
4.95		0.663937
4.96		0.67106
4.97		0.677704
4.98		0.683787
4.99		0.689231
5		0.693965
