q		Transmitted(q)
0	nan
0.01	-0.781916
0.02	-0.77487
0.03	-0.763184
0.04	-0.746939
0.05	-0.726252
0.06	-0.701269
0.07	-0.672167
0.08	-0.639151
0.09	-0.60245
0.1	-0.562319
0.11	-0.519036
0.12	-0.472895
0.13	-0.424208
0.14	-0.373301
0.15	-0.32051
0.16	-0.266179
0.17	-0.210655
0.18	-0.154287
0.19	-0.097425
0.2	-0.0404108
0.21	0.0164194
0.22	0.0727404
0.23	0.12824
0.24	0.18262
0.25	0.235603
0.26	0.286928
0.27	0.336359
0.28	0.38368
0.29	0.428703
0.3	0.471263
0.31	0.511224
0.32	0.548474
0.33	0.582931
0.34	0.614539
0.35	0.643269
0.36	0.669119
0.37	0.692111
0.38	0.712292
0.39	0.729734
0.4	0.744528
0.41	0.756786
0.42	0.766637
0.43	0.774228
0.44	0.779718
0.45	0.783278
0.46	0.78509
0.47	0.785341
0.48	0.784225
0.49	0.781937
0.5	0.778672
0.51	0.774624
0.52	0.769984
0.53	0.764937
0.54	0.759657
0.55	0.754314
0.56	0.749063
0.57	0.744048
0.58	0.739401
0.59	0.735237
0.6	0.731659
0.61	0.728753
0.62	0.726589
0.63	0.725221
0.64	0.724688
0.65	0.725012
0.66	0.726202
0.67	0.728249
0.68	0.731134
0.69	0.734823
0.7	0.739271
0.71	0.744423
0.72	0.750212
0.73	0.756567
0.74	0.763407
0.75	0.770649
0.76	0.778203
0.77	0.78598
0.78	0.793888
0.79	0.801836
0.8	0.809735
0.81	0.817501
0.82	0.825051
0.83	0.832309
0.84	0.839206
0.85	0.845679
0.86	0.851674
0.87	0.857144
0.88	0.862051
0.89	0.866367
0.9	0.870073
0.91	0.873159
0.92	0.875624
0.93	0.877475
0.94	0.87873
0.95	0.879413
0.96	0.879555
0.97	0.879195
0.98	0.878378
0.99	0.877153
1	0.875573
1.01	0.873697
1.02	0.871584
1.03	0.869295
1.04	0.866891
1.05	0.864433
1.06	0.861982
1.07	0.859595
1.08	0.857327
1.09	0.855229
1.1	0.853347
1.11	0.851724
1.12	0.850395
1.13	0.849392
1.14	0.848739
1.15	0.848454
1.16	0.848549
1.17	0.849028
1.18	0.849892
1.19	0.851132
1.2	0.852737
1.21	0.854686
1.22	0.856957
1.23	0.859521
1.24	0.862346
1.25	0.865395
1.26	0.86863
1.27	0.872011
1.28	0.875494
1.29	0.879037
1.3	0.882596
1.31	0.886127
1.32	0.889591
1.33	0.892946
1.34	0.896155
1.35	0.899184
1.36	0.902001
1.37	0.904579
1.38	0.906894
1.39	0.908929
1.4	0.910667
1.41	0.9121
1.42	0.913223
1.43	0.914036
1.44	0.914543
1.45	0.914754
1.46	0.914681
1.47	0.914342
1.48	0.913758
1.49	0.912954
1.5	0.911955
1.51	0.910792
1.52	0.909496
1.53	0.908099
1.54	0.906635
1.55	0.905137
1.56	0.903639
1.57	0.902173
1.58	0.90077
1.59	0.899462
1.6	0.898274
1.61	0.897232
1.62	0.896359
1.63	0.895673
1.64	0.895191
1.65	0.894924
1.66	0.894881
1.67	0.895066
1.68	0.895482
1.69	0.896124
1.7	0.896988
1.71	0.898062
1.72	0.899335
1.73	0.900791
1.74	0.90241
1.75	0.904172
1.76	0.906055
1.77	0.908034
1.78	0.910083
1.79	0.912176
1.8	0.914286
1.81	0.916387
1.82	0.918453
1.83	0.920458
1.84	0.92238
1.85	0.924194
1.86	0.925882
1.87	0.927425
1.88	0.928807
1.89	0.930016
1.9	0.931042
1.91	0.931877
1.92	0.932517
1.93	0.932961
1.94	0.933212
1.95	0.933274
1.96	0.933154
1.97	0.932865
1.98	0.932417
1.99	0.931826
2	0.93111
2.01	0.930286
2.02	0.929376
2.03	0.928399
2.04	0.927379
2.05	0.926336
2.06	0.925293
2.07	0.924271
2.08	0.923292
2.09	0.922375
2.1	0.921539
2.11	0.920802
2.12	0.920178
2.13	0.91968
2.14	0.91932
2.15	0.919107
2.16	0.919046
2.17	0.919141
2.18	0.919393
2.19	0.919801
2.2	0.920361
2.21	0.921068
2.22	0.921911
2.23	0.922881
2.24	0.923966
2.25	0.925151
2.26	0.92642
2.27	0.927757
2.28	0.929145
2.29	0.930565
2.3	0.931998
2.31	0.933427
2.32	0.934832
2.33	0.936197
2.34	0.937504
2.35	0.938737
2.36	0.939883
2.37	0.940927
2.38	0.941859
2.39	0.94267
2.4	0.943352
2.41	0.943899
2.42	0.94431
2.43	0.944581
2.44	0.944716
2.45	0.944716
2.46	0.944588
2.47	0.944339
2.48	0.943977
2.49	0.943513
2.5	0.94296
2.51	0.94233
2.52	0.941638
2.53	0.9409
2.54	0.94013
2.55	0.939345
2.56	0.93856
2.57	0.937793
2.58	0.937056
2.59	0.936367
2.6	0.935737
2.61	0.93518
2.62	0.934707
2.63	0.934328
2.64	0.93405
2.65	0.933881
2.66	0.933824
2.67	0.933884
2.68	0.93406
2.69	0.934352
2.7	0.934756
2.71	0.93527
2.72	0.935886
2.73	0.936596
2.74	0.937391
2.75	0.938261
2.76	0.939195
2.77	0.940179
2.78	0.941202
2.79	0.942248
2.8	0.943304
2.81	0.944357
2.82	0.945392
2.83	0.946396
2.84	0.947357
2.85	0.948262
2.86	0.949101
2.87	0.949863
2.88	0.950541
2.89	0.951127
2.9	0.951615
2.91	0.952001
2.92	0.952283
2.93	0.95246
2.94	0.952534
2.95	0.952505
2.96	0.952379
2.97	0.95216
2.98	0.951856
2.99	0.951475
3	0.951027
3.01	0.95052
3.02	0.949967
3.03	0.949378
3.04	0.948767
3.05	0.948144
3.06	0.947524
3.07	0.946917
3.08	0.946335
3.09	0.945791
3.1	0.945293
3.11	0.944853
3.12	0.944479
3.13	0.944178
3.14	0.943958
3.15	0.943822
3.16	0.943774
3.17	0.943817
3.18	0.943952
3.19	0.944177
3.2	0.944491
3.21	0.944889
3.22	0.945368
3.23	0.94592
3.24	0.94654
3.25	0.947217
3.26	0.947945
3.27	0.948711
3.28	0.949507
3.29	0.950322
3.3	0.951143
3.31	0.951962
3.32	0.952766
3.33	0.953545
3.34	0.95429
3.35	0.95499
3.36	0.955636
3.37	0.956222
3.38	0.956741
3.39	0.957186
3.4	0.957553
3.41	0.95784
3.42	0.958043
3.43	0.958163
3.44	0.9582
3.45	0.958157
3.46	0.958035
3.47	0.957841
3.48	0.957579
3.49	0.957256
3.5	0.956879
3.51	0.956456
3.52	0.955997
3.53	0.955511
3.54	0.955007
3.55	0.954495
3.56	0.953985
3.57	0.953488
3.58	0.953012
3.59	0.952566
3.6	0.95216
3.61	0.9518
3.62	0.951495
3.63	0.951249
3.64	0.951069
3.65	0.950958
3.66	0.950919
3.67	0.950954
3.68	0.951064
3.69	0.951247
3.7	0.951502
3.71	0.951825
3.72	0.952214
3.73	0.952663
3.74	0.953166
3.75	0.953716
3.76	0.954306
3.77	0.954928
3.78	0.955573
3.79	0.956232
3.8	0.956897
3.81	0.957559
3.82	0.958208
3.83	0.958836
3.84	0.959435
3.85	0.959997
3.86	0.960515
3.87	0.960983
3.88	0.961394
3.89	0.961745
3.9	0.962032
3.91	0.962252
3.92	0.962404
3.93	0.962487
3.94	0.962502
3.95	0.96245
3.96	0.962334
3.97	0.962159
3.98	0.961927
3.99	0.961646
4	0.961322
