Mass-Number			Cosine-of-Scattering-Angle
2			-0.0293402
2.01			-0.0286487
2.02			-0.0279783
2.03			-0.027328
2.04			-0.0266973
2.05			-0.0260852
2.06			-0.0254913
2.07			-0.0249147
2.08			-0.024355
2.09			-0.0238113
2.1			-0.0232833
2.11			-0.0227704
2.12			-0.0222719
2.13			-0.0217875
2.14			-0.0213166
2.15			-0.0208588
2.16			-0.0204135
2.17			-0.0199805
2.18			-0.0195592
2.19			-0.0191494
2.2			-0.0187505
2.21			-0.0183623
2.22			-0.0179843
2.23			-0.0176164
2.24			-0.017258
2.25			-0.016909
2.26			-0.016569
2.27			-0.0162378
2.28			-0.015915
2.29			-0.0156004
2.3			-0.0152938
2.31			-0.0149949
2.32			-0.0147034
2.33			-0.0144192
2.34			-0.014142
2.35			-0.0138716
2.36			-0.0136077
2.37			-0.0133503
2.38			-0.0130991
2.39			-0.0128539
2.4			-0.0126146
2.41			-0.012381
2.42			-0.0121528
2.43			-0.0119301
2.44			-0.0117125
2.45			-0.0115
2.46			-0.0112924
2.47			-0.0110895
2.48			-0.0108913
2.49			-0.0106976
2.5			-0.0105083
2.51			-0.0103233
2.52			-0.0101424
2.53			-0.0099655
2.54			-0.00979255
2.55			-0.00962342
2.56			-0.009458
2.57			-0.00929619
2.58			-0.0091379
2.59			-0.00898304
2.6			-0.00883151
2.61			-0.00868322
2.62			-0.0085381
2.63			-0.00839606
2.64			-0.00825701
2.65			-0.00812089
2.66			-0.00798762
2.67			-0.00785712
2.68			-0.00772933
2.69			-0.00760417
2.7			-0.00748158
2.71			-0.0073615
2.72			-0.00724387
2.73			-0.00712861
2.74			-0.00701569
2.75			-0.00690503
2.76			-0.00679658
2.77			-0.00669029
2.78			-0.0065861
2.79			-0.00648397
2.8			-0.00638385
2.81			-0.00628569
2.82			-0.00618943
2.83			-0.00609505
2.84			-0.00600248
2.85			-0.0059117
2.86			-0.00582265
2.87			-0.0057353
2.88			-0.00564961
2.89			-0.00556554
2.9			-0.00548306
2.91			-0.00540212
2.92			-0.00532269
2.93			-0.00524473
2.94			-0.00516823
2.95			-0.00509313
2.96			-0.00501941
2.97			-0.00494704
2.98			-0.004876
2.99			-0.00480624
3			-0.00473774
3.01			-0.00467048
3.02			-0.00460442
3.03			-0.00453954
3.04			-0.00447582
3.05			-0.00441323
3.06			-0.00435175
3.07			-0.00429134
3.08			-0.004232
3.09			-0.00417369
3.1			-0.0041164
3.11			-0.0040601
3.12			-0.00400477
3.13			-0.00395039
3.14			-0.00389695
3.15			-0.00384442
3.16			-0.00379278
3.17			-0.00374202
3.18			-0.00369212
3.19			-0.00364305
3.2			-0.00359481
3.21			-0.00354737
3.22			-0.00350073
3.23			-0.00345486
3.24			-0.00340974
3.25			-0.00336537
3.26			-0.00332173
3.27			-0.0032788
3.28			-0.00323657
3.29			-0.00319503
3.3			-0.00315416
3.31			-0.00311395
3.32			-0.00307438
3.33			-0.00303545
3.34			-0.00299714
3.35			-0.00295944
3.36			-0.00292234
3.37			-0.00288582
3.38			-0.00284988
3.39			-0.0028145
3.4			-0.00277968
3.41			-0.0027454
3.42			-0.00271165
3.43			-0.00267842
3.44			-0.00264571
3.45			-0.0026135
3.46			-0.00258179
3.47			-0.00255056
3.48			-0.0025198
3.49			-0.00248951
3.5			-0.00245968
3.51			-0.00243031
3.52			-0.00240137
3.53			-0.00237287
3.54			-0.00234479
3.55			-0.00231713
3.56			-0.00228988
3.57			-0.00226304
3.58			-0.00223659
3.59			-0.00221053
3.6			-0.00218485
3.61			-0.00215955
3.62			-0.00213462
3.63			-0.00211005
3.64			-0.00208583
3.65			-0.00206197
3.66			-0.00203844
3.67			-0.00201526
3.68			-0.00199241
3.69			-0.00196988
3.7			-0.00194768
3.71			-0.00192579
3.72			-0.0019042
3.73			-0.00188293
3.74			-0.00186195
3.75			-0.00184127
3.76			-0.00182087
3.77			-0.00180076
3.78			-0.00178093
3.79			-0.00176137
3.8			-0.00174209
3.81			-0.00172307
3.82			-0.00170431
3.83			-0.0016858
3.84			-0.00166755
3.85			-0.00164955
3.86			-0.00163179
3.87			-0.00161427
3.88			-0.00159699
3.89			-0.00157995
3.9			-0.00156313
3.91			-0.00154653
3.92			-0.00153016
3.93			-0.001514
3.94			-0.00149806
3.95			-0.00148233
3.96			-0.00146681
3.97			-0.00145149
3.98			-0.00143638
3.99			-0.00142146
4			-0.00140673
4.01			-0.0013922
4.02			-0.00137786
4.03			-0.0013637
4.04			-0.00134972
4.05			-0.00133593
4.06			-0.00132231
4.07			-0.00130886
4.08			-0.00129559
4.09			-0.00128249
4.1			-0.00126955
4.11			-0.00125678
4.12			-0.00124417
4.13			-0.00123172
4.14			-0.00121942
4.15			-0.00120728
4.16			-0.00119529
4.17			-0.00118345
4.18			-0.00117176
4.19			-0.00116021
4.2			-0.0011488
4.21			-0.00113754
4.22			-0.00112641
4.23			-0.00111542
4.24			-0.00110457
4.25			-0.00109385
4.26			-0.00108326
4.27			-0.0010728
4.28			-0.00106246
4.29			-0.00105225
4.3			-0.00104216
4.31			-0.0010322
4.32			-0.00102235
4.33			-0.00101262
4.34			-0.00100301
4.35			-0.000993514
4.36			-0.00098413
4.37			-0.000974856
4.38			-0.000965693
4.39			-0.000956638
4.4			-0.000947689
4.41			-0.000938845
4.42			-0.000930105
4.43			-0.000921467
4.44			-0.000912929
4.45			-0.000904491
4.46			-0.000896151
4.47			-0.000887907
4.48			-0.000879759
4.49			-0.000871704
4.5			-0.000863742
4.51			-0.000855871
4.52			-0.00084809
4.53			-0.000840398
4.54			-0.000832793
4.55			-0.000825275
4.56			-0.000817842
4.57			-0.000810493
4.58			-0.000803227
4.59			-0.000796042
4.6			-0.000788938
4.61			-0.000781914
4.62			-0.000774968
4.63			-0.000768099
4.64			-0.000761307
4.65			-0.000754591
4.66			-0.000747948
4.67			-0.000741379
4.68			-0.000734882
4.69			-0.000728457
4.7			-0.000722102
4.71			-0.000715817
4.72			-0.0007096
4.73			-0.000703451
4.74			-0.000697369
4.75			-0.000691353
4.76			-0.000685402
4.77			-0.000679515
4.78			-0.000673691
4.79			-0.000667931
4.8			-0.000662232
4.81			-0.000656593
4.82			-0.000651016
4.83			-0.000645497
4.84			-0.000640037
4.85			-0.000634635
4.86			-0.000629291
4.87			-0.000624002
4.88			-0.00061877
4.89			-0.000613592
4.9			-0.000608469
4.91			-0.000603399
4.92			-0.000598383
4.93			-0.000593418
4.94			-0.000588506
4.95			-0.000583644
4.96			-0.000578833
4.97			-0.000574071
4.98			-0.000569358
4.99			-0.000564694
5			-0.000560078
5.01			-0.000555509
5.02			-0.000550987
5.03			-0.000546511
5.04			-0.000542081
5.05			-0.000537696
5.06			-0.000533355
5.07			-0.000529058
5.08			-0.000524804
5.09			-0.000520594
5.1			-0.000516425
5.11			-0.000512299
5.12			-0.000508213
5.13			-0.000504169
5.14			-0.000500165
5.15			-0.000496201
5.16			-0.000492276
5.17			-0.00048839
5.18			-0.000484543
5.19			-0.000480733
5.2			-0.000476962
5.21			-0.000473227
5.22			-0.000469529
5.23			-0.000465867
5.24			-0.00046224
5.25			-0.00045865
5.26			-0.000455094
5.27			-0.000451573
5.28			-0.000448085
5.29			-0.000444632
5.3			-0.000441212
5.31			-0.000437825
5.32			-0.00043447
5.33			-0.000431148
5.34			-0.000427858
5.35			-0.000424599
5.36			-0.000421371
5.37			-0.000418174
5.38			-0.000415007
5.39			-0.00041187
5.4			-0.000408763
5.41			-0.000405685
5.42			-0.000402637
5.43			-0.000399617
5.44			-0.000396625
5.45			-0.000393662
5.46			-0.000390726
5.47			-0.000387818
5.48			-0.000384937
5.49			-0.000382082
5.5			-0.000379255
5.51			-0.000376453
5.52			-0.000373677
5.53			-0.000370927
5.54			-0.000368202
5.55			-0.000365503
5.56			-0.000362828
5.57			-0.000360178
5.58			-0.000357552
5.59			-0.00035495
5.6			-0.000352371
5.61			-0.000349816
5.62			-0.000347285
5.63			-0.000344776
5.64			-0.00034229
5.65			-0.000339826
5.66			-0.000337385
5.67			-0.000334965
5.68			-0.000332568
5.69			-0.000330192
5.7			-0.000327837
5.71			-0.000325503
5.72			-0.00032319
5.73			-0.000320897
5.74			-0.000318625
5.75			-0.000316373
5.76			-0.000314141
5.77			-0.000311929
5.78			-0.000309736
5.79			-0.000307562
5.8			-0.000305408
5.81			-0.000303273
5.82			-0.000301156
5.83			-0.000299057
5.84			-0.000296977
5.85			-0.000294916
5.86			-0.000292872
5.87			-0.000290845
5.88			-0.000288837
5.89			-0.000286846
5.9			-0.000284871
5.91			-0.000282914
5.92			-0.000280974
5.93			-0.000279051
5.94			-0.000277143
5.95			-0.000275253
5.96			-0.000273378
5.97			-0.000271519
5.98			-0.000269677
5.99			-0.00026785
6			-0.000266038
6.01			-0.000264242
6.02			-0.00026246
6.03			-0.000260694
6.04			-0.000258943
6.05			-0.000257207
6.06			-0.000255485
6.07			-0.000253777
6.08			-0.000252084
6.09			-0.000250405
6.1			-0.00024874
6.11			-0.000247089
6.12			-0.000245452
6.13			-0.000243828
6.14			-0.000242217
6.15			-0.00024062
6.16			-0.000239036
6.17			-0.000237466
6.18			-0.000235908
6.19			-0.000234362
6.2			-0.00023283
6.21			-0.00023131
6.22			-0.000229803
6.23			-0.000228307
6.24			-0.000226824
6.25			-0.000225353
6.26			-0.000223894
6.27			-0.000222447
6.28			-0.000221012
6.29			-0.000219588
6.3			-0.000218175
6.31			-0.000216774
6.32			-0.000215385
6.33			-0.000214006
6.34			-0.000212639
6.35			-0.000211282
6.36			-0.000209936
6.37			-0.000208601
6.38			-0.000207277
6.39			-0.000205963
6.4			-0.000204659
6.41			-0.000203366
6.42			-0.000202083
6.43			-0.00020081
6.44			-0.000199548
6.45			-0.000198295
6.46			-0.000197052
6.47			-0.000195819
6.48			-0.000194595
6.49			-0.000193381
6.5			-0.000192177
6.51			-0.000190981
6.52			-0.000189796
6.53			-0.000188619
6.54			-0.000187451
6.55			-0.000186293
6.56			-0.000185144
6.57			-0.000184003
6.58			-0.000182871
6.59			-0.000181748
6.6			-0.000180634
6.61			-0.000179528
6.62			-0.00017843
6.63			-0.000177341
6.64			-0.000176261
6.65			-0.000175188
6.66			-0.000174124
6.67			-0.000173068
6.68			-0.000172019
6.69			-0.000170979
6.7			-0.000169947
6.71			-0.000168922
6.72			-0.000167905
6.73			-0.000166896
6.74			-0.000165895
6.75			-0.000164901
6.76			-0.000163914
6.77			-0.000162935
6.78			-0.000161963
6.79			-0.000160998
6.8			-0.000160041
6.81			-0.00015909
6.82			-0.000158147
6.83			-0.000157211
6.84			-0.000156281
6.85			-0.000155359
6.86			-0.000154443
6.87			-0.000153534
6.88			-0.000152632
6.89			-0.000151737
6.9			-0.000150848
6.91			-0.000149965
6.92			-0.000149089
6.93			-0.00014822
6.94			-0.000147356
6.95			-0.000146499
6.96			-0.000145649
6.97			-0.000144804
6.98			-0.000143966
6.99			-0.000143133
7			-0.000142307
7.01			-0.000141487
7.02			-0.000140672
7.03			-0.000139864
7.04			-0.000139061
7.05			-0.000138264
7.06			-0.000137473
7.07			-0.000136687
7.08			-0.000135907
7.09			-0.000135133
7.1			-0.000134364
7.11			-0.0001336
7.12			-0.000132842
7.13			-0.00013209
7.14			-0.000131342
7.15			-0.0001306
7.16			-0.000129864
7.17			-0.000129132
7.18			-0.000128406
7.19			-0.000127684
7.2			-0.000126968
7.21			-0.000126257
7.22			-0.000125551
7.23			-0.000124849
7.24			-0.000124153
7.25			-0.000123462
7.26			-0.000122775
7.27			-0.000122093
7.28			-0.000121416
7.29			-0.000120743
7.3			-0.000120076
7.31			-0.000119412
7.32			-0.000118754
7.33			-0.0001181
7.34			-0.00011745
7.35			-0.000116805
7.36			-0.000116164
7.37			-0.000115528
7.38			-0.000114896
7.39			-0.000114269
7.4			-0.000113645
7.41			-0.000113026
7.42			-0.000112412
7.43			-0.000111801
7.44			-0.000111195
7.45			-0.000110592
7.46			-0.000109994
7.47			-0.0001094
7.48			-0.000108809
7.49			-0.000108223
7.5			-0.000107641
7.51			-0.000107063
7.52			-0.000106488
7.53			-0.000105917
7.54			-0.000105351
7.55			-0.000104788
7.56			-0.000104228
7.57			-0.000103673
7.58			-0.000103121
7.59			-0.000102573
7.6			-0.000102029
7.61			-0.000101488
7.62			-0.00010095
7.63			-0.000100417
7.64			-9.98865e-005
7.65			-9.93599e-005
7.66			-9.88366e-005
7.67			-9.83169e-005
7.68			-9.78005e-005
7.69			-9.72876e-005
7.7			-9.6778e-005
7.71			-9.62717e-005
7.72			-9.57688e-005
7.73			-9.52692e-005
7.74			-9.47728e-005
7.75			-9.42796e-005
7.76			-9.37897e-005
7.77			-9.33029e-005
7.78			-9.28193e-005
7.79			-9.23389e-005
7.8			-9.18615e-005
7.81			-9.13873e-005
7.82			-9.09161e-005
7.83			-9.04479e-005
7.84			-8.99827e-005
7.85			-8.95206e-005
7.86			-8.90614e-005
7.87			-8.86052e-005
7.88			-8.81518e-005
7.89			-8.77014e-005
7.9			-8.72539e-005
7.91			-8.68092e-005
7.92			-8.63674e-005
7.93			-8.59283e-005
7.94			-8.54921e-005
7.95			-8.50586e-005
7.96			-8.46279e-005
7.97			-8.41999e-005
7.98			-8.37746e-005
7.99			-8.3352e-005
8			-8.29321e-005
8.01			-8.25148e-005
8.02			-8.21001e-005
8.03			-8.16881e-005
8.04			-8.12786e-005
8.05			-8.08717e-005
8.06			-8.04674e-005
8.07			-8.00656e-005
8.08			-7.96662e-005
8.09			-7.92694e-005
8.1			-7.88751e-005
8.11			-7.84832e-005
8.12			-7.80937e-005
8.13			-7.77067e-005
8.14			-7.7322e-005
8.15			-7.69398e-005
8.16			-7.65599e-005
8.17			-7.61823e-005
8.18			-7.58071e-005
8.19			-7.54342e-005
8.2			-7.50635e-005
8.21			-7.46952e-005
8.22			-7.43291e-005
8.23			-7.39653e-005
8.24			-7.36037e-005
8.25			-7.32443e-005
8.26			-7.28871e-005
8.27			-7.2532e-005
8.28			-7.21792e-005
8.29			-7.18285e-005
8.3			-7.14799e-005
8.31			-7.11334e-005
8.32			-7.07891e-005
8.33			-7.04468e-005
8.34			-7.01066e-005
8.35			-6.97684e-005
8.36			-6.94323e-005
8.37			-6.90982e-005
8.38			-6.87661e-005
8.39			-6.8436e-005
8.4			-6.81079e-005
8.41			-6.77818e-005
8.42			-6.74576e-005
8.43			-6.71353e-005
8.44			-6.6815e-005
8.45			-6.64966e-005
8.46			-6.61801e-005
8.47			-6.58655e-005
8.48			-6.55527e-005
8.49			-6.52418e-005
8.5			-6.49328e-005
8.51			-6.46255e-005
8.52			-6.43201e-005
8.53			-6.40165e-005
8.54			-6.37147e-005
8.55			-6.34147e-005
8.56			-6.31164e-005
8.57			-6.28199e-005
8.58			-6.25252e-005
8.59			-6.22321e-005
8.6			-6.19408e-005
8.61			-6.16512e-005
8.62			-6.13633e-005
8.63			-6.1077e-005
8.64			-6.07925e-005
8.65			-6.05096e-005
8.66			-6.02283e-005
8.67			-5.99487e-005
8.68			-5.96707e-005
8.69			-5.93943e-005
8.7			-5.91195e-005
8.71			-5.88463e-005
8.72			-5.85746e-005
8.73			-5.83046e-005
8.74			-5.80361e-005
8.75			-5.77691e-005
8.76			-5.75037e-005
8.77			-5.72398e-005
8.78			-5.69775e-005
8.79			-5.67166e-005
8.8			-5.64572e-005
8.81			-5.61993e-005
8.82			-5.59429e-005
8.83			-5.56879e-005
8.84			-5.54344e-005
8.85			-5.51824e-005
8.86			-5.49317e-005
8.87			-5.46825e-005
8.88			-5.44347e-005
8.89			-5.41883e-005
8.9			-5.39433e-005
8.91			-5.36997e-005
8.92			-5.34575e-005
8.93			-5.32166e-005
8.94			-5.29771e-005
8.95			-5.2739e-005
8.96			-5.25021e-005
8.97			-5.22666e-005
8.98			-5.20325e-005
8.99			-5.17996e-005
9			-5.1568e-005
9.01			-5.13378e-005
9.02			-5.11088e-005
9.03			-5.08811e-005
9.04			-5.06547e-005
9.05			-5.04295e-005
9.06			-5.02056e-005
9.07			-4.99829e-005
9.08			-4.97615e-005
9.09			-4.95412e-005
9.1			-4.93222e-005
9.11			-4.91045e-005
9.12			-4.88879e-005
9.13			-4.86725e-005
9.14			-4.84583e-005
9.15			-4.82453e-005
9.16			-4.80334e-005
9.17			-4.78227e-005
9.18			-4.76132e-005
9.19			-4.74048e-005
9.2			-4.71976e-005
9.21			-4.69914e-005
9.22			-4.67865e-005
9.23			-4.65826e-005
9.24			-4.63798e-005
9.25			-4.61782e-005
9.26			-4.59776e-005
9.27			-4.57781e-005
9.28			-4.55798e-005
9.29			-4.53824e-005
9.3			-4.51862e-005
9.31			-4.4991e-005
9.32			-4.47969e-005
9.33			-4.46038e-005
9.34			-4.44118e-005
9.35			-4.42208e-005
9.36			-4.40308e-005
9.37			-4.38418e-005
9.38			-4.36539e-005
9.39			-4.34669e-005
9.4			-4.3281e-005
9.41			-4.30961e-005
9.42			-4.29121e-005
9.43			-4.27291e-005
9.44			-4.25471e-005
9.45			-4.23661e-005
9.46			-4.2186e-005
9.47			-4.20069e-005
9.48			-4.18288e-005
9.49			-4.16516e-005
9.5			-4.14753e-005
9.51			-4.13e-005
9.52			-4.11255e-005
9.53			-4.0952e-005
9.54			-4.07795e-005
9.55			-4.06078e-005
9.56			-4.0437e-005
9.57			-4.02672e-005
9.58			-4.00982e-005
9.59			-3.99301e-005
9.6			-3.97629e-005
9.61			-3.95966e-005
9.62			-3.94311e-005
9.63			-3.92665e-005
9.64			-3.91028e-005
9.65			-3.89399e-005
9.66			-3.87778e-005
9.67			-3.86167e-005
9.68			-3.84563e-005
9.69			-3.82968e-005
9.7			-3.81381e-005
9.71			-3.79802e-005
9.72			-3.78232e-005
9.73			-3.76669e-005
9.74			-3.75115e-005
9.75			-3.73568e-005
9.76			-3.7203e-005
9.77			-3.705e-005
9.78			-3.68977e-005
9.79			-3.67462e-005
9.8			-3.65955e-005
9.81			-3.64456e-005
9.82			-3.62964e-005
9.83			-3.6148e-005
9.84			-3.60004e-005
9.85			-3.58535e-005
9.86			-3.57074e-005
9.87			-3.5562e-005
9.88			-3.54173e-005
9.89			-3.52734e-005
9.9			-3.51303e-005
9.91			-3.49878e-005
9.92			-3.48461e-005
9.93			-3.4705e-005
9.94			-3.45647e-005
9.95			-3.44252e-005
9.96			-3.42863e-005
9.97			-3.41481e-005
9.98			-3.40106e-005
9.99			-3.38738e-005
10			-3.37377e-005
10.01			-3.36023e-005
10.02			-3.34675e-005
10.03			-3.33334e-005
10.04			-3.32e-005
10.05			-3.30673e-005
10.06			-3.29352e-005
10.07			-3.28038e-005
10.08			-3.26731e-005
10.09			-3.2543e-005
10.1			-3.24135e-005
10.11			-3.22847e-005
10.12			-3.21565e-005
10.13			-3.2029e-005
10.14			-3.19021e-005
10.15			-3.17758e-005
10.16			-3.16502e-005
10.17			-3.15251e-005
10.18			-3.14007e-005
10.19			-3.12769e-005
10.2			-3.11537e-005
10.21			-3.10312e-005
10.22			-3.09092e-005
10.23			-3.07878e-005
10.24			-3.0667e-005
10.25			-3.05468e-005
10.26			-3.04272e-005
10.27			-3.03082e-005
10.28			-3.01898e-005
10.29			-3.00719e-005
10.3			-2.99547e-005
10.31			-2.9838e-005
10.32			-2.97218e-005
10.33			-2.96062e-005
10.34			-2.94912e-005
10.35			-2.93768e-005
10.36			-2.92629e-005
10.37			-2.91495e-005
10.38			-2.90367e-005
10.39			-2.89245e-005
10.4			-2.88128e-005
10.41			-2.87016e-005
10.42			-2.8591e-005
10.43			-2.84809e-005
10.44			-2.83713e-005
10.45			-2.82623e-005
10.46			-2.81537e-005
10.47			-2.80457e-005
10.48			-2.79383e-005
10.49			-2.78313e-005
10.5			-2.77248e-005
10.51			-2.76189e-005
10.52			-2.75135e-005
10.53			-2.74085e-005
10.54			-2.73041e-005
10.55			-2.72002e-005
10.56			-2.70967e-005
10.57			-2.69938e-005
10.58			-2.68913e-005
10.59			-2.67893e-005
10.6			-2.66878e-005
10.61			-2.65868e-005
10.62			-2.64863e-005
10.63			-2.63862e-005
10.64			-2.62866e-005
10.65			-2.61875e-005
10.66			-2.60889e-005
10.67			-2.59907e-005
10.68			-2.5893e-005
10.69			-2.57957e-005
10.7			-2.56989e-005
10.71			-2.56026e-005
10.72			-2.55067e-005
10.73			-2.54112e-005
10.74			-2.53162e-005
10.75			-2.52216e-005
10.76			-2.51275e-005
10.77			-2.50338e-005
10.78			-2.49406e-005
10.79			-2.48478e-005
10.8			-2.47554e-005
10.81			-2.46635e-005
10.82			-2.45719e-005
10.83			-2.44808e-005
10.84			-2.43902e-005
10.85			-2.42999e-005
10.86			-2.42101e-005
10.87			-2.41207e-005
10.88			-2.40316e-005
10.89			-2.39431e-005
10.9			-2.38549e-005
10.91			-2.37671e-005
10.92			-2.36797e-005
10.93			-2.35927e-005
10.94			-2.35061e-005
10.95			-2.342e-005
10.96			-2.33342e-005
10.97			-2.32488e-005
10.98			-2.31638e-005
10.99			-2.30792e-005
11			-2.29949e-005
11.01			-2.29111e-005
11.02			-2.28276e-005
11.03			-2.27445e-005
11.04			-2.26618e-005
11.05			-2.25795e-005
11.06			-2.24976e-005
11.07			-2.2416e-005
11.08			-2.23348e-005
11.09			-2.22539e-005
11.1			-2.21734e-005
11.11			-2.20933e-005
11.12			-2.20136e-005
11.13			-2.19342e-005
11.14			-2.18551e-005
11.15			-2.17765e-005
11.16			-2.16981e-005
11.17			-2.16202e-005
11.18			-2.15425e-005
11.19			-2.14653e-005
11.2			-2.13883e-005
11.21			-2.13118e-005
11.22			-2.12355e-005
11.23			-2.11596e-005
11.24			-2.10841e-005
11.25			-2.10088e-005
11.26			-2.0934e-005
11.27			-2.08594e-005
11.28			-2.07852e-005
11.29			-2.07113e-005
11.3			-2.06377e-005
11.31			-2.05645e-005
11.32			-2.04916e-005
11.33			-2.0419e-005
11.34			-2.03467e-005
11.35			-2.02748e-005
11.36			-2.02031e-005
11.37			-2.01318e-005
11.38			-2.00608e-005
11.39			-1.99901e-005
11.4			-1.99198e-005
11.41			-1.98497e-005
11.42			-1.97799e-005
11.43			-1.97105e-005
11.44			-1.96414e-005
11.45			-1.95725e-005
11.46			-1.9504e-005
11.47			-1.94357e-005
11.48			-1.93678e-005
11.49			-1.93001e-005
11.5			-1.92328e-005
11.51			-1.91657e-005
11.52			-1.9099e-005
11.53			-1.90325e-005
11.54			-1.89663e-005
11.55			-1.89004e-005
11.56			-1.88348e-005
11.57			-1.87695e-005
11.58			-1.87044e-005
11.59			-1.86397e-005
11.6			-1.85752e-005
11.61			-1.8511e-005
11.62			-1.84471e-005
11.63			-1.83834e-005
11.64			-1.83201e-005
11.65			-1.8257e-005
11.66			-1.81941e-005
11.67			-1.81316e-005
11.68			-1.80693e-005
11.69			-1.80073e-005
11.7			-1.79455e-005
11.71			-1.7884e-005
11.72			-1.78228e-005
11.73			-1.77618e-005
11.74			-1.77011e-005
11.75			-1.76407e-005
11.76			-1.75805e-005
11.77			-1.75206e-005
11.78			-1.74609e-005
11.79			-1.74015e-005
11.8			-1.73423e-005
11.81			-1.72834e-005
11.82			-1.72247e-005
11.83			-1.71663e-005
11.84			-1.71081e-005
11.85			-1.70502e-005
11.86			-1.69925e-005
11.87			-1.69351e-005
11.88			-1.68779e-005
11.89			-1.68209e-005
11.9			-1.67642e-005
11.91			-1.67078e-005
11.92			-1.66515e-005
11.93			-1.65955e-005
11.94			-1.65398e-005
11.95			-1.64842e-005
11.96			-1.64289e-005
11.97			-1.63739e-005
11.98			-1.6319e-005
11.99			-1.62644e-005
12			-1.62101e-005
12.01			-1.61559e-005
12.02			-1.6102e-005
12.03			-1.60483e-005
12.04			-1.59948e-005
12.05			-1.59416e-005
12.06			-1.58886e-005
12.07			-1.58358e-005
12.08			-1.57832e-005
12.09			-1.57308e-005
12.1			-1.56786e-005
12.11			-1.56267e-005
12.12			-1.5575e-005
12.13			-1.55235e-005
12.14			-1.54722e-005
12.15			-1.54211e-005
12.16			-1.53702e-005
12.17			-1.53196e-005
12.18			-1.52691e-005
12.19			-1.52189e-005
12.2			-1.51688e-005
12.21			-1.5119e-005
12.22			-1.50694e-005
12.23			-1.50199e-005
12.24			-1.49707e-005
12.25			-1.49217e-005
12.26			-1.48729e-005
12.27			-1.48243e-005
12.28			-1.47758e-005
12.29			-1.47276e-005
12.3			-1.46796e-005
12.31			-1.46318e-005
12.32			-1.45841e-005
12.33			-1.45367e-005
12.34			-1.44894e-005
12.35			-1.44424e-005
12.36			-1.43955e-005
12.37			-1.43488e-005
12.38			-1.43023e-005
12.39			-1.4256e-005
12.4			-1.42099e-005
12.41			-1.4164e-005
12.42			-1.41183e-005
12.43			-1.40727e-005
12.44			-1.40273e-005
12.45			-1.39822e-005
12.46			-1.39371e-005
12.47			-1.38923e-005
12.48			-1.38477e-005
12.49			-1.38032e-005
12.5			-1.37589e-005
12.51			-1.37148e-005
12.52			-1.36709e-005
12.53			-1.36271e-005
12.54			-1.35835e-005
12.55			-1.35401e-005
12.56			-1.34969e-005
12.57			-1.34538e-005
12.58			-1.34109e-005
12.59			-1.33682e-005
12.6			-1.33257e-005
12.61			-1.32833e-005
12.62			-1.32411e-005
12.63			-1.3199e-005
12.64			-1.31572e-005
12.65			-1.31155e-005
12.66			-1.30739e-005
12.67			-1.30325e-005
12.68			-1.29913e-005
12.69			-1.29503e-005
12.7			-1.29094e-005
12.71			-1.28686e-005
12.72			-1.28281e-005
12.73			-1.27876e-005
12.74			-1.27474e-005
12.75			-1.27073e-005
12.76			-1.26674e-005
12.77			-1.26276e-005
12.78			-1.2588e-005
12.79			-1.25485e-005
12.8			-1.25092e-005
12.81			-1.247e-005
12.82			-1.2431e-005
12.83			-1.23922e-005
12.84			-1.23535e-005
12.85			-1.23149e-005
12.86			-1.22765e-005
12.87			-1.22383e-005
12.88			-1.22002e-005
12.89			-1.21622e-005
12.9			-1.21244e-005
12.91			-1.20868e-005
12.92			-1.20492e-005
12.93			-1.20119e-005
12.94			-1.19747e-005
12.95			-1.19376e-005
12.96			-1.19006e-005
12.97			-1.18639e-005
12.98			-1.18272e-005
12.99			-1.17907e-005
13			-1.17543e-005
13.01			-1.17181e-005
13.02			-1.1682e-005
13.03			-1.16461e-005
13.04			-1.16103e-005
13.05			-1.15746e-005
13.06			-1.15391e-005
13.07			-1.15037e-005
13.08			-1.14684e-005
13.09			-1.14333e-005
13.1			-1.13983e-005
13.11			-1.13634e-005
13.12			-1.13287e-005
13.13			-1.12941e-005
13.14			-1.12596e-005
13.15			-1.12253e-005
13.16			-1.11911e-005
13.17			-1.1157e-005
13.18			-1.11231e-005
13.19			-1.10893e-005
13.2			-1.10556e-005
13.21			-1.1022e-005
13.22			-1.09886e-005
13.23			-1.09553e-005
13.24			-1.09221e-005
13.25			-1.08891e-005
13.26			-1.08562e-005
13.27			-1.08234e-005
13.28			-1.07907e-005
13.29			-1.07581e-005
13.3			-1.07257e-005
13.31			-1.06934e-005
13.32			-1.06612e-005
13.33			-1.06292e-005
13.34			-1.05972e-005
13.35			-1.05654e-005
13.36			-1.05337e-005
13.37			-1.05021e-005
13.38			-1.04706e-005
13.39			-1.04393e-005
13.4			-1.04081e-005
13.41			-1.03769e-005
13.42			-1.03459e-005
13.43			-1.03151e-005
13.44			-1.02843e-005
13.45			-1.02536e-005
13.46			-1.02231e-005
13.47			-1.01927e-005
13.48			-1.01624e-005
13.49			-1.01322e-005
13.5			-1.01021e-005
13.51			-1.00721e-005
13.52			-1.00422e-005
13.53			-1.00125e-005
13.54			-9.98284e-006
13.55			-9.95331e-006
13.56			-9.92389e-006
13.57			-9.89457e-006
13.58			-9.86536e-006
13.59			-9.83626e-006
13.6			-9.80727e-006
13.61			-9.77839e-006
13.62			-9.74961e-006
13.63			-9.72093e-006
13.64			-9.69236e-006
13.65			-9.6639e-006
13.66			-9.63554e-006
13.67			-9.60729e-006
13.68			-9.57914e-006
13.69			-9.55109e-006
13.7			-9.52314e-006
13.71			-9.4953e-006
13.72			-9.46756e-006
13.73			-9.43992e-006
13.74			-9.41238e-006
13.75			-9.38494e-006
13.76			-9.3576e-006
13.77			-9.33036e-006
13.78			-9.30322e-006
13.79			-9.27618e-006
13.8			-9.24924e-006
13.81			-9.22239e-006
13.82			-9.19564e-006
13.83			-9.16899e-006
13.84			-9.14244e-006
13.85			-9.11598e-006
13.86			-9.08962e-006
13.87			-9.06335e-006
13.88			-9.03718e-006
13.89			-9.0111e-006
13.9			-8.98512e-006
13.91			-8.95923e-006
13.92			-8.93343e-006
13.93			-8.90772e-006
13.94			-8.88211e-006
13.95			-8.85659e-006
13.96			-8.83116e-006
13.97			-8.80583e-006
13.98			-8.78058e-006
13.99			-8.75543e-006
14			-8.73036e-006
14.01			-8.70538e-006
14.02			-8.6805e-006
14.03			-8.6557e-006
14.04			-8.63099e-006
14.05			-8.60637e-006
14.06			-8.58184e-006
14.07			-8.55739e-006
14.08			-8.53303e-006
14.09			-8.50876e-006
14.1			-8.48458e-006
14.11			-8.46048e-006
14.12			-8.43646e-006
14.13			-8.41253e-006
14.14			-8.38869e-006
14.15			-8.36493e-006
14.16			-8.34125e-006
14.17			-8.31766e-006
14.18			-8.29415e-006
14.19			-8.27073e-006
14.2			-8.24738e-006
14.21			-8.22412e-006
14.22			-8.20094e-006
14.23			-8.17785e-006
14.24			-8.15483e-006
14.25			-8.1319e-006
14.26			-8.10904e-006
14.27			-8.08627e-006
14.28			-8.06358e-006
14.29			-8.04096e-006
14.3			-8.01843e-006
14.31			-7.99597e-006
14.32			-7.97359e-006
14.33			-7.9513e-006
14.34			-7.92907e-006
14.35			-7.90693e-006
14.36			-7.88487e-006
14.37			-7.86288e-006
14.38			-7.84096e-006
14.39			-7.81913e-006
14.4			-7.79737e-006
14.41			-7.77568e-006
14.42			-7.75407e-006
14.43			-7.73254e-006
14.44			-7.71108e-006
14.45			-7.6897e-006
14.46			-7.66838e-006
14.47			-7.64715e-006
14.48			-7.62598e-006
14.49			-7.60489e-006
14.5			-7.58388e-006
14.51			-7.56293e-006
14.52			-7.54206e-006
14.53			-7.52126e-006
14.54			-7.50053e-006
14.55			-7.47987e-006
14.56			-7.45929e-006
14.57			-7.43877e-006
14.58			-7.41833e-006
14.59			-7.39795e-006
14.6			-7.37765e-006
14.61			-7.35741e-006
14.62			-7.33725e-006
14.63			-7.31715e-006
14.64			-7.29712e-006
14.65			-7.27716e-006
14.66			-7.25727e-006
14.67			-7.23745e-006
14.68			-7.21769e-006
14.69			-7.198e-006
14.7			-7.17838e-006
14.71			-7.15883e-006
14.72			-7.13934e-006
14.73			-7.11992e-006
14.74			-7.10056e-006
14.75			-7.08128e-006
14.76			-7.06205e-006
14.77			-7.04289e-006
14.78			-7.0238e-006
14.79			-7.00477e-006
14.8			-6.98581e-006
14.81			-6.9669e-006
14.82			-6.94807e-006
14.83			-6.9293e-006
14.84			-6.91059e-006
14.85			-6.89194e-006
14.86			-6.87336e-006
14.87			-6.85484e-006
14.88			-6.83638e-006
14.89			-6.81798e-006
14.9			-6.79965e-006
14.91			-6.78137e-006
14.92			-6.76316e-006
14.93			-6.74501e-006
14.94			-6.72692e-006
14.95			-6.70889e-006
14.96			-6.69092e-006
14.97			-6.67302e-006
14.98			-6.65517e-006
14.99			-6.63738e-006
15			-6.61965e-006
15.01			-6.60198e-006
15.02			-6.58437e-006
15.03			-6.56682e-006
15.04			-6.54932e-006
15.05			-6.53189e-006
15.06			-6.51451e-006
15.07			-6.49719e-006
15.08			-6.47993e-006
15.09			-6.46272e-006
15.1			-6.44557e-006
15.11			-6.42848e-006
15.12			-6.41145e-006
15.13			-6.39447e-006
15.14			-6.37755e-006
15.15			-6.36068e-006
15.16			-6.34387e-006
15.17			-6.32712e-006
15.18			-6.31042e-006
15.19			-6.29377e-006
15.2			-6.27718e-006
15.21			-6.26065e-006
15.22			-6.24417e-006
15.23			-6.22774e-006
15.24			-6.21137e-006
15.25			-6.19505e-006
15.26			-6.17879e-006
15.27			-6.16258e-006
15.28			-6.14642e-006
15.29			-6.13031e-006
15.3			-6.11426e-006
15.31			-6.09826e-006
15.32			-6.08231e-006
15.33			-6.06642e-006
15.34			-6.05058e-006
15.35			-6.03478e-006
15.36			-6.01904e-006
15.37			-6.00335e-006
15.38			-5.98772e-006
15.39			-5.97213e-006
15.4			-5.95659e-006
15.41			-5.94111e-006
15.42			-5.92567e-006
15.43			-5.91029e-006
15.44			-5.89495e-006
15.45			-5.87967e-006
15.46			-5.86443e-006
15.47			-5.84924e-006
15.48			-5.8341e-006
15.49			-5.81902e-006
15.5			-5.80398e-006
15.51			-5.78899e-006
15.52			-5.77404e-006
15.53			-5.75915e-006
15.54			-5.7443e-006
15.55			-5.7295e-006
15.56			-5.71475e-006
15.57			-5.70005e-006
15.58			-5.68539e-006
15.59			-5.67078e-006
15.6			-5.65622e-006
15.61			-5.6417e-006
15.62			-5.62723e-006
15.63			-5.61281e-006
15.64			-5.59843e-006
15.65			-5.5841e-006
15.66			-5.56982e-006
15.67			-5.55558e-006
15.68			-5.54139e-006
15.69			-5.52724e-006
15.7			-5.51314e-006
15.71			-5.49908e-006
15.72			-5.48506e-006
15.73			-5.4711e-006
15.74			-5.45717e-006
15.75			-5.44329e-006
15.76			-5.42946e-006
15.77			-5.41566e-006
15.78			-5.40192e-006
15.79			-5.38821e-006
15.8			-5.37455e-006
15.81			-5.36093e-006
15.82			-5.34736e-006
15.83			-5.33383e-006
15.84			-5.32034e-006
15.85			-5.30689e-006
15.86			-5.29349e-006
15.87			-5.28013e-006
15.88			-5.26681e-006
15.89			-5.25353e-006
15.9			-5.2403e-006
15.91			-5.2271e-006
15.92			-5.21395e-006
15.93			-5.20084e-006
15.94			-5.18777e-006
15.95			-5.17474e-006
15.96			-5.16175e-006
15.97			-5.14881e-006
15.98			-5.1359e-006
15.99			-5.12303e-006
16			-5.11021e-006
16.01			-5.09742e-006
16.02			-5.08468e-006
16.03			-5.07197e-006
16.04			-5.0593e-006
16.05			-5.04668e-006
16.06			-5.03409e-006
16.07			-5.02154e-006
16.08			-5.00903e-006
16.09			-4.99656e-006
16.1			-4.98413e-006
16.11			-4.97174e-006
16.12			-4.95939e-006
16.13			-4.94707e-006
16.14			-4.93479e-006
16.15			-4.92255e-006
16.16			-4.91035e-006
16.17			-4.89819e-006
16.18			-4.88606e-006
16.19			-4.87398e-006
16.2			-4.86193e-006
16.21			-4.84991e-006
16.22			-4.83793e-006
16.23			-4.826e-006
16.24			-4.81409e-006
16.25			-4.80223e-006
16.26			-4.7904e-006
16.27			-4.7786e-006
16.28			-4.76685e-006
16.29			-4.75513e-006
16.3			-4.74344e-006
16.31			-4.73179e-006
16.32			-4.72018e-006
16.33			-4.7086e-006
16.34			-4.69706e-006
16.35			-4.68555e-006
16.36			-4.67408e-006
16.37			-4.66265e-006
16.38			-4.65124e-006
16.39			-4.63988e-006
16.4			-4.62855e-006
16.41			-4.61725e-006
16.42			-4.60599e-006
16.43			-4.59476e-006
16.44			-4.58356e-006
16.45			-4.5724e-006
16.46			-4.56128e-006
16.47			-4.55019e-006
16.48			-4.53913e-006
16.49			-4.5281e-006
16.5			-4.51711e-006
16.51			-4.50615e-006
16.52			-4.49523e-006
16.53			-4.48434e-006
16.54			-4.47348e-006
16.55			-4.46265e-006
16.56			-4.45186e-006
16.57			-4.4411e-006
16.58			-4.43037e-006
16.59			-4.41967e-006
16.6			-4.40901e-006
16.61			-4.39838e-006
16.62			-4.38778e-006
16.63			-4.37721e-006
16.64			-4.36668e-006
16.65			-4.35617e-006
16.66			-4.3457e-006
16.67			-4.33526e-006
16.68			-4.32485e-006
16.69			-4.31447e-006
16.7			-4.30413e-006
16.71			-4.29381e-006
16.72			-4.28352e-006
16.73			-4.27327e-006
16.74			-4.26305e-006
16.75			-4.25285e-006
16.76			-4.24269e-006
16.77			-4.23256e-006
16.78			-4.22246e-006
16.79			-4.21238e-006
16.8			-4.20234e-006
16.81			-4.19233e-006
16.82			-4.18235e-006
16.83			-4.1724e-006
16.84			-4.16247e-006
16.85			-4.15258e-006
16.86			-4.14272e-006
16.87			-4.13288e-006
16.88			-4.12307e-006
16.89			-4.1133e-006
16.9			-4.10355e-006
16.91			-4.09383e-006
16.92			-4.08414e-006
16.93			-4.07448e-006
16.94			-4.06485e-006
16.95			-4.05524e-006
16.96			-4.04567e-006
16.97			-4.03612e-006
16.98			-4.0266e-006
16.99			-4.01711e-006
17			-4.00765e-006
17.01			-3.99821e-006
17.02			-3.9888e-006
17.03			-3.97942e-006
17.04			-3.97007e-006
17.05			-3.96075e-006
17.06			-3.95145e-006
17.07			-3.94218e-006
17.08			-3.93294e-006
17.09			-3.92372e-006
17.1			-3.91453e-006
17.11			-3.90537e-006
17.12			-3.89623e-006
17.13			-3.88712e-006
17.14			-3.87804e-006
17.15			-3.86899e-006
17.16			-3.85996e-006
17.17			-3.85095e-006
17.18			-3.84198e-006
17.19			-3.83303e-006
17.2			-3.8241e-006
17.21			-3.8152e-006
17.22			-3.80633e-006
17.23			-3.79749e-006
17.24			-3.78866e-006
17.25			-3.77987e-006
17.26			-3.7711e-006
17.27			-3.76235e-006
17.28			-3.75364e-006
17.29			-3.74494e-006
17.3			-3.73627e-006
17.31			-3.72763e-006
17.32			-3.71901e-006
17.33			-3.71042e-006
17.34			-3.70185e-006
17.35			-3.6933e-006
17.36			-3.68478e-006
17.37			-3.67629e-006
17.38			-3.66782e-006
17.39			-3.65937e-006
17.4			-3.65095e-006
17.41			-3.64255e-006
17.42			-3.63418e-006
17.43			-3.62583e-006
17.44			-3.6175e-006
17.45			-3.6092e-006
17.46			-3.60093e-006
17.47			-3.59267e-006
17.48			-3.58444e-006
17.49			-3.57623e-006
17.5			-3.56805e-006
17.51			-3.55989e-006
17.52			-3.55175e-006
17.53			-3.54364e-006
17.54			-3.53555e-006
17.55			-3.52748e-006
17.56			-3.51944e-006
17.57			-3.51142e-006
17.58			-3.50342e-006
17.59			-3.49545e-006
17.6			-3.48749e-006
17.61			-3.47956e-006
17.62			-3.47165e-006
17.63			-3.46377e-006
17.64			-3.45591e-006
17.65			-3.44807e-006
17.66			-3.44025e-006
17.67			-3.43245e-006
17.68			-3.42468e-006
17.69			-3.41693e-006
17.7			-3.4092e-006
17.71			-3.40149e-006
17.72			-3.3938e-006
17.73			-3.38614e-006
17.74			-3.37849e-006
17.75			-3.37087e-006
17.76			-3.36327e-006
17.77			-3.35569e-006
17.78			-3.34813e-006
17.79			-3.3406e-006
17.8			-3.33308e-006
17.81			-3.32559e-006
17.82			-3.31812e-006
17.83			-3.31067e-006
17.84			-3.30323e-006
17.85			-3.29582e-006
17.86			-3.28844e-006
17.87			-3.28107e-006
17.88			-3.27372e-006
17.89			-3.26639e-006
17.9			-3.25909e-006
17.91			-3.2518e-006
17.92			-3.24453e-006
17.93			-3.23729e-006
17.94			-3.23006e-006
17.95			-3.22286e-006
17.96			-3.21567e-006
17.97			-3.20851e-006
17.98			-3.20136e-006
17.99			-3.19424e-006
18			-3.18713e-006
18.01			-3.18004e-006
18.02			-3.17298e-006
18.03			-3.16593e-006
18.04			-3.1589e-006
18.05			-3.1519e-006
18.06			-3.14491e-006
18.07			-3.13794e-006
18.08			-3.13099e-006
18.09			-3.12406e-006
18.1			-3.11715e-006
18.11			-3.11026e-006
18.12			-3.10339e-006
18.13			-3.09653e-006
18.14			-3.0897e-006
18.15			-3.08288e-006
18.16			-3.07608e-006
18.17			-3.0693e-006
18.18			-3.06255e-006
18.19			-3.0558e-006
18.2			-3.04908e-006
18.21			-3.04238e-006
18.22			-3.03569e-006
18.23			-3.02902e-006
18.24			-3.02237e-006
18.25			-3.01574e-006
18.26			-3.00913e-006
18.27			-3.00254e-006
18.28			-2.99596e-006
18.29			-2.9894e-006
18.3			-2.98286e-006
18.31			-2.97634e-006
18.32			-2.96983e-006
18.33			-2.96335e-006
18.34			-2.95688e-006
18.35			-2.95042e-006
18.36			-2.94399e-006
18.37			-2.93757e-006
18.38			-2.93117e-006
18.39			-2.92479e-006
18.4			-2.91843e-006
18.41			-2.91208e-006
18.42			-2.90575e-006
18.43			-2.89944e-006
18.44			-2.89314e-006
18.45			-2.88687e-006
18.46			-2.8806e-006
18.47			-2.87436e-006
18.48			-2.86813e-006
18.49			-2.86192e-006
18.5			-2.85573e-006
18.51			-2.84955e-006
18.52			-2.84339e-006
18.53			-2.83725e-006
18.54			-2.83112e-006
18.55			-2.82501e-006
18.56			-2.81892e-006
18.57			-2.81284e-006
18.58			-2.80678e-006
18.59			-2.80073e-006
18.6			-2.7947e-006
18.61			-2.78869e-006
18.62			-2.78269e-006
18.63			-2.77671e-006
18.64			-2.77075e-006
18.65			-2.7648e-006
18.66			-2.75887e-006
18.67			-2.75295e-006
18.68			-2.74705e-006
18.69			-2.74117e-006
18.7			-2.7353e-006
18.71			-2.72945e-006
18.72			-2.72361e-006
18.73			-2.71779e-006
18.74			-2.71198e-006
18.75			-2.70619e-006
18.76			-2.70041e-006
18.77			-2.69465e-006
18.78			-2.68891e-006
18.79			-2.68318e-006
18.8			-2.67747e-006
18.81			-2.67177e-006
18.82			-2.66608e-006
18.83			-2.66042e-006
18.84			-2.65476e-006
18.85			-2.64912e-006
18.86			-2.6435e-006
18.87			-2.63789e-006
18.88			-2.6323e-006
18.89			-2.62672e-006
18.9			-2.62115e-006
18.91			-2.61561e-006
18.92			-2.61007e-006
18.93			-2.60455e-006
18.94			-2.59904e-006
18.95			-2.59355e-006
18.96			-2.58808e-006
18.97			-2.58262e-006
18.98			-2.57717e-006
18.99			-2.57173e-006
19			-2.56632e-006
19.01			-2.56091e-006
19.02			-2.55552e-006
19.03			-2.55014e-006
19.04			-2.54478e-006
19.05			-2.53943e-006
19.06			-2.5341e-006
19.07			-2.52878e-006
19.08			-2.52347e-006
19.09			-2.51818e-006
19.1			-2.5129e-006
19.11			-2.50764e-006
19.12			-2.50239e-006
19.13			-2.49715e-006
19.14			-2.49193e-006
19.15			-2.48672e-006
19.16			-2.48152e-006
19.17			-2.47634e-006
19.18			-2.47117e-006
19.19			-2.46602e-006
19.2			-2.46088e-006
19.21			-2.45575e-006
19.22			-2.45063e-006
19.23			-2.44553e-006
19.24			-2.44044e-006
19.25			-2.43537e-006
19.26			-2.4303e-006
19.27			-2.42525e-006
19.28			-2.42022e-006
19.29			-2.4152e-006
19.3			-2.41019e-006
19.31			-2.40519e-006
19.32			-2.40021e-006
19.33			-2.39523e-006
19.34			-2.39028e-006
19.35			-2.38533e-006
19.36			-2.3804e-006
19.37			-2.37548e-006
19.38			-2.37057e-006
19.39			-2.36568e-006
19.4			-2.3608e-006
19.41			-2.35593e-006
19.42			-2.35107e-006
19.43			-2.34623e-006
19.44			-2.34139e-006
19.45			-2.33658e-006
19.46			-2.33177e-006
19.47			-2.32697e-006
19.48			-2.32219e-006
19.49			-2.31742e-006
19.5			-2.31267e-006
19.51			-2.30792e-006
19.52			-2.30319e-006
19.53			-2.29847e-006
19.54			-2.29376e-006
19.55			-2.28906e-006
19.56			-2.28437e-006
19.57			-2.2797e-006
19.58			-2.27504e-006
19.59			-2.27039e-006
19.6			-2.26575e-006
19.61			-2.26113e-006
19.62			-2.25652e-006
19.63			-2.25191e-006
19.64			-2.24732e-006
19.65			-2.24275e-006
19.66			-2.23818e-006
19.67			-2.23362e-006
19.68			-2.22908e-006
19.69			-2.22455e-006
19.7			-2.22003e-006
19.71			-2.21552e-006
19.72			-2.21102e-006
19.73			-2.20654e-006
19.74			-2.20206e-006
19.75			-2.1976e-006
19.76			-2.19315e-006
19.77			-2.18871e-006
19.78			-2.18428e-006
19.79			-2.17986e-006
19.8			-2.17545e-006
19.81			-2.17105e-006
19.82			-2.16667e-006
19.83			-2.1623e-006
19.84			-2.15793e-006
19.85			-2.15358e-006
19.86			-2.14924e-006
19.87			-2.14491e-006
19.88			-2.14059e-006
19.89			-2.13628e-006
19.9			-2.13199e-006
19.91			-2.1277e-006
19.92			-2.12342e-006
19.93			-2.11916e-006
19.94			-2.1149e-006
19.95			-2.11066e-006
19.96			-2.10643e-006
19.97			-2.1022e-006
19.98			-2.09799e-006
19.99			-2.09379e-006
