x	n=0	n=1	n=2	n=3
-10	-0.43591		-0.0385267		0.169245		-0.0323359		
-9.99	-0.435117		-0.040744		0.169287		-0.0310204		
-9.98	-0.43428		-0.0429594		0.169312		-0.0297008		
-9.97	-0.433399		-0.0451728		0.169321		-0.0283771		
-9.96	-0.432473		-0.0473839		0.169314		-0.0270496		
-9.95	-0.431503		-0.0495926		0.16929		-0.0257182		
-9.94	-0.430489		-0.0517986		0.16925		-0.0243832		
-9.93	-0.429431		-0.0540016		0.169194		-0.0230446		
-9.92	-0.428329		-0.0562016		0.169122		-0.0217026		
-9.91	-0.427183		-0.0583982		0.169033		-0.0203572		
-9.9	-0.425994		-0.0605912		0.168928		-0.0190086		
-9.89	-0.42476		-0.0627804		0.168807		-0.017657		
-9.88	-0.423482		-0.0649657		0.168669		-0.0163024		
-9.87	-0.422161		-0.0671467		0.168515		-0.0149449		
-9.86	-0.420796		-0.0693233		0.168345		-0.0135847		
-9.85	-0.419388		-0.0714952		0.168158		-0.0122218		
-9.84	-0.417937		-0.0736622		0.167955		-0.0108565		
-9.83	-0.416442		-0.0758242		0.167736		-0.00948882		
-9.82	-0.414904		-0.0779809		0.1675		-0.00811887		
-9.81	-0.413323		-0.080132		0.167249		-0.00674679		
-9.8	-0.411699		-0.0822774		0.16698		-0.0053727		
-9.79	-0.410032		-0.0844168		0.166696		-0.00399672		
-9.78	-0.408322		-0.0865501		0.166395		-0.00261897		
-9.77	-0.40657		-0.088677		0.166078		-0.00123957		
-9.76	-0.404775		-0.0907972		0.165745		0.000141353		
-9.75	-0.402938		-0.0929107		0.165396		0.00152368		
-9.74	-0.401058		-0.0950171		0.16503		0.00290728		
-9.73	-0.399137		-0.0971163		0.164648		0.00429205		
-9.72	-0.397174		-0.0992081		0.16425		0.00567784		
-9.71	-0.395169		-0.101292		0.163836		0.00706455		
-9.7	-0.393122		-0.103368		0.163406		0.00845205		
-9.69	-0.391034		-0.105436		0.162959		0.00984022		
-9.68	-0.388905		-0.107496		0.162497		0.0112289		
-9.67	-0.386734		-0.109547		0.162018		0.0126181		
-9.66	-0.384523		-0.11159		0.161524		0.0140075		
-9.65	-0.382271		-0.113624		0.161013		0.0153971		
-9.64	-0.379978		-0.115648		0.160487		0.0167867		
-9.63	-0.377645		-0.117663		0.159944		0.0181763		
-9.62	-0.375272		-0.119669		0.159386		0.0195657		
-9.61	-0.372858		-0.121665		0.158812		0.0209547		
-9.6	-0.370405		-0.123651		0.158222		0.0223433		
-9.59	-0.367912		-0.125626		0.157617		0.0237314		
-9.58	-0.36538		-0.127592		0.156995		0.0251187		
-9.57	-0.362809		-0.129546		0.156358		0.0265052		
-9.56	-0.360198		-0.13149		0.155706		0.0278908		
-9.55	-0.357549		-0.133423		0.155038		0.0292753		
-9.54	-0.354861		-0.135345		0.154354		0.0306587		
-9.53	-0.352135		-0.137256		0.153655		0.0320407		
-9.52	-0.349371		-0.139155		0.15294		0.0334213		
-9.51	-0.346569		-0.141042		0.15221		0.0348003		
-9.5	-0.34373		-0.142917		0.151464		0.0361776		
-9.49	-0.340853		-0.14478		0.150704		0.0375531		
-9.48	-0.337939		-0.14663		0.149928		0.0389267		
-9.47	-0.334988		-0.148469		0.149137		0.0402983		
-9.46	-0.332		-0.150294		0.148331		0.0416676		
-9.45	-0.328976		-0.152106		0.14751		0.0430347		
-9.44	-0.325916		-0.153905		0.146674		0.0443993		
-9.43	-0.32282		-0.155691		0.145823		0.0457614		
-9.42	-0.319688		-0.157464		0.144957		0.0471208		
-9.41	-0.316521		-0.159223		0.144076		0.0484775		
-9.4	-0.313319		-0.160967		0.143181		0.0498312		
-9.39	-0.310083		-0.162698		0.142271		0.0511818		
-9.38	-0.306812		-0.164415		0.141347		0.0525293		
-9.37	-0.303506		-0.166117		0.140408		0.0538736		
-9.36	-0.300167		-0.167804		0.139454		0.0552144		
-9.35	-0.296794		-0.169477		0.138487		0.0565517		
-9.34	-0.293388		-0.171135		0.137505		0.0578854		
-9.33	-0.289949		-0.172777		0.136509		0.0592153		
-9.32	-0.286477		-0.174404		0.135498		0.0605413		
-9.31	-0.282973		-0.176016		0.134474		0.0618633		
-9.3	-0.279437		-0.177612		0.133436		0.0631812		
-9.29	-0.275868		-0.179192		0.132384		0.0644948		
-9.28	-0.272269		-0.180757		0.131318		0.0658041		
-9.27	-0.268638		-0.182305		0.130238		0.0671089		
-9.26	-0.264977		-0.183836		0.129145		0.068409		
-9.25	-0.261285		-0.185351		0.128039		0.0697045		
-9.24	-0.257563		-0.18685		0.126919		0.0709951		
-9.23	-0.253811		-0.188331		0.125786		0.0722808		
-9.22	-0.25003		-0.189796		0.124639		0.0735614		
-9.21	-0.246219		-0.191243		0.123479		0.0748368		
-9.2	-0.24238		-0.192673		0.122307		0.0761069		
-9.19	-0.238513		-0.194086		0.121121		0.0773715		
-9.18	-0.234617		-0.195481		0.119923		0.0786306		
-9.17	-0.230693		-0.196858		0.118711		0.0798841		
-9.16	-0.226743		-0.198217		0.117488		0.0811318		
-9.15	-0.222765		-0.199558		0.116251		0.0823736		
-9.14	-0.21876		-0.200881		0.115002		0.0836095		
-9.13	-0.21473		-0.202185		0.113741		0.0848392		
-9.12	-0.210673		-0.203471		0.112468		0.0860627		
-9.11	-0.206591		-0.204738		0.111183		0.0872798		
-9.1	-0.202484		-0.205986		0.109885		0.0884905		
-9.09	-0.198352		-0.207216		0.108576		0.0896946		
-9.08	-0.194195		-0.208426		0.107255		0.0908921		
-9.07	-0.190015		-0.209617		0.105922		0.0920828		
-9.06	-0.185811		-0.210788		0.104578		0.0932666		
-9.05	-0.181583		-0.21194		0.103222		0.0944434		
-9.04	-0.177333		-0.213072		0.101855		0.0956131		
-9.03	-0.173061		-0.214185		0.100477		0.0967755		
-9.02	-0.168766		-0.215277		0.0990872		0.0979307		
-9.01	-0.16445		-0.21635		0.0976869		0.0990784		
-9	-0.160112		-0.217402		0.0962757		0.100219		
-8.99	-0.155754		-0.218434		0.0948538		0.101351		
-8.98	-0.151375		-0.219445		0.0934213		0.102476		
-8.97	-0.146976		-0.220436		0.0919783		0.103593		
-8.96	-0.142558		-0.221407		0.0905249		0.104702		
-8.95	-0.13812		-0.222356		0.0890614		0.105803		
-8.94	-0.133664		-0.223285		0.0875877		0.106895		
-8.93	-0.129189		-0.224192		0.086104		0.10798		
-8.92	-0.124696		-0.225079		0.0846105		0.109056		
-8.91	-0.120186		-0.225944		0.0831073		0.110123		
-8.9	-0.115658		-0.226788		0.0815945		0.111182		
-8.89	-0.111114		-0.22761		0.0800723		0.112233		
-8.88	-0.106554		-0.228411		0.0785407		0.113274		
-8.87	-0.101978		-0.22919		0.0769999		0.114307		
-8.86	-0.0973867		-0.229947		0.0754501		0.115331		
-8.85	-0.0927803		-0.230683		0.0738914		0.116346		
-8.84	-0.0881595		-0.231396		0.0723239		0.117351		
-8.83	-0.0835246		-0.232088		0.0707478		0.118348		
-8.82	-0.0788761		-0.232757		0.0691631		0.119335		
-8.81	-0.0742145		-0.233404		0.0675701		0.120312		
-8.8	-0.0695401		-0.234029		0.0659689		0.12128		
-8.79	-0.0648535		-0.234632		0.0643596		0.122238		
-8.78	-0.060155		-0.235212		0.0627423		0.123187		
-8.77	-0.0554451		-0.235769		0.0611173		0.124126		
-8.76	-0.0507244		-0.236304		0.0594846		0.125055		
-8.75	-0.0459931		-0.236816		0.0578444		0.125974		
-8.74	-0.0412519		-0.237305		0.0561968		0.126883		
-8.73	-0.0365011		-0.237771		0.0545421		0.127781		
-8.72	-0.0317412		-0.238215		0.0528802		0.12867		
-8.71	-0.0269727		-0.238635		0.0512115		0.129548		
-8.7	-0.022196		-0.239032		0.0495359		0.130416		
-8.69	-0.0174115		-0.239406		0.0478538		0.131273		
-8.68	-0.0126199		-0.239757		0.0461652		0.13212		
-8.67	-0.0078214		-0.240085		0.0444702		0.132956		
-8.66	-0.00301662		-0.240389		0.0427691		0.133781		
-8.65	0.00179402		-0.24067		0.041062		0.134595		
-8.64	0.00661004		-0.240928		0.039349		0.135399		
-8.63	0.011431		-0.241162		0.0376303		0.136192		
-8.62	0.0162564		-0.241372		0.035906		0.136973		
-8.61	0.0210857		-0.241559		0.0341764		0.137743		
-8.6	0.0259186		-0.241723		0.0324415		0.138502		
-8.59	0.0307545		-0.241862		0.0307015		0.13925		
-8.58	0.0355929		-0.241978		0.0289565		0.139987		
-8.57	0.0404334		-0.24207		0.0272068		0.140712		
-8.56	0.0452756		-0.242139		0.0254525		0.141425		
-8.55	0.0501188		-0.242183		0.0236938		0.142127		
-8.54	0.0549627		-0.242204		0.0219307		0.142818		
-8.53	0.0598068		-0.242201		0.0201635		0.143496		
-8.52	0.0646506		-0.242174		0.0183923		0.144163		
-8.51	0.0694936		-0.242123		0.0166173		0.144818		
-8.5	0.0743354		-0.242048		0.0148386		0.145461		
-8.49	0.0791754		-0.241949		0.0130564		0.146092		
-8.48	0.0840132		-0.241826		0.0112709		0.146711		
-8.47	0.0888483		-0.241679		0.00948225		0.147318		
-8.46	0.0936802		-0.241508		0.00769057		0.147913		
-8.45	0.0985085		-0.241313		0.00589604		0.148495		
-8.44	0.103333		-0.241094		0.00409883		0.149065		
-8.43	0.108152		-0.240851		0.0022991		0.149623		
-8.42	0.112966		-0.240584		0.00049702		0.150168		
-8.41	0.117775		-0.240293		-0.00130725		0.150701		
-8.4	0.122578		-0.239978		-0.00311354		0.151222		
-8.39	0.127374		-0.239639		-0.00492169		0.15173		
-8.38	0.132163		-0.239276		-0.00673153		0.152225		
-8.37	0.136945		-0.238888		-0.0085429		0.152707		
-8.36	0.141719		-0.238477		-0.0103556		0.153177		
-8.35	0.146484		-0.238042		-0.0121695		0.153634		
-8.34	0.15124		-0.237582		-0.0139845		0.154078		
-8.33	0.155987		-0.237099		-0.0158003		0.15451		
-8.32	0.160724		-0.236592		-0.0176168		0.154928		
-8.31	0.165451		-0.23606		-0.0194338		0.155333		
-8.3	0.170166		-0.235505		-0.0212512		0.155725		
-8.29	0.174871		-0.234926		-0.0230688		0.156105		
-8.28	0.179563		-0.234323		-0.0248863		0.156471		
-8.27	0.184244		-0.233697		-0.0267038		0.156824		
-8.26	0.188911		-0.233046		-0.0285209		0.157163		
-8.25	0.193565		-0.232372		-0.0303375		0.15749		
-8.24	0.198206		-0.231674		-0.0321535		0.157803		
-8.23	0.202832		-0.230952		-0.0339687		0.158103		
-8.22	0.207444		-0.230207		-0.0357828		0.15839		
-8.21	0.21204		-0.229438		-0.0375958		0.158663		
-8.2	0.216621		-0.228645		-0.0394075		0.158923		
-8.19	0.221186		-0.227829		-0.0412177		0.159169		
-8.18	0.225734		-0.22699		-0.0430262		0.159402		
-8.17	0.230265		-0.226127		-0.0448329		0.159621		
-8.16	0.234779		-0.225241		-0.0466375		0.159827		
-8.15	0.239275		-0.224331		-0.04844		0.160019		
-8.14	0.243752		-0.223399		-0.0502402		0.160197		
-8.13	0.24821		-0.222443		-0.0520378		0.160362		
-8.12	0.25265		-0.221464		-0.0538328		0.160514		
-8.11	0.257069		-0.220462		-0.0556249		0.160651		
-8.1	0.261468		-0.219437		-0.057414		0.160775		
-8.09	0.265846		-0.218389		-0.0592		0.160885		
-8.08	0.270203		-0.217318		-0.0609825		0.160982		
-8.07	0.274539		-0.216225		-0.0627616		0.161064		
-8.06	0.278852		-0.215109		-0.0645369		0.161133		
-8.05	0.283143		-0.21397		-0.0663084		0.161188		
-8.04	0.287411		-0.212809		-0.0680759		0.161229		
-8.03	0.291655		-0.211625		-0.0698392		0.161257		
-8.02	0.295876		-0.210419		-0.0715981		0.16127		
-8.01	0.300072		-0.209191		-0.0733525		0.16127		
-8	0.304243		-0.207941		-0.0751022		0.161256		
-7.99	0.308389		-0.206669		-0.0768471		0.161228		
-7.98	0.31251		-0.205375		-0.0785869		0.161186		
-7.97	0.316604		-0.204058		-0.0803216		0.16113		
-7.96	0.320672		-0.202721		-0.0820509		0.16106		
-7.95	0.324713		-0.201361		-0.0837746		0.160976		
-7.94	0.328726		-0.19998		-0.0854927		0.160879		
-7.93	0.332712		-0.198578		-0.087205		0.160767		
-7.92	0.336669		-0.197154		-0.0889112		0.160642		
-7.91	0.340598		-0.195709		-0.0906113		0.160502		
-7.9	0.344497		-0.194243		-0.092305		0.160349		
-7.89	0.348367		-0.192756		-0.0939922		0.160182		
-7.88	0.352207		-0.191248		-0.0956728		0.160001		
-7.87	0.356017		-0.189719		-0.0973465		0.159805		
-7.86	0.359796		-0.18817		-0.0990133		0.159596		
-7.85	0.363544		-0.1866		-0.100673		0.159373		
-7.84	0.36726		-0.18501		-0.102325		0.159137		
-7.83	0.370944		-0.183399		-0.10397		0.158886		
-7.82	0.374596		-0.181769		-0.105607		0.158621		
-7.81	0.378215		-0.180118		-0.107237		0.158343		
-7.8	0.3818		-0.178448		-0.108858		0.158051		
-7.79	0.385352		-0.176758		-0.110472		0.157744		
-7.78	0.388871		-0.175048		-0.112077		0.157424		
-7.77	0.392354		-0.173319		-0.113674		0.15709		
-7.76	0.395803		-0.171571		-0.115262		0.156743		
-7.75	0.399217		-0.169803		-0.116841		0.156381		
-7.74	0.402595		-0.168017		-0.118412		0.156006		
-7.73	0.405938		-0.166212		-0.119973		0.155617		
-7.72	0.409244		-0.164388		-0.121526		0.155215		
-7.71	0.412513		-0.162545		-0.123069		0.154798		
-7.7	0.415745		-0.160684		-0.124602		0.154368		
-7.69	0.41894		-0.158805		-0.126126		0.153924		
-7.68	0.422097		-0.156908		-0.12764		0.153467		
-7.67	0.425216		-0.154993		-0.129145		0.152996		
-7.66	0.428297		-0.15306		-0.130639		0.152511		
-7.65	0.431339		-0.151109		-0.132123		0.152013		
-7.64	0.434341		-0.149142		-0.133596		0.151502		
-7.63	0.437304		-0.147157		-0.135059		0.150976		
-7.62	0.440227		-0.145154		-0.136512		0.150438		
-7.61	0.44311		-0.143135		-0.137953		0.149886		
-7.6	0.445953		-0.1411		-0.139384		0.14932		
-7.59	0.448754		-0.139047		-0.140803		0.148742		
-7.58	0.451514		-0.136978		-0.142211		0.14815		
-7.57	0.454233		-0.134894		-0.143608		0.147544		
-7.56	0.45691		-0.132793		-0.144994		0.146925		
-7.55	0.459545		-0.130676		-0.146367		0.146294		
-7.54	0.462137		-0.128543		-0.147729		0.145649		
-7.53	0.464686		-0.126395		-0.149079		0.144991		
-7.52	0.467193		-0.124232		-0.150417		0.144319		
-7.51	0.469656		-0.122054		-0.151743		0.143635		
-7.5	0.472075		-0.119861		-0.153056		0.142938		
-7.49	0.47445		-0.117653		-0.154357		0.142228		
-7.48	0.476781		-0.115431		-0.155645		0.141505		
-7.47	0.479067		-0.113194		-0.15692		0.140769		
-7.46	0.481308		-0.110943		-0.158183		0.14002		
-7.45	0.483505		-0.108678		-0.159433		0.139258		
-7.44	0.485655		-0.1064		-0.160669		0.138484		
-7.43	0.487761		-0.104108		-0.161892		0.137697		
-7.42	0.48982		-0.101802		-0.163102		0.136898		
-7.41	0.491833		-0.099484		-0.164299		0.136086		
-7.4	0.493799		-0.0971527		-0.165481		0.135262		
-7.39	0.495719		-0.0948087		-0.16665		0.134425		
-7.38	0.497591		-0.0924522		-0.167806		0.133576		
-7.37	0.499417		-0.0900834		-0.168947		0.132714		
-7.36	0.501194		-0.0877025		-0.170074		0.13184		
-7.35	0.502925		-0.0853098		-0.171187		0.130954		
-7.34	0.504607		-0.0829055		-0.172285		0.130056		
-7.33	0.506241		-0.0804897		-0.173369		0.129146		
-7.32	0.507826		-0.0780628		-0.174438		0.128224		
-7.31	0.509363		-0.0756248		-0.175493		0.12729		
-7.3	0.510851		-0.0731761		-0.176533		0.126344		
-7.29	0.51229		-0.0707169		-0.177558		0.125386		
-7.28	0.51368		-0.0682473		-0.178568		0.124416		
-7.27	0.51502		-0.0657677		-0.179563		0.123435		
-7.26	0.51631		-0.0632781		-0.180542		0.122443		
-7.25	0.517551		-0.0607789		-0.181507		0.121438		
-7.24	0.518742		-0.0582704		-0.182456		0.120422		
-7.23	0.519882		-0.0557526		-0.183389		0.119395		
-7.22	0.520972		-0.0532258		-0.184306		0.118357		
-7.21	0.522011		-0.0506904		-0.185208		0.117307		
-7.2	0.522999		-0.0481464		-0.186094		0.116246		
-7.19	0.523937		-0.0455942		-0.186964		0.115174		
-7.18	0.524823		-0.043034		-0.187818		0.114091		
-7.17	0.525658		-0.0404659		-0.188656		0.112997		
-7.16	0.526441		-0.0378903		-0.189478		0.111893		
-7.15	0.527173		-0.0353074		-0.190283		0.110777		
-7.14	0.527854		-0.0327174		-0.191072		0.109651		
-7.13	0.528482		-0.0301206		-0.191844		0.108514		
-7.12	0.529059		-0.0275172		-0.1926		0.107367		
-7.11	0.529583		-0.0249074		-0.193339		0.106209		
-7.1	0.530055		-0.0222915		-0.194061		0.105041		
-7.09	0.530474		-0.0196697		-0.194766		0.103862		
-7.08	0.530842		-0.0170423		-0.195455		0.102674		
-7.07	0.531156		-0.0144095		-0.196126		0.101475		
-7.06	0.531418		-0.0117716		-0.196781		0.100266		
-7.05	0.531627		-0.00912879		-0.197418		0.0990472		
-7.04	0.531783		-0.00648133		-0.198038		0.0978187		
-7.03	0.531886		-0.00382946		-0.19864		0.0965803		
-7.02	0.531936		-0.00117344		-0.199225		0.0953323		
-7.01	0.531933		0.00148647		-0.199793		0.0940747		
-7	0.531877		0.00415004		-0.200343		0.0928077		
-6.99	0.531767		0.00681701		-0.200876		0.0915312		
-6.98	0.531604		0.00948714		-0.20139		0.0902455		
-6.97	0.531387		0.0121602		-0.201887		0.0889505		
-6.96	0.531118		0.0148358		-0.202366		0.0876464		
-6.95	0.530794		0.0175139		-0.202828		0.0863333		
-6.94	0.530417		0.0201941		-0.203271		0.0850113		
-6.93	0.529986		0.0228762		-0.203696		0.0836805		
-6.92	0.529502		0.0255599		-0.204104		0.0823409		
-6.91	0.528964		0.028245		-0.204493		0.0809927		
-6.9	0.528372		0.0309312		-0.204864		0.079636		
-6.89	0.527727		0.0336183		-0.205216		0.0782708		
-6.88	0.527027		0.0363059		-0.205551		0.0768974		
-6.87	0.526274		0.038994		-0.205867		0.0755156		
-6.86	0.525468		0.0416821		-0.206165		0.0741258		
-6.85	0.524607		0.0443701		-0.206444		0.0727279		
-6.84	0.523693		0.0470577		-0.206704		0.0713221		
-6.83	0.522725		0.0497445		-0.206947		0.0699085		
-6.82	0.521703		0.0524305		-0.20717		0.0684872		
-6.81	0.520628		0.0551152		-0.207375		0.0670582		
-6.8	0.519498		0.0577985		-0.207562		0.0656218		
-6.79	0.518316		0.0604801		-0.207729		0.0641779		
-6.78	0.517079		0.0631598		-0.207878		0.0627268		
-6.77	0.515789		0.0658371		-0.208008		0.0612684		
-6.76	0.514446		0.0685121		-0.20812		0.059803		
-6.75	0.513049		0.0711842		-0.208212		0.0583306		
-6.74	0.511598		0.0738534		-0.208286		0.0568513		
-6.73	0.510095		0.0765193		-0.20834		0.0553653		
-6.72	0.508538		0.0791816		-0.208376		0.0538726		
-6.71	0.506927		0.0818402		-0.208393		0.0523734		
-6.7	0.505264		0.0844948		-0.208391		0.0508678		
-6.69	0.503548		0.087145		-0.20837		0.0493558		
-6.68	0.501778		0.0897907		-0.208329		0.0478376		
-6.67	0.499956		0.0924315		-0.20827		0.0463134		
-6.66	0.498081		0.0950673		-0.208192		0.0447831		
-6.65	0.496153		0.0976977		-0.208095		0.043247		
-6.64	0.494173		0.100323		-0.207978		0.0417051		
-6.63	0.492141		0.102942		-0.207843		0.0401576		
-6.62	0.490056		0.105554		-0.207688		0.0386045		
-6.61	0.487918		0.108161		-0.207514		0.037046		
-6.6	0.485729		0.110761		-0.207321		0.0354823		
-6.59	0.483488		0.113354		-0.207109		0.0339133		
-6.58	0.481195		0.11594		-0.206878		0.0323393		
-6.57	0.478851		0.118518		-0.206628		0.0307603		
-6.56	0.476454		0.121089		-0.206358		0.0291764		
-6.55	0.474007		0.123652		-0.20607		0.0275878		
-6.54	0.471508		0.126206		-0.205762		0.0259947		
-6.53	0.468959		0.128753		-0.205435		0.024397		
-6.52	0.466358		0.13129		-0.205089		0.022795		
-6.51	0.463707		0.133819		-0.204724		0.0211887		
-6.5	0.461006		0.136338		-0.20434		0.0195782		
-6.49	0.458254		0.138848		-0.203936		0.0179637		
-6.48	0.455452		0.141349		-0.203514		0.0163454		
-6.47	0.4526		0.143839		-0.203073		0.0147232		
-6.46	0.449698		0.146319		-0.202612		0.0130974		
-6.45	0.446747		0.148789		-0.202132		0.0114681		
-6.44	0.443747		0.151248		-0.201634		0.00983527		
-6.43	0.440697		0.153696		-0.201116		0.00819917		
-6.42	0.437599		0.156133		-0.200579		0.00655988		
-6.41	0.434452		0.158558		-0.200024		0.00491753		
-6.4	0.431257		0.160972		-0.199449		0.00327222		
-6.39	0.428013		0.163374		-0.198856		0.00162409		
-6.38	0.424722		0.165763		-0.198243		-2.67474e-005		
-6.37	0.421383		0.168141		-0.197612		-0.00168017		
-6.36	0.417996		0.170505		-0.196962		-0.00333607		
-6.35	0.414563		0.172857		-0.196293		-0.00499431		
-6.34	0.411082		0.175195		-0.195606		-0.00665477		
-6.33	0.407555		0.17752		-0.1949		-0.00831734		
-6.32	0.403982		0.179831		-0.194175		-0.0099819		
-6.31	0.400362		0.182129		-0.193431		-0.0116483		
-6.3	0.396696		0.184412		-0.192669		-0.0133165		
-6.29	0.392985		0.186681		-0.191888		-0.0149862		
-6.28	0.389229		0.188936		-0.191089		-0.0166575		
-6.27	0.385428		0.191175		-0.190271		-0.0183302		
-6.26	0.381582		0.1934		-0.189435		-0.0200041		
-6.25	0.377692		0.195609		-0.188581		-0.0216791		
-6.24	0.373758		0.197802		-0.187708		-0.0233552		
-6.23	0.36978		0.19998		-0.186817		-0.0250321		
-6.22	0.365759		0.202142		-0.185908		-0.0267098		
-6.21	0.361695		0.204288		-0.18498		-0.0283882		
-6.2	0.357588		0.206417		-0.184035		-0.0300671		
-6.19	0.353438		0.208529		-0.183071		-0.0317464		
-6.18	0.349247		0.210625		-0.18209		-0.0334259		
-6.17	0.345013		0.212703		-0.181091		-0.0351057		
-6.16	0.340739		0.214765		-0.180074		-0.0367855		
-6.15	0.336423		0.216808		-0.179039		-0.0384652		
-6.14	0.332066		0.218834		-0.177986		-0.0401447		
-6.13	0.32767		0.220841		-0.176916		-0.0418238		
-6.12	0.323233		0.222831		-0.175828		-0.0435026		
-6.11	0.318756		0.224802		-0.174722		-0.0451808		
-6.1	0.314241		0.226754		-0.1736		-0.0468583		
-6.09	0.309686		0.228688		-0.172459		-0.0485349		
-6.08	0.305093		0.230602		-0.171302		-0.0502107		
-6.07	0.300462		0.232497		-0.170127		-0.0518854		
-6.06	0.295794		0.234373		-0.168936		-0.053559		
-6.05	0.291088		0.236229		-0.167727		-0.0552313		
-6.04	0.286345		0.238064		-0.166501		-0.0569022		
-6.03	0.281565		0.23988		-0.165259		-0.0585715		
-6.02	0.27675		0.241676		-0.163999		-0.0602392		
-6.01	0.271898		0.243451		-0.162723		-0.0619052		
-6	0.267012		0.245205		-0.161431		-0.0635693		
-5.99	0.26209		0.246938		-0.160121		-0.0652314		
-5.98	0.257134		0.24865		-0.158796		-0.0668913		
-5.97	0.252144		0.250341		-0.157454		-0.0685491		
-5.96	0.247121		0.25201		-0.156096		-0.0702045		
-5.95	0.242064		0.253658		-0.154721		-0.0718574		
-5.94	0.236975		0.255283		-0.153331		-0.0735077		
-5.93	0.231853		0.256887		-0.151925		-0.0751554		
-5.92	0.226699		0.258468		-0.150503		-0.0768002		
-5.91	0.221514		0.260027		-0.149065		-0.0784421		
-5.9	0.216298		0.261563		-0.147611		-0.0800809		
-5.89	0.211052		0.263077		-0.146142		-0.0817166		
-5.88	0.205776		0.264567		-0.144657		-0.083349		
-5.87	0.20047		0.266034		-0.143158		-0.084978		
-5.86	0.195134		0.267478		-0.141642		-0.0866035		
-5.85	0.189771		0.268898		-0.140112		-0.0882254		
-5.84	0.184379		0.270295		-0.138567		-0.0898436		
-5.83	0.178959		0.271668		-0.137007		-0.0914579		
-5.82	0.173512		0.273016		-0.135432		-0.0930682		
-5.81	0.168038		0.274341		-0.133843		-0.0946745		
-5.8	0.162539		0.275641		-0.132238		-0.0962766		
-5.79	0.157013		0.276917		-0.13062		-0.0978744		
-5.78	0.151462		0.278168		-0.128987		-0.0994678		
-5.77	0.145886		0.279394		-0.12734		-0.101057		
-5.76	0.140286		0.280595		-0.125679		-0.102641		
-5.75	0.134663		0.281771		-0.124004		-0.10422		
-5.74	0.129016		0.282922		-0.122315		-0.105795		
-5.73	0.123346		0.284047		-0.120613		-0.107365		
-5.72	0.117654		0.285147		-0.118896		-0.10893		
-5.71	0.11194		0.28622		-0.117167		-0.110489		
-5.7	0.106205		0.287268		-0.115424		-0.112043		
-5.69	0.10045		0.28829		-0.113668		-0.113592		
-5.68	0.094674		0.289286		-0.111899		-0.115136		
-5.67	0.0888785		0.290256		-0.110117		-0.116673		
-5.66	0.083064		0.291199		-0.108322		-0.118205		
-5.65	0.0772308		0.292115		-0.106514		-0.119732		
-5.64	0.0713795		0.293005		-0.104694		-0.121252		
-5.63	0.0655108		0.293868		-0.102862		-0.122767		
-5.62	0.059625		0.294704		-0.101017		-0.124275		
-5.61	0.0537228		0.295513		-0.0991602		-0.125777		
-5.6	0.0478046		0.296295		-0.0972914		-0.127273		
-5.59	0.0418712		0.297049		-0.0954108		-0.128762		
-5.58	0.0359229		0.297776		-0.0935184		-0.130245		
-5.57	0.0299603		0.298476		-0.0916146		-0.131721		
-5.56	0.023984		0.299148		-0.0896993		-0.133191		
-5.55	0.0179946		0.299792		-0.0877727		-0.134653		
-5.54	0.0119925		0.300408		-0.085835		-0.136109		
-5.53	0.00597846		0.300996		-0.0838864		-0.137558		
-5.52	-4.71089e-005		0.301556		-0.0819269		-0.139		
-5.51	-0.0060836		0.302088		-0.0799568		-0.140434		
-5.5	-0.0121304		0.302592		-0.0779761		-0.141862		
-5.49	-0.0181871		0.303067		-0.0759851		-0.143281		
-5.48	-0.0242529		0.303514		-0.0739838		-0.144694		
-5.47	-0.0303274		0.303932		-0.0719724		-0.146099		
-5.46	-0.03641		0.304322		-0.0699511		-0.147496		
-5.45	-0.0425001		0.304683		-0.0679201		-0.148885		
-5.44	-0.0485972		0.305015		-0.0658795		-0.150267		
-5.43	-0.0547005		0.305318		-0.0638293		-0.151641		
-5.42	-0.0608097		0.305592		-0.0617699		-0.153006		
-5.41	-0.066924		0.305838		-0.0597014		-0.154364		
-5.4	-0.073043		0.306054		-0.0576238		-0.155713		
-5.39	-0.079166		0.306241		-0.0555375		-0.157055		
-5.38	-0.0852924		0.306398		-0.0534424		-0.158387		
-5.37	-0.0914217		0.306527		-0.0513389		-0.159712		
-5.36	-0.0975533		0.306626		-0.049227		-0.161027		
-5.35	-0.103687		0.306695		-0.0471069		-0.162335		
-5.34	-0.109821		0.306736		-0.0449788		-0.163633		
-5.33	-0.115956		0.306746		-0.0428429		-0.164923		
-5.32	-0.122091		0.306727		-0.0406992		-0.166204		
-5.31	-0.128225		0.306678		-0.038548		-0.167476		
-5.3	-0.134358		0.3066		-0.0363895		-0.168738		
-5.29	-0.140488		0.306492		-0.0342237		-0.169992		
-5.28	-0.146617		0.306354		-0.0320509		-0.171237		
-5.27	-0.152742		0.306186		-0.0298713		-0.172472		
-5.26	-0.158864		0.305988		-0.0276849		-0.173698		
-5.25	-0.164982		0.305761		-0.025492		-0.174915		
-5.24	-0.171094		0.305503		-0.0232928		-0.176122		
-5.23	-0.177202		0.305216		-0.0210874		-0.17732		
-5.22	-0.183303		0.304898		-0.0188759		-0.178508		
-5.21	-0.189397		0.304551		-0.0166586		-0.179686		
-5.2	-0.195485		0.304173		-0.0144356		-0.180855		
-5.19	-0.201564		0.303766		-0.0122071		-0.182014		
-5.18	-0.207635		0.303328		-0.00997323		-0.183162		
-5.17	-0.213697		0.302861		-0.00773422		-0.184301		
-5.16	-0.219749		0.302363		-0.00549021		-0.18543		
-5.15	-0.225791		0.301835		-0.00324139		-0.186549		
-5.14	-0.231823		0.301277		-0.000987919		-0.187658		
-5.13	-0.237842		0.300689		0.00127002		-0.188756		
-5.12	-0.24385		0.300071		0.00353226		-0.189844		
-5.11	-0.249845		0.299423		0.00579863		-0.190922		
-5.1	-0.255827		0.298745		0.00806894		-0.191989		
-5.09	-0.261795		0.298036		0.010343		-0.193046		
-5.08	-0.267748		0.297298		0.0126207		-0.194092		
-5.07	-0.273686		0.296529		0.0149018		-0.195128		
-5.06	-0.279609		0.295731		0.0171862		-0.196153		
-5.05	-0.285515		0.294902		0.0194736		-0.197168		
-5.04	-0.291405		0.294043		0.0217639		-0.198171		
-5.03	-0.297277		0.293155		0.0240569		-0.199164		
-5.02	-0.303131		0.292236		0.0263524		-0.200146		
-5.01	-0.308966		0.291288		0.0286504		-0.201117		
-5	-0.314782		0.290309		0.0309504		-0.202077		
-4.99	-0.320578		0.289301		0.0332525		-0.203026		
-4.98	-0.326354		0.288263		0.0355565		-0.203964		
-4.97	-0.332109		0.287195		0.037862		-0.204891		
-4.96	-0.337842		0.286098		0.0401691		-0.205806		
-4.95	-0.343552		0.284971		0.0424774		-0.206711		
-4.94	-0.34924		0.283814		0.0447868		-0.207604		
-4.93	-0.354905		0.282627		0.0470972		-0.208486		
-4.92	-0.360545		0.281411		0.0494083		-0.209356		
-4.91	-0.366161		0.280166		0.05172		-0.210216		
-4.9	-0.371752		0.278891		0.0540321		-0.211063		
-4.89	-0.377316		0.277587		0.0563444		-0.2119		
-4.88	-0.382855		0.276253		0.0586567		-0.212724		
-4.87	-0.388366		0.27489		0.0609689		-0.213537		
-4.86	-0.39385		0.273498		0.0632808		-0.214339		
-4.85	-0.399306		0.272077		0.0655921		-0.215129		
-4.84	-0.404733		0.270627		0.0679028		-0.215907		
-4.83	-0.410131		0.269148		0.0702127		-0.216674		
-4.82	-0.415499		0.26764		0.0725215		-0.217428		
-4.81	-0.420836		0.266104		0.074829		-0.218172		
-4.8	-0.426143		0.264539		0.0771352		-0.218903		
-4.79	-0.431418		0.262945		0.0794399		-0.219622		
-4.78	-0.43666		0.261322		0.0817427		-0.22033		
-4.77	-0.44187		0.259672		0.0840437		-0.221025		
-4.76	-0.447047		0.257992		0.0863425		-0.221709		
-4.75	-0.45219		0.256285		0.0886391		-0.222381		
-4.74	-0.457298		0.25455		0.0909332		-0.223041		
-4.73	-0.462372		0.252786		0.0932246		-0.223689		
-4.72	-0.46741		0.250995		0.0955133		-0.224325		
-4.71	-0.472411		0.249176		0.0977989		-0.224948		
-4.7	-0.477376		0.247329		0.100081		-0.22556		
-4.69	-0.482304		0.245454		0.102361		-0.22616		
-4.68	-0.487194		0.243553		0.104636		-0.226748		
-4.67	-0.492046		0.241623		0.106908		-0.227323		
-4.66	-0.496859		0.239667		0.109176		-0.227886		
-4.65	-0.501633		0.237683		0.11144		-0.228438		
-4.64	-0.506366		0.235673		0.1137		-0.228977		
-4.63	-0.511059		0.233636		0.115955		-0.229503		
-4.62	-0.515712		0.231572		0.118206		-0.230018		
-4.61	-0.520322		0.229481		0.120452		-0.230521		
-4.6	-0.524891		0.227364		0.122694		-0.231011		
-4.59	-0.529417		0.225221		0.12493		-0.231489		
-4.58	-0.533899		0.223051		0.127161		-0.231955		
-4.57	-0.538338		0.220856		0.129386		-0.232408		
-4.56	-0.542733		0.218634		0.131606		-0.23285		
-4.55	-0.547084		0.216387		0.13382		-0.233279		
-4.54	-0.551389		0.214115		0.136028		-0.233695		
-4.53	-0.555648		0.211817		0.13823		-0.2341		
-4.52	-0.559861		0.209494		0.140426		-0.234492		
-4.51	-0.564028		0.207145		0.142615		-0.234872		
-4.5	-0.568147		0.204772		0.144798		-0.23524		
-4.49	-0.572218		0.202374		0.146974		-0.235596		
-4.48	-0.576242		0.199951		0.149143		-0.235939		
-4.47	-0.580216		0.197504		0.151304		-0.23627		
-4.46	-0.584142		0.195033		0.153459		-0.236588		
-4.45	-0.588017		0.192537		0.155606		-0.236895		
-4.44	-0.591843		0.190018		0.157746		-0.237189		
-4.43	-0.595618		0.187475		0.159878		-0.237471		
-4.42	-0.599342		0.184908		0.162001		-0.237741		
-4.41	-0.603014		0.182318		0.164117		-0.237998		
-4.4	-0.606634		0.179705		0.166225		-0.238244		
-4.39	-0.610202		0.177069		0.168324		-0.238477		
-4.38	-0.613717		0.17441		0.170414		-0.238698		
-4.37	-0.617178		0.171728		0.172496		-0.238906		
-4.36	-0.620586		0.169024		0.174569		-0.239103		
-4.35	-0.623939		0.166298		0.176633		-0.239287		
-4.34	-0.627238		0.163549		0.178688		-0.239459		
-4.33	-0.630481		0.160779		0.180733		-0.23962		
-4.32	-0.633669		0.157987		0.182769		-0.239768		
-4.31	-0.6368		0.155174		0.184795		-0.239903		
-4.3	-0.639876		0.152339		0.186812		-0.240027		
-4.29	-0.642894		0.149484		0.188818		-0.240139		
-4.28	-0.645855		0.146607		0.190814		-0.240239		
-4.27	-0.648758		0.14371		0.1928		-0.240327		
-4.26	-0.651603		0.140793		0.194776		-0.240403		
-4.25	-0.65439		0.137855		0.196741		-0.240466		
-4.24	-0.657117		0.134898		0.198696		-0.240518		
-4.23	-0.659785		0.131921		0.200639		-0.240558		
-4.22	-0.662394		0.128924		0.202572		-0.240587		
-4.21	-0.664942		0.125908		0.204493		-0.240603		
-4.2	-0.66743		0.122873		0.206403		-0.240607		
-4.19	-0.669857		0.119819		0.208302		-0.2406		
-4.18	-0.672223		0.116746		0.210189		-0.240581		
-4.17	-0.674527		0.113655		0.212064		-0.24055		
-4.16	-0.676769		0.110546		0.213928		-0.240508		
-4.15	-0.678948		0.107419		0.21578		-0.240454		
-4.14	-0.681065		0.104274		0.217619		-0.240388		
-4.13	-0.683119		0.101112		0.219446		-0.240311		
-4.12	-0.68511		0.0979328		0.221261		-0.240222		
-4.11	-0.687036		0.0947365		0.223063		-0.240121		
-4.1	-0.688899		0.0915235		0.224853		-0.240009		
-4.09	-0.690697		0.0882941		0.22663		-0.239886		
-4.08	-0.692431		0.0850484		0.228394		-0.239751		
-4.07	-0.694099		0.0817868		0.230145		-0.239605		
-4.06	-0.695702		0.0785094		0.231882		-0.239448		
-4.05	-0.697239		0.0752166		0.233607		-0.239279		
-4.04	-0.698711		0.0719085		0.235318		-0.239099		
-4.03	-0.700116		0.0685855		0.237015		-0.238908		
-4.02	-0.701454		0.0652478		0.238699		-0.238706		
-4.01	-0.702725		0.0618957		0.240369		-0.238493		
-4	-0.70393		0.0585294		0.242025		-0.238268		
-3.99	-0.705067		0.0551491		0.243667		-0.238033		
-3.98	-0.706136		0.0517552		0.245295		-0.237787		
-3.97	-0.707137		0.0483479		0.246909		-0.23753		
-3.96	-0.708069		0.0449275		0.248508		-0.237262		
-3.95	-0.708934		0.0414942		0.250093		-0.236983		
-3.94	-0.709729		0.0380484		0.251663		-0.236693		
-3.93	-0.710456		0.0345902		0.253218		-0.236393		
-3.92	-0.711113		0.0311199		0.254759		-0.236082		
-3.91	-0.7117		0.0276379		0.256285		-0.23576		
-3.9	-0.712218		0.0241444		0.257795		-0.235428		
-3.89	-0.712666		0.0206397		0.259291		-0.235086		
-3.88	-0.713044		0.017124		0.260771		-0.234733		
-3.87	-0.713351		0.0135976		0.262236		-0.234369		
-3.86	-0.713587		0.0100608		0.263686		-0.233996		
-3.85	-0.713753		0.00651392		0.26512		-0.233612		
-3.84	-0.713848		0.00295721		0.266538		-0.233218		
-3.83	-0.713871		-0.000609058		0.26794		-0.232814		
-3.82	-0.713823		-0.00418459		0.269327		-0.232399		
-3.81	-0.713704		-0.00776911		0.270698		-0.231975		
-3.8	-0.713513		-0.0113623		0.272052		-0.231541		
-3.79	-0.713249		-0.0149639		0.273391		-0.231097		
-3.78	-0.712914		-0.0185737		0.274713		-0.230643		
-3.77	-0.712506		-0.0221913		0.276019		-0.230179		
-3.76	-0.712026		-0.0258164		0.277309		-0.229706		
-3.75	-0.711474		-0.0294487		0.278582		-0.229223		
-3.74	-0.710848		-0.0330881		0.279839		-0.228731		
-3.73	-0.71015		-0.0367341		0.281079		-0.228229		
-3.72	-0.709379		-0.0403864		0.282302		-0.227717		
-3.71	-0.708535		-0.0440449		0.283508		-0.227196		
-3.7	-0.707617		-0.0477091		0.284698		-0.226666		
-3.69	-0.706626		-0.0513789		0.285871		-0.226127		
-3.68	-0.705562		-0.0550538		0.287026		-0.225579		
-3.67	-0.704424		-0.0587336		0.288165		-0.225021		
-3.66	-0.703213		-0.062418		0.289286		-0.224455		
-3.65	-0.701927		-0.0661067		0.29039		-0.22388		
-3.64	-0.700568		-0.0697994		0.291477		-0.223295		
-3.63	-0.699135		-0.0734958		0.292546		-0.222702		
-3.62	-0.697628		-0.0771956		0.293598		-0.222101		
-3.61	-0.696047		-0.0808985		0.294632		-0.22149		
-3.6	-0.694392		-0.0846041		0.295649		-0.220871		
-3.59	-0.692663		-0.0883123		0.296648		-0.220244		
-3.58	-0.69086		-0.0920227		0.297629		-0.219608		
-3.57	-0.688982		-0.0957349		0.298593		-0.218964		
-3.56	-0.687031		-0.0994487		0.299539		-0.218312		
-3.55	-0.685004		-0.103164		0.300467		-0.217651		
-3.54	-0.682904		-0.10688		0.301377		-0.216983		
-3.53	-0.680729		-0.110597		0.302269		-0.216306		
-3.52	-0.67848		-0.114314		0.303143		-0.215621		
-3.51	-0.676157		-0.118031		0.303999		-0.214929		
-3.5	-0.673759		-0.121748		0.304837		-0.214229		
-3.49	-0.671287		-0.125464		0.305657		-0.213521		
-3.48	-0.66874		-0.129179		0.306458		-0.212805		
-3.47	-0.66612		-0.132894		0.307242		-0.212082		
-3.46	-0.663425		-0.136606		0.308007		-0.211352		
-3.45	-0.660655		-0.140317		0.308753		-0.210614		
-3.44	-0.657812		-0.144026		0.309482		-0.209869		
-3.43	-0.654894		-0.147733		0.310192		-0.209117		
-3.42	-0.651903		-0.151437		0.310883		-0.208357		
-3.41	-0.648837		-0.155137		0.311556		-0.207591		
-3.4	-0.645697		-0.158835		0.312211		-0.206817		
-3.39	-0.642483		-0.162529		0.312847		-0.206037		
-3.38	-0.639196		-0.166218		0.313464		-0.20525		
-3.37	-0.635835		-0.169904		0.314063		-0.204456		
-3.36	-0.6324		-0.173585		0.314643		-0.203655		
-3.35	-0.628891		-0.177261		0.315205		-0.202849		
-3.34	-0.625309		-0.180932		0.315748		-0.202035		
-3.33	-0.621654		-0.184598		0.316272		-0.201215		
-3.32	-0.617926		-0.188257		0.316778		-0.20039		
-3.31	-0.614124		-0.191911		0.317265		-0.199557		
-3.3	-0.610249		-0.195558		0.317733		-0.198719		
-3.29	-0.606302		-0.199198		0.318183		-0.197875		
-3.28	-0.602281		-0.202832		0.318614		-0.197025		
-3.27	-0.598188		-0.206458		0.319026		-0.196169		
-3.26	-0.594023		-0.210076		0.31942		-0.195307		
-3.25	-0.589785		-0.213687		0.319794		-0.19444		
-3.24	-0.585476		-0.217289		0.32015		-0.193567		
-3.23	-0.581094		-0.220883		0.320487		-0.192689		
-3.22	-0.57664		-0.224468		0.320806		-0.191805		
-3.21	-0.572115		-0.228043		0.321105		-0.190916		
-3.2	-0.567519		-0.231609		0.321386		-0.190022		
-3.19	-0.562851		-0.235166		0.321649		-0.189122		
-3.18	-0.558112		-0.238712		0.321892		-0.188218		
-3.17	-0.553303		-0.242248		0.322117		-0.187309		
-3.16	-0.548422		-0.245774		0.322323		-0.186395		
-3.15	-0.543472		-0.249288		0.32251		-0.185476		
-3.14	-0.538451		-0.252791		0.322679		-0.184552		
-3.13	-0.53336		-0.256282		0.322829		-0.183624		
-3.12	-0.5282		-0.259762		0.32296		-0.182692		
-3.11	-0.52297		-0.263229		0.323073		-0.181755		
-3.1	-0.517671		-0.266684		0.323167		-0.180814		
-3.09	-0.512302		-0.270127		0.323243		-0.179869		
-3.08	-0.506866		-0.273556		0.3233		-0.178919		
-3.07	-0.50136		-0.276971		0.323338		-0.177966		
-3.06	-0.495787		-0.280374		0.323358		-0.177008		
-3.05	-0.490145		-0.283762		0.32336		-0.176047		
-3.04	-0.484436		-0.287136		0.323342		-0.175082		
-3.03	-0.47866		-0.290495		0.323307		-0.174114		
-3.02	-0.472817		-0.29384		0.323253		-0.173142		
-3.01	-0.466907		-0.297169		0.323181		-0.172166		
-3	-0.46093		-0.300483		0.32309		-0.171187		
-2.99	-0.454887		-0.303782		0.322982		-0.170205		
-2.98	-0.448779		-0.307064		0.322854		-0.16922		
-2.97	-0.442605		-0.31033		0.322709		-0.168231		
-2.96	-0.436366		-0.31358		0.322546		-0.16724		
-2.95	-0.430062		-0.316812		0.322364		-0.166246		
-2.94	-0.423693		-0.320028		0.322165		-0.165249		
-2.93	-0.417261		-0.323226		0.321947		-0.164249		
-2.92	-0.410765		-0.326407		0.321711		-0.163246		
-2.91	-0.404205		-0.32957		0.321458		-0.162241		
-2.9	-0.397582		-0.332714		0.321187		-0.161234		
-2.89	-0.390896		-0.33584		0.320897		-0.160224		
-2.88	-0.384148		-0.338947		0.320591		-0.159212		
-2.87	-0.377339		-0.342035		0.320266		-0.158198		
-2.86	-0.370467		-0.345104		0.319924		-0.157182		
-2.85	-0.363535		-0.348153		0.319564		-0.156163		
-2.84	-0.356541		-0.351182		0.319186		-0.155143		
-2.83	-0.349487		-0.354191		0.318792		-0.154121		
-2.82	-0.342374		-0.35718		0.31838		-0.153098		
-2.81	-0.3352		-0.360148		0.31795		-0.152072		
-2.8	-0.327968		-0.363095		0.317503		-0.151046		
-2.79	-0.320677		-0.366021		0.317039		-0.150017		
-2.78	-0.313327		-0.368926		0.316558		-0.148988		
-2.77	-0.30592		-0.371809		0.31606		-0.147957		
-2.76	-0.298455		-0.37467		0.315545		-0.146925		
-2.75	-0.290933		-0.377508		0.315013		-0.145892		
-2.74	-0.283355		-0.380324		0.314465		-0.144858		
-2.73	-0.27572		-0.383118		0.313899		-0.143823		
-2.72	-0.26803		-0.385888		0.313317		-0.142787		
-2.71	-0.260285		-0.388635		0.312719		-0.141751		
-2.7	-0.252485		-0.391359		0.312104		-0.140714		
-2.69	-0.244631		-0.394059		0.311472		-0.139676		
-2.68	-0.236723		-0.396735		0.310824		-0.138638		
-2.67	-0.228761		-0.399387		0.31016		-0.137599		
-2.66	-0.220747		-0.402014		0.30948		-0.136561		
-2.65	-0.212681		-0.404617		0.308784		-0.135522		
-2.64	-0.204563		-0.407195		0.308072		-0.134483		
-2.63	-0.196393		-0.409747		0.307344		-0.133444		
-2.62	-0.188173		-0.412275		0.3066		-0.132405		
-2.61	-0.179903		-0.414776		0.305841		-0.131366		
-2.6	-0.171582		-0.417252		0.305066		-0.130327		
-2.59	-0.163213		-0.419701		0.304275		-0.129289		
-2.58	-0.154794		-0.422125		0.303469		-0.128251		
-2.57	-0.146328		-0.424522		0.302648		-0.127214		
-2.56	-0.137814		-0.426892		0.301812		-0.126177		
-2.55	-0.129252		-0.429235		0.300961		-0.125141		
-2.54	-0.120645		-0.431551		0.300094		-0.124106		
-2.53	-0.111991		-0.433839		0.299213		-0.123071		
-2.52	-0.103291		-0.4361		0.298318		-0.122037		
-2.51	-0.0945468		-0.438333		0.297407		-0.121005		
-2.5	-0.085758		-0.440538		0.296482		-0.119973		
-2.49	-0.0769254		-0.442715		0.295543		-0.118943		
-2.48	-0.0680496		-0.444863		0.294589		-0.117914		
-2.47	-0.0591311		-0.446983		0.293621		-0.116886		
-2.46	-0.0501705		-0.449074		0.292639		-0.115859		
-2.45	-0.0411683		-0.451136		0.291644		-0.114834		
-2.44	-0.0321252		-0.453168		0.290634		-0.113811		
-2.43	-0.0230418		-0.455171		0.289611		-0.112789		
-2.42	-0.0139186		-0.457145		0.288574		-0.111769		
-2.41	-0.0047562		-0.459089		0.287523		-0.110751		
-2.4	0.00444475		-0.461002		0.28646		-0.109734		
-2.39	0.0136837		-0.462886		0.285383		-0.10872		
-2.38	0.02296		-0.464739		0.284293		-0.107707		
-2.37	0.032273		-0.466561		0.28319		-0.106697		
-2.36	0.0416222		-0.468353		0.282074		-0.105689		
-2.35	0.051007		-0.470114		0.280945		-0.104683		
-2.34	0.0604266		-0.471844		0.279804		-0.103679		
-2.33	0.0698805		-0.473543		0.278651		-0.102678		
-2.32	0.0793681		-0.47521		0.277485		-0.101679		
-2.31	0.0888887		-0.476846		0.276307		-0.100683		
-2.3	0.0984417		-0.47845		0.275117		-0.0996889		
-2.29	0.108026		-0.480022		0.273915		-0.0986979		
-2.28	0.117642		-0.481562		0.272701		-0.0977096		
-2.27	0.127289		-0.483069		0.271476		-0.0967242		
-2.26	0.136965		-0.484545		0.270239		-0.0957416		
-2.25	0.14667		-0.485988		0.26899		-0.094762		
-2.24	0.156404		-0.487398		0.267731		-0.0937855		
-2.23	0.166166		-0.488775		0.26646		-0.092812		
-2.22	0.175955		-0.49012		0.265179		-0.0918417		
-2.21	0.185771		-0.491431		0.263887		-0.0908746		
-2.2	0.195612		-0.492709		0.262584		-0.0899108		
-2.19	0.205479		-0.493954		0.26127		-0.0889503		
-2.18	0.21537		-0.495166		0.259947		-0.0879933		
-2.17	0.225285		-0.496343		0.258613		-0.0870397		
-2.16	0.235223		-0.497487		0.257268		-0.0860897		
-2.15	0.245184		-0.498597		0.255915		-0.0851433		
-2.14	0.255167		-0.499674		0.254551		-0.0842006		
-2.13	0.265171		-0.500716		0.253177		-0.0832616		
-2.12	0.275196		-0.501723		0.251795		-0.0823264		
-2.11	0.28524		-0.502697		0.250402		-0.081395		
-2.1	0.295303		-0.503636		0.249001		-0.0804676		
-2.09	0.305385		-0.50454		0.247591		-0.0795441		
-2.08	0.315485		-0.50541		0.246172		-0.0786246		
-2.07	0.325601		-0.506245		0.244744		-0.0777093		
-2.06	0.335734		-0.507045		0.243307		-0.076798		
-2.05	0.345883		-0.50781		0.241863		-0.075891		
-2.04	0.356046		-0.508541		0.24041		-0.0749882		
-2.03	0.366224		-0.509236		0.238948		-0.0740897		
-2.02	0.376416		-0.509895		0.237479		-0.0731956		
-2.01	0.38662		-0.51052		0.236003		-0.0723059		
-2	0.396836		-0.511109		0.234518		-0.0714206		
-1.99	0.407064		-0.511663		0.233026		-0.0705399		
-1.98	0.417302		-0.512181		0.231527		-0.0696637		
-1.97	0.427551		-0.512663		0.230021		-0.0687921		
-1.96	0.437809		-0.51311		0.228508		-0.0679252		
-1.95	0.448075		-0.513521		0.226988		-0.067063		
-1.94	0.458349		-0.513896		0.225461		-0.0662056		
-1.93	0.468631		-0.514235		0.223928		-0.0653529		
-1.92	0.478918		-0.514539		0.222389		-0.0645051		
-1.91	0.489212		-0.514806		0.220843		-0.0636623		
-1.9	0.49951		-0.515037		0.219292		-0.0628243		
-1.89	0.509813		-0.515232		0.217734		-0.0619913		
-1.88	0.520119		-0.515391		0.216172		-0.0611634		
-1.87	0.530429		-0.515514		0.214603		-0.0603405		
-1.86	0.54074		-0.5156		0.213029		-0.0595227		
-1.85	0.551052		-0.515651		0.21145		-0.0587101		
-1.84	0.561366		-0.515664		0.209866		-0.0579027		
-1.83	0.571679		-0.515642		0.208278		-0.0571005		
-1.82	0.581991		-0.515583		0.206684		-0.0563036		
-1.81	0.592302		-0.515488		0.205087		-0.0555119		
-1.8	0.60261		-0.515356		0.203484		-0.0547256		
-1.79	0.612916		-0.515188		0.201878		-0.0539447		
-1.78	0.623217		-0.514983		0.200268		-0.0531692		
-1.77	0.633515		-0.514742		0.198654		-0.0523991		
-1.76	0.643807		-0.514464		0.197036		-0.0516346		
-1.75	0.654093		-0.51415		0.195415		-0.0508755		
-1.74	0.664373		-0.513799		0.193791		-0.050122		
-1.73	0.674645		-0.513412		0.192163		-0.049374		
-1.72	0.684909		-0.512988		0.190533		-0.0486316		
-1.71	0.695164		-0.512528		0.188899		-0.0478949		
-1.7	0.70541		-0.512031		0.187263		-0.0471638		
-1.69	0.715645		-0.511498		0.185625		-0.0464385		
-1.68	0.725869		-0.510928		0.183985		-0.0457188		
-1.67	0.736082		-0.510322		0.182342		-0.0450049		
-1.66	0.746282		-0.509679		0.180697		-0.0442967		
-1.65	0.756469		-0.508999		0.179051		-0.0435944		
-1.64	0.766642		-0.508284		0.177403		-0.0428978		
-1.63	0.7768		-0.507532		0.175754		-0.0422071		
-1.62	0.786943		-0.506743		0.174103		-0.0415222		
-1.61	0.79707		-0.505918		0.172451		-0.0408432		
-1.6	0.807179		-0.505057		0.170799		-0.0401701		
-1.59	0.817272		-0.50416		0.169146		-0.039503		
-1.58	0.827345		-0.503226		0.167492		-0.0388417		
-1.57	0.8374		-0.502256		0.165837		-0.0381865		
-1.56	0.847435		-0.50125		0.164183		-0.0375371		
-1.55	0.85745		-0.500208		0.162529		-0.0368938		
-1.54	0.867444		-0.49913		0.160874		-0.0362565		
-1.53	0.877415		-0.498016		0.15922		-0.0356252		
-1.52	0.887364		-0.496866		0.157567		-0.0349999		
-1.51	0.897289		-0.49568		0.155914		-0.0343806		
-1.5	0.907191		-0.494458		0.154262		-0.0337674		
-1.49	0.917068		-0.493201		0.152611		-0.0331603		
-1.48	0.926919		-0.491908		0.150961		-0.0325592		
-1.47	0.936744		-0.490579		0.149312		-0.0319643		
-1.46	0.946542		-0.489215		0.147665		-0.0313754		
-1.45	0.956312		-0.487815		0.14602		-0.0307926		
-1.44	0.966054		-0.48638		0.144376		-0.0302159		
-1.43	0.975767		-0.48491		0.142734		-0.0296453		
-1.42	0.98545		-0.483405		0.141095		-0.0290808		
-1.41	0.995103		-0.481864		0.139458		-0.0285225		
-1.4	1.00472		-0.480289		0.137823		-0.0279703		
-1.39	1.01431		-0.478678		0.136191		-0.0274242		
-1.38	1.02387		-0.477033		0.134562		-0.0268842		
-1.37	1.0334		-0.475353		0.132936		-0.0263503		
-1.36	1.04289		-0.473639		0.131313		-0.0258226		
-1.35	1.05234		-0.47189		0.129694		-0.025301		
-1.34	1.06176		-0.470106		0.128078		-0.0247855		
-1.33	1.07114		-0.468288		0.126466		-0.0242762		
-1.32	1.08049		-0.466437		0.124857		-0.0237729		
-1.31	1.0898		-0.464551		0.123253		-0.0232758		
-1.3	1.09907		-0.462631		0.121652		-0.0227848		
-1.29	1.10831		-0.460678		0.120056		-0.0222999		
-1.28	1.1175		-0.45869		0.118465		-0.0218211		
-1.27	1.12665		-0.45667		0.116878		-0.0213483		
-1.26	1.13577		-0.454615		0.115296		-0.0208817		
-1.25	1.14484		-0.452528		0.113719		-0.0204211		
-1.24	1.15387		-0.450408		0.112147		-0.0199666		
-1.23	1.16285		-0.448254		0.110581		-0.0195181		
-1.22	1.1718		-0.446068		0.10902		-0.0190756		
-1.21	1.1807		-0.443849		0.107464		-0.0186392		
-1.2	1.18955		-0.441597		0.105915		-0.0182088		
-1.19	1.19836		-0.439313		0.104371		-0.0177844		
-1.18	1.20712		-0.436997		0.102833		-0.017366		
-1.17	1.21584		-0.434649		0.101302		-0.0169535		
-1.16	1.22451		-0.432269		0.0997768		-0.016547		
-1.15	1.23313		-0.429857		0.0982584		-0.0161465		
-1.14	1.2417		-0.427413		0.0967467		-0.0157518		
-1.13	1.25023		-0.424938		0.0952418		-0.0153631		
-1.12	1.2587		-0.422432		0.093744		-0.0149802		
-1.11	1.26712		-0.419895		0.0922534		-0.0146032		
-1.1	1.2755		-0.417326		0.0907701		-0.014232		
-1.09	1.28382		-0.414727		0.0892943		-0.0138666		
-1.08	1.29209		-0.412098		0.0878261		-0.013507		
-1.07	1.3003		-0.409438		0.0863657		-0.0131532		
-1.06	1.30846		-0.406748		0.0849132		-0.0128052		
-1.05	1.31657		-0.404028		0.0834688		-0.0124628		
-1.04	1.32462		-0.401278		0.0820326		-0.0121262		
-1.03	1.33262		-0.398499		0.0806048		-0.0117952		
-1.02	1.34056		-0.39569		0.0791855		-0.0114699		
-1.01	1.34845		-0.392852		0.0777748		-0.0111501		
-1	1.35628		-0.389985		0.0763729		-0.010836		
-0.99	1.36405		-0.387089		0.07498		-0.0105274		
-0.98	1.37176		-0.384164		0.0735961		-0.0102243		
-0.97	1.37941		-0.381211		0.0722215		-0.00992676		
-0.96	1.38701		-0.37823		0.0708562		-0.00963465		
-0.95	1.39454		-0.375221		0.0695004		-0.00934798		
-0.94	1.40202		-0.372184		0.0681543		-0.0090667		
-0.93	1.40943		-0.36912		0.0668179		-0.00879079		
-0.92	1.41678		-0.366028		0.0654914		-0.0085202		
-0.91	1.42407		-0.362909		0.064175		-0.00825492		
-0.9	1.4313		-0.359763		0.0628687		-0.00799489		
-0.89	1.43846		-0.356591		0.0615727		-0.00774009		
-0.88	1.44556		-0.353392		0.0602872		-0.00749047		
-0.87	1.4526		-0.350167		0.0590122		-0.007246		
-0.86	1.45957		-0.346916		0.0577479		-0.00700664		
-0.85	1.46647		-0.343639		0.0564945		-0.00677236		
-0.84	1.47331		-0.340337		0.0552519		-0.00654311		
-0.83	1.48009		-0.33701		0.0540205		-0.00631884		
-0.82	1.48679		-0.333657		0.0528002		-0.00609953		
-0.81	1.49343		-0.33028		0.0515913		-0.00588513		
-0.8	1.50001		-0.326878		0.0503938		-0.0056756		
-0.79	1.50651		-0.323452		0.0492079		-0.00547089		
-0.78	1.51294		-0.320001		0.0480336		-0.00527097		
-0.77	1.51931		-0.316527		0.0468711		-0.00507578		
-0.76	1.5256		-0.31303		0.0457206		-0.00488528		
-0.75	1.53183		-0.309509		0.0445821		-0.00469943		
-0.74	1.53798		-0.305965		0.0434557		-0.00451818		
-0.73	1.54407		-0.302399		0.0423416		-0.00434149		
-0.72	1.55008		-0.29881		0.0412399		-0.00416931		
-0.71	1.55602		-0.295198		0.0401506		-0.00400159		
-0.7	1.56189		-0.291565		0.0390739		-0.00383828		
-0.69	1.56768		-0.28791		0.03801		-0.00367933		
-0.68	1.5734		-0.284233		0.0369588		-0.00352471		
-0.67	1.57905		-0.280536		0.0359205		-0.00337434		
-0.66	1.58463		-0.276817		0.0348953		-0.00322819		
-0.65	1.59012		-0.273078		0.0338832		-0.00308621		
-0.64	1.59555		-0.269318		0.0328843		-0.00294834		
-0.63	1.6009		-0.265539		0.0318987		-0.00281453		
-0.62	1.60617		-0.261739		0.0309266		-0.00268472		
-0.61	1.61137		-0.25792		0.0299679		-0.00255888		
-0.6	1.61649		-0.254082		0.0290229		-0.00243693		
-0.59	1.62153		-0.250225		0.0280916		-0.00231884		
-0.58	1.6265		-0.246349		0.0271741		-0.00220454		
-0.57	1.63138		-0.242455		0.0262704		-0.00209397		
-0.56	1.63619		-0.238543		0.0253808		-0.0019871		
-0.55	1.64093		-0.234612		0.0245052		-0.00188385		
-0.54	1.64558		-0.230665		0.0236438		-0.00178417		
-0.53	1.65015		-0.2267		0.0227967		-0.001688		
-0.52	1.65465		-0.222718		0.0219639		-0.0015953		
-0.51	1.65906		-0.21872		0.0211455		-0.00150599		
-0.5	1.66339		-0.214705		0.0203416		-0.00142003		
-0.49	1.66765		-0.210674		0.0195523		-0.00133735		
-0.48	1.67182		-0.206627		0.0187776		-0.0012579		
-0.47	1.67591		-0.202565		0.0180177		-0.00118161		
-0.46	1.67992		-0.198488		0.0172726		-0.00110842		
-0.45	1.68385		-0.194396		0.0165423		-0.00103829		
-0.44	1.6877		-0.19029		0.0158271		-0.000971137		
-0.43	1.69146		-0.186169		0.0151268		-0.000906911		
-0.42	1.69515		-0.182034		0.0144417		-0.000845548		
-0.41	1.69875		-0.177886		0.0137718		-0.000786987		
-0.4	1.70226		-0.173724		0.013117		-0.000731167		
-0.39	1.70569		-0.169549		0.0124776		-0.000678024		
-0.38	1.70904		-0.165362		0.0118536		-0.000627497		
-0.37	1.71231		-0.161162		0.011245		-0.000579522		
-0.36	1.71549		-0.156951		0.0106518		-0.000534036		
-0.35	1.71859		-0.152727		0.0100743		-0.000490976		
-0.34	1.7216		-0.148492		0.00951229		-0.000450278		
-0.33	1.72453		-0.144246		0.00896599		-0.000411877		
-0.32	1.72737		-0.139989		0.00843541		-0.00037571		
-0.31	1.73013		-0.135722		0.0079206		-0.000341711		
-0.3	1.7328		-0.131444		0.00742162		-0.000309816		
-0.29	1.73538		-0.127157		0.0069385		-0.000279959		
-0.28	1.73788		-0.12286		0.00647132		-0.000252074		
-0.27	1.7403		-0.118554		0.0060201		-0.000226097		
-0.26	1.74263		-0.114239		0.00558489		-0.000201961		
-0.25	1.74487		-0.109915		0.00516574		-0.0001796		
-0.24	1.74702		-0.105583		0.0047627		-0.000158947		
-0.23	1.74909		-0.101244		0.00437579		-0.000139936		
-0.22	1.75107		-0.0968964		0.00400506		-0.0001225		
-0.21	1.75297		-0.0925418		0.00365055		-0.000106572		
-0.2	1.75477		-0.0881803		0.00331229		-9.20847e-005		
-0.19	1.75649		-0.0838122		0.00299031		-7.89704e-005		
-0.18	1.75813		-0.0794378		0.00268465		-6.71617e-005		
-0.17	1.75967		-0.0750575		0.00239534		-5.65908e-005		
-0.16	1.76113		-0.0706715		0.00212241		-4.71899e-005		
-0.15	1.7625		-0.0662803		0.00186588		-3.88908e-005		
-0.14	1.76378		-0.061884		0.00162578		-3.16254e-005		
-0.13	1.76497		-0.0574831		0.00140214		-2.53253e-005		
-0.12	1.76608		-0.053078		0.00119497		-1.99222e-005		
-0.11	1.7671		-0.0486688		0.0010043		-1.53473e-005		
-0.1	1.76803		-0.044256		0.000830146		-1.15322e-005		
-0.09	1.76887		-0.0398398		0.000672524		-8.40797e-006		
-0.08	1.76962		-0.0354207		0.000531453		-5.90582e-006		
-0.07	1.77028		-0.0309989		0.000406944		-3.95681e-006		
-0.06	1.77086		-0.0265748		0.000299012		-2.49195e-006		
-0.05	1.77135		-0.0221488		0.000207666		-1.4422e-006		
-0.04	1.77174		-0.017721		0.000132916		-7.38449e-007		
-0.03	1.77206		-0.0132919		7.47698e-005		-3.11547e-007		
-0.02	1.77228		-0.00886183		3.32324e-005		-9.2313e-008		
-0.01	1.77241		-0.00443108		8.30831e-006		-1.15393e-008		
-1.68889e-013	1.77245		-7.48371e-014		2.36985e-027		-5.55891e-041		
0.01	1.77241		0.00443108		8.30831e-006		1.15393e-008		
0.02	1.77228		0.00886183		3.32324e-005		9.2313e-008		
0.03	1.77206		0.0132919		7.47698e-005		3.11547e-007		
0.04	1.77174		0.017721		0.000132916		7.38449e-007		
0.05	1.77135		0.0221488		0.000207666		1.4422e-006		
0.06	1.77086		0.0265748		0.000299012		2.49195e-006		
0.07	1.77028		0.0309989		0.000406944		3.95681e-006		
0.08	1.76962		0.0354207		0.000531453		5.90582e-006		
0.09	1.76887		0.0398398		0.000672524		8.40797e-006		
0.1	1.76803		0.044256		0.000830146		1.15322e-005		
0.11	1.7671		0.0486688		0.0010043		1.53473e-005		
0.12	1.76608		0.053078		0.00119497		1.99222e-005		
0.13	1.76497		0.0574831		0.00140214		2.53253e-005		
0.14	1.76378		0.061884		0.00162578		3.16254e-005		
0.15	1.7625		0.0662803		0.00186588		3.88908e-005		
0.16	1.76113		0.0706715		0.00212241		4.71899e-005		
0.17	1.75967		0.0750575		0.00239534		5.65908e-005		
0.18	1.75813		0.0794378		0.00268465		6.71617e-005		
0.19	1.75649		0.0838122		0.00299031		7.89704e-005		
0.2	1.75477		0.0881803		0.00331229		9.20847e-005		
0.21	1.75297		0.0925418		0.00365055		0.000106572		
0.22	1.75107		0.0968964		0.00400506		0.0001225		
0.23	1.74909		0.101244		0.00437579		0.000139936		
0.24	1.74702		0.105583		0.0047627		0.000158947		
0.25	1.74487		0.109915		0.00516574		0.0001796		
0.26	1.74263		0.114239		0.00558489		0.000201961		
0.27	1.7403		0.118554		0.0060201		0.000226097		
0.28	1.73788		0.12286		0.00647132		0.000252074		
0.29	1.73538		0.127157		0.0069385		0.000279959		
0.3	1.7328		0.131444		0.00742162		0.000309816		
0.31	1.73013		0.135722		0.0079206		0.000341711		
0.32	1.72737		0.139989		0.00843541		0.00037571		
0.33	1.72453		0.144246		0.00896599		0.000411877		
0.34	1.7216		0.148492		0.00951229		0.000450278		
0.35	1.71859		0.152727		0.0100743		0.000490976		
0.36	1.71549		0.156951		0.0106518		0.000534036		
0.37	1.71231		0.161162		0.011245		0.000579522		
0.38	1.70904		0.165362		0.0118536		0.000627497		
0.39	1.70569		0.169549		0.0124776		0.000678024		
0.4	1.70226		0.173724		0.013117		0.000731167		
0.41	1.69875		0.177886		0.0137718		0.000786987		
0.42	1.69515		0.182034		0.0144417		0.000845548		
0.43	1.69146		0.186169		0.0151268		0.000906911		
0.44	1.6877		0.19029		0.0158271		0.000971137		
0.45	1.68385		0.194396		0.0165423		0.00103829		
0.46	1.67992		0.198488		0.0172726		0.00110842		
0.47	1.67591		0.202565		0.0180177		0.00118161		
0.48	1.67182		0.206627		0.0187776		0.0012579		
0.49	1.66765		0.210674		0.0195523		0.00133735		
0.5	1.66339		0.214705		0.0203416		0.00142003		
0.51	1.65906		0.21872		0.0211455		0.00150599		
0.52	1.65465		0.222718		0.0219639		0.0015953		
0.53	1.65015		0.2267		0.0227967		0.001688		
0.54	1.64558		0.230665		0.0236438		0.00178417		
0.55	1.64093		0.234612		0.0245052		0.00188385		
0.56	1.63619		0.238543		0.0253808		0.0019871		
0.57	1.63138		0.242455		0.0262704		0.00209397		
0.58	1.6265		0.246349		0.0271741		0.00220454		
0.59	1.62153		0.250225		0.0280916		0.00231884		
0.6	1.61649		0.254082		0.0290229		0.00243693		
0.61	1.61137		0.25792		0.0299679		0.00255888		
0.62	1.60617		0.261739		0.0309266		0.00268472		
0.63	1.6009		0.265539		0.0318987		0.00281453		
0.64	1.59555		0.269318		0.0328843		0.00294834		
0.65	1.59012		0.273078		0.0338832		0.00308621		
0.66	1.58463		0.276817		0.0348953		0.00322819		
0.67	1.57905		0.280536		0.0359205		0.00337434		
0.68	1.5734		0.284233		0.0369588		0.00352471		
0.69	1.56768		0.28791		0.03801		0.00367933		
0.7	1.56189		0.291565		0.0390739		0.00383828		
0.71	1.55602		0.295198		0.0401506		0.00400159		
0.72	1.55008		0.29881		0.0412399		0.00416931		
0.73	1.54407		0.302399		0.0423416		0.00434149		
0.74	1.53798		0.305965		0.0434557		0.00451818		
0.75	1.53183		0.309509		0.0445821		0.00469943		
0.76	1.5256		0.31303		0.0457206		0.00488528		
0.77	1.51931		0.316527		0.0468711		0.00507578		
0.78	1.51294		0.320001		0.0480336		0.00527097		
0.79	1.50651		0.323452		0.0492079		0.00547089		
0.8	1.50001		0.326878		0.0503938		0.0056756		
0.81	1.49343		0.33028		0.0515913		0.00588513		
0.82	1.48679		0.333657		0.0528002		0.00609953		
0.83	1.48009		0.33701		0.0540205		0.00631884		
0.84	1.47331		0.340337		0.0552519		0.00654311		
0.85	1.46647		0.343639		0.0564945		0.00677236		
0.86	1.45957		0.346916		0.0577479		0.00700664		
0.87	1.4526		0.350167		0.0590122		0.007246		
0.88	1.44556		0.353392		0.0602872		0.00749047		
0.89	1.43846		0.356591		0.0615727		0.00774009		
0.9	1.4313		0.359763		0.0628687		0.00799489		
0.91	1.42407		0.362909		0.064175		0.00825492		
0.92	1.41678		0.366028		0.0654914		0.0085202		
0.93	1.40943		0.36912		0.0668179		0.00879079		
0.94	1.40202		0.372184		0.0681543		0.0090667		
0.95	1.39454		0.375221		0.0695004		0.00934798		
0.96	1.38701		0.37823		0.0708562		0.00963465		
0.97	1.37941		0.381211		0.0722215		0.00992676		
0.98	1.37176		0.384164		0.0735961		0.0102243		
0.99	1.36405		0.387089		0.07498		0.0105274		
1	1.35628		0.389985		0.0763729		0.010836		
1.01	1.34845		0.392852		0.0777748		0.0111501		
1.02	1.34056		0.39569		0.0791855		0.0114699		
1.03	1.33262		0.398499		0.0806048		0.0117952		
1.04	1.32462		0.401278		0.0820326		0.0121262		
1.05	1.31657		0.404028		0.0834688		0.0124628		
1.06	1.30846		0.406748		0.0849132		0.0128052		
1.07	1.3003		0.409438		0.0863657		0.0131532		
1.08	1.29209		0.412098		0.0878261		0.013507		
1.09	1.28382		0.414727		0.0892943		0.0138666		
1.1	1.2755		0.417326		0.0907701		0.014232		
1.11	1.26712		0.419895		0.0922534		0.0146032		
1.12	1.2587		0.422432		0.093744		0.0149802		
1.13	1.25023		0.424938		0.0952418		0.0153631		
1.14	1.2417		0.427413		0.0967467		0.0157518		
1.15	1.23313		0.429857		0.0982584		0.0161465		
1.16	1.22451		0.432269		0.0997768		0.016547		
1.17	1.21584		0.434649		0.101302		0.0169535		
1.18	1.20712		0.436997		0.102833		0.017366		
1.19	1.19836		0.439313		0.104371		0.0177844		
1.2	1.18955		0.441597		0.105915		0.0182088		
1.21	1.1807		0.443849		0.107464		0.0186392		
1.22	1.1718		0.446068		0.10902		0.0190756		
1.23	1.16285		0.448254		0.110581		0.0195181		
1.24	1.15387		0.450408		0.112147		0.0199666		
1.25	1.14484		0.452528		0.113719		0.0204211		
1.26	1.13577		0.454615		0.115296		0.0208817		
1.27	1.12665		0.45667		0.116878		0.0213483		
1.28	1.1175		0.45869		0.118465		0.0218211		
1.29	1.10831		0.460678		0.120056		0.0222999		
1.3	1.09907		0.462631		0.121652		0.0227848		
1.31	1.0898		0.464551		0.123253		0.0232758		
1.32	1.08049		0.466437		0.124857		0.0237729		
1.33	1.07114		0.468288		0.126466		0.0242762		
1.34	1.06176		0.470106		0.128078		0.0247855		
1.35	1.05234		0.47189		0.129694		0.025301		
1.36	1.04289		0.473639		0.131313		0.0258226		
1.37	1.0334		0.475353		0.132936		0.0263503		
1.38	1.02387		0.477033		0.134562		0.0268842		
1.39	1.01431		0.478678		0.136191		0.0274242		
1.4	1.00472		0.480289		0.137823		0.0279703		
1.41	0.995103		0.481864		0.139458		0.0285225		
1.42	0.98545		0.483405		0.141095		0.0290808		
1.43	0.975767		0.48491		0.142734		0.0296453		
1.44	0.966054		0.48638		0.144376		0.0302159		
1.45	0.956312		0.487815		0.14602		0.0307926		
1.46	0.946542		0.489215		0.147665		0.0313754		
1.47	0.936744		0.490579		0.149312		0.0319643		
1.48	0.926919		0.491908		0.150961		0.0325592		
1.49	0.917068		0.493201		0.152611		0.0331603		
1.5	0.907191		0.494458		0.154262		0.0337674		
1.51	0.897289		0.49568		0.155914		0.0343806		
1.52	0.887364		0.496866		0.157567		0.0349999		
1.53	0.877415		0.498016		0.15922		0.0356252		
1.54	0.867444		0.49913		0.160874		0.0362565		
1.55	0.85745		0.500208		0.162529		0.0368938		
1.56	0.847435		0.50125		0.164183		0.0375371		
1.57	0.8374		0.502256		0.165837		0.0381865		
1.58	0.827345		0.503226		0.167492		0.0388417		
1.59	0.817272		0.50416		0.169146		0.039503		
1.6	0.807179		0.505057		0.170799		0.0401701		
1.61	0.79707		0.505918		0.172451		0.0408432		
1.62	0.786943		0.506743		0.174103		0.0415222		
1.63	0.7768		0.507532		0.175754		0.0422071		
1.64	0.766642		0.508284		0.177403		0.0428978		
1.65	0.756469		0.508999		0.179051		0.0435944		
1.66	0.746282		0.509679		0.180697		0.0442967		
1.67	0.736082		0.510322		0.182342		0.0450049		
1.68	0.725869		0.510928		0.183985		0.0457188		
1.69	0.715645		0.511498		0.185625		0.0464385		
1.7	0.70541		0.512031		0.187263		0.0471638		
1.71	0.695164		0.512528		0.188899		0.0478949		
1.72	0.684909		0.512988		0.190533		0.0486316		
1.73	0.674645		0.513412		0.192163		0.049374		
1.74	0.664373		0.513799		0.193791		0.050122		
1.75	0.654093		0.51415		0.195415		0.0508755		
1.76	0.643807		0.514464		0.197036		0.0516346		
1.77	0.633515		0.514742		0.198654		0.0523991		
1.78	0.623217		0.514983		0.200268		0.0531692		
1.79	0.612916		0.515188		0.201878		0.0539447		
1.8	0.60261		0.515356		0.203484		0.0547256		
1.81	0.592302		0.515488		0.205087		0.0555119		
1.82	0.581991		0.515583		0.206684		0.0563036		
1.83	0.571679		0.515642		0.208278		0.0571005		
1.84	0.561366		0.515664		0.209866		0.0579027		
1.85	0.551052		0.515651		0.21145		0.0587101		
1.86	0.54074		0.5156		0.213029		0.0595227		
1.87	0.530429		0.515514		0.214603		0.0603405		
1.88	0.520119		0.515391		0.216172		0.0611634		
1.89	0.509813		0.515232		0.217734		0.0619913		
1.9	0.49951		0.515037		0.219292		0.0628243		
1.91	0.489212		0.514806		0.220843		0.0636623		
1.92	0.478918		0.514539		0.222389		0.0645051		
1.93	0.468631		0.514235		0.223928		0.0653529		
1.94	0.458349		0.513896		0.225461		0.0662056		
1.95	0.448075		0.513521		0.226988		0.067063		
1.96	0.437809		0.51311		0.228508		0.0679252		
1.97	0.427551		0.512663		0.230021		0.0687921		
1.98	0.417302		0.512181		0.231527		0.0696637		
1.99	0.407064		0.511663		0.233026		0.0705399		
2	0.396836		0.511109		0.234518		0.0714206		
2.01	0.38662		0.51052		0.236003		0.0723059		
2.02	0.376416		0.509895		0.237479		0.0731956		
2.03	0.366224		0.509236		0.238948		0.0740897		
2.04	0.356046		0.508541		0.24041		0.0749882		
2.05	0.345883		0.50781		0.241863		0.075891		
2.06	0.335734		0.507045		0.243307		0.076798		
2.07	0.325601		0.506245		0.244744		0.0777093		
2.08	0.315485		0.50541		0.246172		0.0786246		
2.09	0.305385		0.50454		0.247591		0.0795441		
2.1	0.295303		0.503636		0.249001		0.0804676		
2.11	0.28524		0.502697		0.250402		0.081395		
2.12	0.275196		0.501723		0.251795		0.0823264		
2.13	0.265171		0.500716		0.253177		0.0832616		
2.14	0.255167		0.499674		0.254551		0.0842006		
2.15	0.245184		0.498597		0.255915		0.0851433		
2.16	0.235223		0.497487		0.257268		0.0860897		
2.17	0.225285		0.496343		0.258613		0.0870397		
2.18	0.21537		0.495166		0.259947		0.0879933		
2.19	0.205479		0.493954		0.26127		0.0889503		
2.2	0.195612		0.492709		0.262584		0.0899108		
2.21	0.185771		0.491431		0.263887		0.0908746		
2.22	0.175955		0.49012		0.265179		0.0918417		
2.23	0.166166		0.488775		0.26646		0.092812		
2.24	0.156404		0.487398		0.267731		0.0937855		
2.25	0.14667		0.485988		0.26899		0.094762		
2.26	0.136965		0.484545		0.270239		0.0957416		
2.27	0.127289		0.483069		0.271476		0.0967242		
2.28	0.117642		0.481562		0.272701		0.0977096		
2.29	0.108026		0.480022		0.273915		0.0986979		
2.3	0.0984417		0.47845		0.275117		0.0996889		
2.31	0.0888887		0.476846		0.276307		0.100683		
2.32	0.0793681		0.47521		0.277485		0.101679		
2.33	0.0698805		0.473543		0.278651		0.102678		
2.34	0.0604266		0.471844		0.279804		0.103679		
2.35	0.051007		0.470114		0.280945		0.104683		
2.36	0.0416222		0.468353		0.282074		0.105689		
2.37	0.032273		0.466561		0.28319		0.106697		
2.38	0.02296		0.464739		0.284293		0.107707		
2.39	0.0136837		0.462886		0.285383		0.10872		
2.4	0.00444475		0.461002		0.28646		0.109734		
2.41	-0.0047562		0.459089		0.287523		0.110751		
2.42	-0.0139186		0.457145		0.288574		0.111769		
2.43	-0.0230418		0.455171		0.289611		0.112789		
2.44	-0.0321252		0.453168		0.290634		0.113811		
2.45	-0.0411683		0.451136		0.291644		0.114834		
2.46	-0.0501705		0.449074		0.292639		0.115859		
2.47	-0.0591311		0.446983		0.293621		0.116886		
2.48	-0.0680496		0.444863		0.294589		0.117914		
2.49	-0.0769254		0.442715		0.295543		0.118943		
2.5	-0.085758		0.440538		0.296482		0.119973		
2.51	-0.0945468		0.438333		0.297407		0.121005		
2.52	-0.103291		0.4361		0.298318		0.122037		
2.53	-0.111991		0.433839		0.299213		0.123071		
2.54	-0.120645		0.431551		0.300094		0.124106		
2.55	-0.129252		0.429235		0.300961		0.125141		
2.56	-0.137814		0.426892		0.301812		0.126177		
2.57	-0.146328		0.424522		0.302648		0.127214		
2.58	-0.154794		0.422125		0.303469		0.128251		
2.59	-0.163213		0.419701		0.304275		0.129289		
2.6	-0.171582		0.417252		0.305066		0.130327		
2.61	-0.179903		0.414776		0.305841		0.131366		
2.62	-0.188173		0.412275		0.3066		0.132405		
2.63	-0.196393		0.409747		0.307344		0.133444		
2.64	-0.204563		0.407195		0.308072		0.134483		
2.65	-0.212681		0.404617		0.308784		0.135522		
2.66	-0.220747		0.402014		0.30948		0.136561		
2.67	-0.228761		0.399387		0.31016		0.137599		
2.68	-0.236723		0.396735		0.310824		0.138638		
2.69	-0.244631		0.394059		0.311472		0.139676		
2.7	-0.252485		0.391359		0.312104		0.140714		
2.71	-0.260285		0.388635		0.312719		0.141751		
2.72	-0.26803		0.385888		0.313317		0.142787		
2.73	-0.27572		0.383118		0.313899		0.143823		
2.74	-0.283355		0.380324		0.314465		0.144858		
2.75	-0.290933		0.377508		0.315013		0.145892		
2.76	-0.298455		0.37467		0.315545		0.146925		
2.77	-0.30592		0.371809		0.31606		0.147957		
2.78	-0.313327		0.368926		0.316558		0.148988		
2.79	-0.320677		0.366021		0.317039		0.150017		
2.8	-0.327968		0.363095		0.317503		0.151046		
2.81	-0.3352		0.360148		0.31795		0.152072		
2.82	-0.342374		0.35718		0.31838		0.153098		
2.83	-0.349487		0.354191		0.318792		0.154121		
2.84	-0.356541		0.351182		0.319186		0.155143		
2.85	-0.363535		0.348153		0.319564		0.156163		
2.86	-0.370467		0.345104		0.319924		0.157182		
2.87	-0.377339		0.342035		0.320266		0.158198		
2.88	-0.384148		0.338947		0.320591		0.159212		
2.89	-0.390896		0.33584		0.320897		0.160224		
2.9	-0.397582		0.332714		0.321187		0.161234		
2.91	-0.404205		0.32957		0.321458		0.162241		
2.92	-0.410765		0.326407		0.321711		0.163246		
2.93	-0.417261		0.323226		0.321947		0.164249		
2.94	-0.423693		0.320028		0.322165		0.165249		
2.95	-0.430062		0.316812		0.322364		0.166246		
2.96	-0.436366		0.31358		0.322546		0.16724		
2.97	-0.442605		0.31033		0.322709		0.168231		
2.98	-0.448779		0.307064		0.322854		0.16922		
2.99	-0.454887		0.303782		0.322982		0.170205		
3	-0.46093		0.300483		0.32309		0.171187		
3.01	-0.466907		0.297169		0.323181		0.172166		
3.02	-0.472817		0.29384		0.323253		0.173142		
3.03	-0.47866		0.290495		0.323307		0.174114		
3.04	-0.484436		0.287136		0.323342		0.175082		
3.05	-0.490145		0.283762		0.32336		0.176047		
3.06	-0.495787		0.280374		0.323358		0.177008		
3.07	-0.50136		0.276971		0.323338		0.177966		
3.08	-0.506866		0.273556		0.3233		0.178919		
3.09	-0.512302		0.270127		0.323243		0.179869		
3.1	-0.517671		0.266684		0.323167		0.180814		
3.11	-0.52297		0.263229		0.323073		0.181755		
3.12	-0.5282		0.259762		0.32296		0.182692		
3.13	-0.53336		0.256282		0.322829		0.183624		
3.14	-0.538451		0.252791		0.322679		0.184552		
3.15	-0.543472		0.249288		0.32251		0.185476		
3.16	-0.548422		0.245774		0.322323		0.186395		
3.17	-0.553303		0.242248		0.322117		0.187309		
3.18	-0.558112		0.238712		0.321892		0.188218		
3.19	-0.562851		0.235166		0.321649		0.189122		
3.2	-0.567519		0.231609		0.321386		0.190022		
3.21	-0.572115		0.228043		0.321105		0.190916		
3.22	-0.57664		0.224468		0.320806		0.191805		
3.23	-0.581094		0.220883		0.320487		0.192689		
3.24	-0.585476		0.217289		0.32015		0.193567		
3.25	-0.589785		0.213687		0.319794		0.19444		
3.26	-0.594023		0.210076		0.31942		0.195307		
3.27	-0.598188		0.206458		0.319026		0.196169		
3.28	-0.602281		0.202832		0.318614		0.197025		
3.29	-0.606302		0.199198		0.318183		0.197875		
3.3	-0.610249		0.195558		0.317733		0.198719		
3.31	-0.614124		0.191911		0.317265		0.199557		
3.32	-0.617926		0.188257		0.316778		0.20039		
3.33	-0.621654		0.184598		0.316272		0.201215		
3.34	-0.625309		0.180932		0.315748		0.202035		
3.35	-0.628891		0.177261		0.315205		0.202849		
3.36	-0.6324		0.173585		0.314643		0.203655		
3.37	-0.635835		0.169904		0.314063		0.204456		
3.38	-0.639196		0.166218		0.313464		0.20525		
3.39	-0.642483		0.162529		0.312847		0.206037		
3.4	-0.645697		0.158835		0.312211		0.206817		
3.41	-0.648837		0.155137		0.311556		0.207591		
3.42	-0.651903		0.151437		0.310883		0.208357		
3.43	-0.654894		0.147733		0.310192		0.209117		
3.44	-0.657812		0.144026		0.309482		0.209869		
3.45	-0.660655		0.140317		0.308753		0.210614		
3.46	-0.663425		0.136606		0.308007		0.211352		
3.47	-0.66612		0.132894		0.307242		0.212082		
3.48	-0.66874		0.129179		0.306458		0.212805		
3.49	-0.671287		0.125464		0.305657		0.213521		
3.5	-0.673759		0.121748		0.304837		0.214229		
3.51	-0.676157		0.118031		0.303999		0.214929		
3.52	-0.67848		0.114314		0.303143		0.215621		
3.53	-0.680729		0.110597		0.302269		0.216306		
3.54	-0.682904		0.10688		0.301377		0.216983		
3.55	-0.685004		0.103164		0.300467		0.217651		
3.56	-0.687031		0.0994487		0.299539		0.218312		
3.57	-0.688982		0.0957349		0.298593		0.218964		
3.58	-0.69086		0.0920227		0.297629		0.219608		
3.59	-0.692663		0.0883123		0.296648		0.220244		
3.6	-0.694392		0.0846041		0.295649		0.220871		
3.61	-0.696047		0.0808985		0.294632		0.22149		
3.62	-0.697628		0.0771956		0.293598		0.222101		
3.63	-0.699135		0.0734958		0.292546		0.222702		
3.64	-0.700568		0.0697994		0.291477		0.223295		
3.65	-0.701927		0.0661067		0.29039		0.22388		
3.66	-0.703213		0.062418		0.289286		0.224455		
3.67	-0.704424		0.0587336		0.288165		0.225021		
3.68	-0.705562		0.0550538		0.287026		0.225579		
3.69	-0.706626		0.0513789		0.285871		0.226127		
3.7	-0.707617		0.0477091		0.284698		0.226666		
3.71	-0.708535		0.0440449		0.283508		0.227196		
3.72	-0.709379		0.0403864		0.282302		0.227717		
3.73	-0.71015		0.0367341		0.281079		0.228229		
3.74	-0.710848		0.0330881		0.279839		0.228731		
3.75	-0.711474		0.0294487		0.278582		0.229223		
3.76	-0.712026		0.0258164		0.277309		0.229706		
3.77	-0.712506		0.0221913		0.276019		0.230179		
3.78	-0.712914		0.0185737		0.274713		0.230643		
3.79	-0.713249		0.0149639		0.273391		0.231097		
3.8	-0.713513		0.0113623		0.272052		0.231541		
3.81	-0.713704		0.00776911		0.270698		0.231975		
3.82	-0.713823		0.00418459		0.269327		0.232399		
3.83	-0.713871		0.000609058		0.26794		0.232814		
3.84	-0.713848		-0.00295721		0.266538		0.233218		
3.85	-0.713753		-0.00651392		0.26512		0.233612		
3.86	-0.713587		-0.0100608		0.263686		0.233996		
3.87	-0.713351		-0.0135976		0.262236		0.234369		
3.88	-0.713044		-0.017124		0.260771		0.234733		
3.89	-0.712666		-0.0206397		0.259291		0.235086		
3.9	-0.712218		-0.0241444		0.257795		0.235428		
3.91	-0.7117		-0.0276379		0.256285		0.23576		
3.92	-0.711113		-0.0311199		0.254759		0.236082		
3.93	-0.710456		-0.0345902		0.253218		0.236393		
3.94	-0.709729		-0.0380484		0.251663		0.236693		
3.95	-0.708934		-0.0414942		0.250093		0.236983		
3.96	-0.708069		-0.0449275		0.248508		0.237262		
3.97	-0.707137		-0.0483479		0.246909		0.23753		
3.98	-0.706136		-0.0517552		0.245295		0.237787		
3.99	-0.705067		-0.0551491		0.243667		0.238033		
4	-0.70393		-0.0585294		0.242025		0.238268		
4.01	-0.702725		-0.0618957		0.240369		0.238493		
4.02	-0.701454		-0.0652478		0.238699		0.238706		
4.03	-0.700116		-0.0685855		0.237015		0.238908		
4.04	-0.698711		-0.0719085		0.235318		0.239099		
4.05	-0.697239		-0.0752166		0.233607		0.239279		
4.06	-0.695702		-0.0785094		0.231882		0.239448		
4.07	-0.694099		-0.0817868		0.230145		0.239605		
4.08	-0.692431		-0.0850484		0.228394		0.239751		
4.09	-0.690697		-0.0882941		0.22663		0.239886		
4.1	-0.688899		-0.0915235		0.224853		0.240009		
4.11	-0.687036		-0.0947365		0.223063		0.240121		
4.12	-0.68511		-0.0979328		0.221261		0.240222		
4.13	-0.683119		-0.101112		0.219446		0.240311		
4.14	-0.681065		-0.104274		0.217619		0.240388		
4.15	-0.678948		-0.107419		0.21578		0.240454		
4.16	-0.676769		-0.110546		0.213928		0.240508		
4.17	-0.674527		-0.113655		0.212064		0.24055		
4.18	-0.672223		-0.116746		0.210189		0.240581		
4.19	-0.669857		-0.119819		0.208302		0.2406		
4.2	-0.66743		-0.122873		0.206403		0.240607		
4.21	-0.664942		-0.125908		0.204493		0.240603		
4.22	-0.662394		-0.128924		0.202572		0.240587		
4.23	-0.659785		-0.131921		0.200639		0.240558		
4.24	-0.657117		-0.134898		0.198696		0.240518		
4.25	-0.65439		-0.137855		0.196741		0.240466		
4.26	-0.651603		-0.140793		0.194776		0.240403		
4.27	-0.648758		-0.14371		0.1928		0.240327		
4.28	-0.645855		-0.146607		0.190814		0.240239		
4.29	-0.642894		-0.149484		0.188818		0.240139		
4.3	-0.639876		-0.152339		0.186812		0.240027		
4.31	-0.6368		-0.155174		0.184795		0.239903		
4.32	-0.633669		-0.157987		0.182769		0.239768		
4.33	-0.630481		-0.160779		0.180733		0.23962		
4.34	-0.627238		-0.163549		0.178688		0.239459		
4.35	-0.623939		-0.166298		0.176633		0.239287		
4.36	-0.620586		-0.169024		0.174569		0.239103		
4.37	-0.617178		-0.171728		0.172496		0.238906		
4.38	-0.613717		-0.17441		0.170414		0.238698		
4.39	-0.610202		-0.177069		0.168324		0.238477		
4.4	-0.606634		-0.179705		0.166225		0.238244		
4.41	-0.603014		-0.182318		0.164117		0.237998		
4.42	-0.599342		-0.184908		0.162001		0.237741		
4.43	-0.595618		-0.187475		0.159878		0.237471		
4.44	-0.591843		-0.190018		0.157746		0.237189		
4.45	-0.588017		-0.192537		0.155606		0.236895		
4.46	-0.584142		-0.195033		0.153459		0.236588		
4.47	-0.580216		-0.197504		0.151304		0.23627		
4.48	-0.576242		-0.199951		0.149143		0.235939		
4.49	-0.572218		-0.202374		0.146974		0.235596		
4.5	-0.568147		-0.204772		0.144798		0.23524		
4.51	-0.564028		-0.207145		0.142615		0.234872		
4.52	-0.559861		-0.209494		0.140426		0.234492		
4.53	-0.555648		-0.211817		0.13823		0.2341		
4.54	-0.551389		-0.214115		0.136028		0.233695		
4.55	-0.547084		-0.216387		0.13382		0.233279		
4.56	-0.542733		-0.218634		0.131606		0.23285		
4.57	-0.538338		-0.220856		0.129386		0.232408		
4.58	-0.533899		-0.223051		0.127161		0.231955		
4.59	-0.529417		-0.225221		0.12493		0.231489		
4.6	-0.524891		-0.227364		0.122694		0.231011		
4.61	-0.520322		-0.229481		0.120452		0.230521		
4.62	-0.515712		-0.231572		0.118206		0.230018		
4.63	-0.511059		-0.233636		0.115955		0.229503		
4.64	-0.506366		-0.235673		0.1137		0.228977		
4.65	-0.501633		-0.237683		0.11144		0.228438		
4.66	-0.496859		-0.239667		0.109176		0.227886		
4.67	-0.492046		-0.241623		0.106908		0.227323		
4.68	-0.487194		-0.243553		0.104636		0.226748		
4.69	-0.482304		-0.245454		0.102361		0.22616		
4.7	-0.477376		-0.247329		0.100081		0.22556		
4.71	-0.472411		-0.249176		0.0977989		0.224948		
4.72	-0.46741		-0.250995		0.0955133		0.224325		
4.73	-0.462372		-0.252786		0.0932246		0.223689		
4.74	-0.457298		-0.25455		0.0909332		0.223041		
4.75	-0.45219		-0.256285		0.0886391		0.222381		
4.76	-0.447047		-0.257992		0.0863425		0.221709		
4.77	-0.44187		-0.259672		0.0840437		0.221025		
4.78	-0.43666		-0.261322		0.0817427		0.22033		
4.79	-0.431418		-0.262945		0.0794399		0.219622		
4.8	-0.426143		-0.264539		0.0771352		0.218903		
4.81	-0.420836		-0.266104		0.074829		0.218172		
4.82	-0.415499		-0.26764		0.0725215		0.217428		
4.83	-0.410131		-0.269148		0.0702127		0.216674		
4.84	-0.404733		-0.270627		0.0679028		0.215907		
4.85	-0.399306		-0.272077		0.0655921		0.215129		
4.86	-0.39385		-0.273498		0.0632808		0.214339		
4.87	-0.388366		-0.27489		0.0609689		0.213537		
4.88	-0.382855		-0.276253		0.0586567		0.212724		
4.89	-0.377316		-0.277587		0.0563444		0.2119		
4.9	-0.371752		-0.278891		0.0540321		0.211063		
4.91	-0.366161		-0.280166		0.05172		0.210216		
4.92	-0.360545		-0.281411		0.0494083		0.209356		
4.93	-0.354905		-0.282627		0.0470972		0.208486		
4.94	-0.34924		-0.283814		0.0447868		0.207604		
4.95	-0.343552		-0.284971		0.0424774		0.206711		
4.96	-0.337842		-0.286098		0.0401691		0.205806		
4.97	-0.332109		-0.287195		0.037862		0.204891		
4.98	-0.326354		-0.288263		0.0355565		0.203964		
4.99	-0.320578		-0.289301		0.0332525		0.203026		
5	-0.314782		-0.290309		0.0309504		0.202077		
5.01	-0.308966		-0.291288		0.0286504		0.201117		
5.02	-0.303131		-0.292236		0.0263524		0.200146		
5.03	-0.297277		-0.293155		0.0240569		0.199164		
5.04	-0.291405		-0.294043		0.0217639		0.198171		
5.05	-0.285515		-0.294902		0.0194736		0.197168		
5.06	-0.279609		-0.295731		0.0171862		0.196153		
5.07	-0.273686		-0.296529		0.0149018		0.195128		
5.08	-0.267748		-0.297298		0.0126207		0.194092		
5.09	-0.261795		-0.298036		0.010343		0.193046		
5.1	-0.255827		-0.298745		0.00806894		0.191989		
5.11	-0.249845		-0.299423		0.00579863		0.190922		
5.12	-0.24385		-0.300071		0.00353226		0.189844		
5.13	-0.237842		-0.300689		0.00127002		0.188756		
5.14	-0.231823		-0.301277		-0.000987919		0.187658		
5.15	-0.225791		-0.301835		-0.00324139		0.186549		
5.16	-0.219749		-0.302363		-0.00549021		0.18543		
5.17	-0.213697		-0.302861		-0.00773422		0.184301		
5.18	-0.207635		-0.303328		-0.00997323		0.183162		
5.19	-0.201564		-0.303766		-0.0122071		0.182014		
5.2	-0.195485		-0.304173		-0.0144356		0.180855		
5.21	-0.189397		-0.304551		-0.0166586		0.179686		
5.22	-0.183303		-0.304898		-0.0188759		0.178508		
5.23	-0.177202		-0.305216		-0.0210874		0.17732		
5.24	-0.171094		-0.305503		-0.0232928		0.176122		
5.25	-0.164982		-0.305761		-0.025492		0.174915		
5.26	-0.158864		-0.305988		-0.0276849		0.173698		
5.27	-0.152742		-0.306186		-0.0298713		0.172472		
5.28	-0.146617		-0.306354		-0.0320509		0.171237		
5.29	-0.140488		-0.306492		-0.0342237		0.169992		
5.3	-0.134358		-0.3066		-0.0363895		0.168738		
5.31	-0.128225		-0.306678		-0.038548		0.167476		
5.32	-0.122091		-0.306727		-0.0406992		0.166204		
5.33	-0.115956		-0.306746		-0.0428429		0.164923		
5.34	-0.109821		-0.306736		-0.0449788		0.163633		
5.35	-0.103687		-0.306695		-0.0471069		0.162335		
5.36	-0.0975533		-0.306626		-0.049227		0.161027		
5.37	-0.0914217		-0.306527		-0.0513389		0.159712		
5.38	-0.0852924		-0.306398		-0.0534424		0.158387		
5.39	-0.079166		-0.306241		-0.0555375		0.157055		
5.4	-0.073043		-0.306054		-0.0576238		0.155713		
5.41	-0.066924		-0.305838		-0.0597014		0.154364		
5.42	-0.0608097		-0.305592		-0.0617699		0.153006		
5.43	-0.0547005		-0.305318		-0.0638293		0.151641		
5.44	-0.0485972		-0.305015		-0.0658795		0.150267		
5.45	-0.0425001		-0.304683		-0.0679201		0.148885		
5.46	-0.03641		-0.304322		-0.0699511		0.147496		
5.47	-0.0303274		-0.303932		-0.0719724		0.146099		
5.48	-0.0242529		-0.303514		-0.0739838		0.144694		
5.49	-0.0181871		-0.303067		-0.0759851		0.143281		
5.5	-0.0121304		-0.302592		-0.0779761		0.141862		
5.51	-0.0060836		-0.302088		-0.0799568		0.140434		
5.52	-4.71089e-005		-0.301556		-0.0819269		0.139		
5.53	0.00597846		-0.300996		-0.0838864		0.137558		
5.54	0.0119925		-0.300408		-0.085835		0.136109		
5.55	0.0179946		-0.299792		-0.0877727		0.134653		
5.56	0.023984		-0.299148		-0.0896993		0.133191		
5.57	0.0299603		-0.298476		-0.0916146		0.131721		
5.58	0.0359229		-0.297776		-0.0935184		0.130245		
5.59	0.0418712		-0.297049		-0.0954108		0.128762		
5.6	0.0478046		-0.296295		-0.0972914		0.127273		
5.61	0.0537228		-0.295513		-0.0991602		0.125777		
5.62	0.059625		-0.294704		-0.101017		0.124275		
5.63	0.0655108		-0.293868		-0.102862		0.122767		
5.64	0.0713795		-0.293005		-0.104694		0.121252		
5.65	0.0772308		-0.292115		-0.106514		0.119732		
5.66	0.083064		-0.291199		-0.108322		0.118205		
5.67	0.0888785		-0.290256		-0.110117		0.116673		
5.68	0.094674		-0.289286		-0.111899		0.115136		
5.69	0.10045		-0.28829		-0.113668		0.113592		
5.7	0.106205		-0.287268		-0.115424		0.112043		
5.71	0.11194		-0.28622		-0.117167		0.110489		
5.72	0.117654		-0.285147		-0.118896		0.10893		
5.73	0.123346		-0.284047		-0.120613		0.107365		
5.74	0.129016		-0.282922		-0.122315		0.105795		
5.75	0.134663		-0.281771		-0.124004		0.10422		
5.76	0.140286		-0.280595		-0.125679		0.102641		
5.77	0.145886		-0.279394		-0.12734		0.101057		
5.78	0.151462		-0.278168		-0.128987		0.0994678		
5.79	0.157013		-0.276917		-0.13062		0.0978744		
5.8	0.162539		-0.275641		-0.132238		0.0962766		
5.81	0.168038		-0.274341		-0.133843		0.0946745		
5.82	0.173512		-0.273016		-0.135432		0.0930682		
5.83	0.178959		-0.271668		-0.137007		0.0914579		
5.84	0.184379		-0.270295		-0.138567		0.0898436		
5.85	0.189771		-0.268898		-0.140112		0.0882254		
5.86	0.195134		-0.267478		-0.141642		0.0866035		
5.87	0.20047		-0.266034		-0.143158		0.084978		
5.88	0.205776		-0.264567		-0.144657		0.083349		
5.89	0.211052		-0.263077		-0.146142		0.0817166		
5.9	0.216298		-0.261563		-0.147611		0.0800809		
5.91	0.221514		-0.260027		-0.149065		0.0784421		
5.92	0.226699		-0.258468		-0.150503		0.0768002		
5.93	0.231853		-0.256887		-0.151925		0.0751554		
5.94	0.236975		-0.255283		-0.153331		0.0735077		
5.95	0.242064		-0.253658		-0.154721		0.0718574		
5.96	0.247121		-0.25201		-0.156096		0.0702045		
5.97	0.252144		-0.250341		-0.157454		0.0685491		
5.98	0.257134		-0.24865		-0.158796		0.0668913		
5.99	0.26209		-0.246938		-0.160121		0.0652314		
6	0.267012		-0.245205		-0.161431		0.0635693		
6.01	0.271898		-0.243451		-0.162723		0.0619052		
6.02	0.27675		-0.241676		-0.163999		0.0602392		
6.03	0.281565		-0.23988		-0.165259		0.0585715		
6.04	0.286345		-0.238064		-0.166501		0.0569022		
6.05	0.291088		-0.236229		-0.167727		0.0552313		
6.06	0.295794		-0.234373		-0.168936		0.053559		
6.07	0.300462		-0.232497		-0.170127		0.0518854		
6.08	0.305093		-0.230602		-0.171302		0.0502107		
6.09	0.309686		-0.228688		-0.172459		0.0485349		
6.1	0.314241		-0.226754		-0.1736		0.0468583		
6.11	0.318756		-0.224802		-0.174722		0.0451808		
6.12	0.323233		-0.222831		-0.175828		0.0435026		
6.13	0.32767		-0.220841		-0.176916		0.0418238		
6.14	0.332066		-0.218834		-0.177986		0.0401447		
6.15	0.336423		-0.216808		-0.179039		0.0384652		
6.16	0.340739		-0.214765		-0.180074		0.0367855		
6.17	0.345013		-0.212703		-0.181091		0.0351057		
6.18	0.349247		-0.210625		-0.18209		0.0334259		
6.19	0.353438		-0.208529		-0.183071		0.0317464		
6.2	0.357588		-0.206417		-0.184035		0.0300671		
6.21	0.361695		-0.204288		-0.18498		0.0283882		
6.22	0.365759		-0.202142		-0.185908		0.0267098		
6.23	0.36978		-0.19998		-0.186817		0.0250321		
6.24	0.373758		-0.197802		-0.187708		0.0233552		
6.25	0.377692		-0.195609		-0.188581		0.0216791		
6.26	0.381582		-0.1934		-0.189435		0.0200041		
6.27	0.385428		-0.191175		-0.190271		0.0183302		
6.28	0.389229		-0.188936		-0.191089		0.0166575		
6.29	0.392985		-0.186681		-0.191888		0.0149862		
6.3	0.396696		-0.184412		-0.192669		0.0133165		
6.31	0.400362		-0.182129		-0.193431		0.0116483		
6.32	0.403982		-0.179831		-0.194175		0.0099819		
6.33	0.407555		-0.17752		-0.1949		0.00831734		
6.34	0.411082		-0.175195		-0.195606		0.00665477		
6.35	0.414563		-0.172857		-0.196293		0.00499431		
6.36	0.417996		-0.170505		-0.196962		0.00333607		
6.37	0.421383		-0.168141		-0.197612		0.00168017		
6.38	0.424722		-0.165763		-0.198243		2.67474e-005		
6.39	0.428013		-0.163374		-0.198856		-0.00162409		
6.4	0.431257		-0.160972		-0.199449		-0.00327222		
6.41	0.434452		-0.158558		-0.200024		-0.00491753		
6.42	0.437599		-0.156133		-0.200579		-0.00655988		
6.43	0.440697		-0.153696		-0.201116		-0.00819917		
6.44	0.443747		-0.151248		-0.201634		-0.00983527		
6.45	0.446747		-0.148789		-0.202132		-0.0114681		
6.46	0.449698		-0.146319		-0.202612		-0.0130974		
6.47	0.4526		-0.143839		-0.203073		-0.0147232		
6.48	0.455452		-0.141349		-0.203514		-0.0163454		
6.49	0.458254		-0.138848		-0.203936		-0.0179637		
6.5	0.461006		-0.136338		-0.20434		-0.0195782		
6.51	0.463707		-0.133819		-0.204724		-0.0211887		
6.52	0.466358		-0.13129		-0.205089		-0.022795		
6.53	0.468959		-0.128753		-0.205435		-0.024397		
6.54	0.471508		-0.126206		-0.205762		-0.0259947		
6.55	0.474007		-0.123652		-0.20607		-0.0275878		
6.56	0.476454		-0.121089		-0.206358		-0.0291764		
6.57	0.478851		-0.118518		-0.206628		-0.0307603		
6.58	0.481195		-0.11594		-0.206878		-0.0323393		
6.59	0.483488		-0.113354		-0.207109		-0.0339133		
6.6	0.485729		-0.110761		-0.207321		-0.0354823		
6.61	0.487918		-0.108161		-0.207514		-0.037046		
6.62	0.490056		-0.105554		-0.207688		-0.0386045		
6.63	0.492141		-0.102942		-0.207843		-0.0401576		
6.64	0.494173		-0.100323		-0.207978		-0.0417051		
6.65	0.496153		-0.0976977		-0.208095		-0.043247		
6.66	0.498081		-0.0950673		-0.208192		-0.0447831		
6.67	0.499956		-0.0924315		-0.20827		-0.0463134		
6.68	0.501778		-0.0897907		-0.208329		-0.0478376		
6.69	0.503548		-0.087145		-0.20837		-0.0493558		
6.7	0.505264		-0.0844948		-0.208391		-0.0508678		
6.71	0.506927		-0.0818402		-0.208393		-0.0523734		
6.72	0.508538		-0.0791816		-0.208376		-0.0538726		
6.73	0.510095		-0.0765193		-0.20834		-0.0553653		
6.74	0.511598		-0.0738534		-0.208286		-0.0568513		
6.75	0.513049		-0.0711842		-0.208212		-0.0583306		
6.76	0.514446		-0.0685121		-0.20812		-0.059803		
6.77	0.515789		-0.0658371		-0.208008		-0.0612684		
6.78	0.517079		-0.0631598		-0.207878		-0.0627268		
6.79	0.518316		-0.0604801		-0.207729		-0.0641779		
6.8	0.519498		-0.0577985		-0.207562		-0.0656218		
6.81	0.520628		-0.0551152		-0.207375		-0.0670582		
6.82	0.521703		-0.0524305		-0.20717		-0.0684872		
6.83	0.522725		-0.0497445		-0.206947		-0.0699085		
6.84	0.523693		-0.0470577		-0.206704		-0.0713221		
6.85	0.524607		-0.0443701		-0.206444		-0.0727279		
6.86	0.525468		-0.0416821		-0.206165		-0.0741258		
6.87	0.526274		-0.038994		-0.205867		-0.0755156		
6.88	0.527027		-0.0363059		-0.205551		-0.0768974		
6.89	0.527727		-0.0336183		-0.205216		-0.0782708		
6.9	0.528372		-0.0309312		-0.204864		-0.079636		
6.91	0.528964		-0.028245		-0.204493		-0.0809927		
6.92	0.529502		-0.0255599		-0.204104		-0.0823409		
6.93	0.529986		-0.0228762		-0.203696		-0.0836805		
6.94	0.530417		-0.0201941		-0.203271		-0.0850113		
6.95	0.530794		-0.0175139		-0.202828		-0.0863333		
6.96	0.531118		-0.0148358		-0.202366		-0.0876464		
6.97	0.531387		-0.0121602		-0.201887		-0.0889505		
6.98	0.531604		-0.00948714		-0.20139		-0.0902455		
6.99	0.531767		-0.00681701		-0.200876		-0.0915312		
7	0.531877		-0.00415004		-0.200343		-0.0928077		
7.01	0.531933		-0.00148647		-0.199793		-0.0940747		
7.02	0.531936		0.00117344		-0.199225		-0.0953323		
7.03	0.531886		0.00382946		-0.19864		-0.0965803		
7.04	0.531783		0.00648133		-0.198038		-0.0978187		
7.05	0.531627		0.00912879		-0.197418		-0.0990472		
7.06	0.531418		0.0117716		-0.196781		-0.100266		
7.07	0.531156		0.0144095		-0.196126		-0.101475		
7.08	0.530842		0.0170423		-0.195455		-0.102674		
7.09	0.530474		0.0196697		-0.194766		-0.103862		
7.1	0.530055		0.0222915		-0.194061		-0.105041		
7.11	0.529583		0.0249074		-0.193339		-0.106209		
7.12	0.529059		0.0275172		-0.1926		-0.107367		
7.13	0.528482		0.0301206		-0.191844		-0.108514		
7.14	0.527854		0.0327174		-0.191072		-0.109651		
7.15	0.527173		0.0353074		-0.190283		-0.110777		
7.16	0.526441		0.0378903		-0.189478		-0.111893		
7.17	0.525658		0.0404659		-0.188656		-0.112997		
7.18	0.524823		0.043034		-0.187818		-0.114091		
7.19	0.523937		0.0455942		-0.186964		-0.115174		
7.2	0.522999		0.0481464		-0.186094		-0.116246		
7.21	0.522011		0.0506904		-0.185208		-0.117307		
7.22	0.520972		0.0532258		-0.184306		-0.118357		
7.23	0.519882		0.0557526		-0.183389		-0.119395		
7.24	0.518742		0.0582704		-0.182456		-0.120422		
7.25	0.517551		0.0607789		-0.181507		-0.121438		
7.26	0.51631		0.0632781		-0.180542		-0.122443		
7.27	0.51502		0.0657677		-0.179563		-0.123435		
7.28	0.51368		0.0682473		-0.178568		-0.124416		
7.29	0.51229		0.0707169		-0.177558		-0.125386		
7.3	0.510851		0.0731761		-0.176533		-0.126344		
7.31	0.509363		0.0756248		-0.175493		-0.12729		
7.32	0.507826		0.0780628		-0.174438		-0.128224		
7.33	0.506241		0.0804897		-0.173369		-0.129146		
7.34	0.504607		0.0829055		-0.172285		-0.130056		
7.35	0.502925		0.0853098		-0.171187		-0.130954		
7.36	0.501194		0.0877025		-0.170074		-0.13184		
7.37	0.499417		0.0900834		-0.168947		-0.132714		
7.38	0.497591		0.0924522		-0.167806		-0.133576		
7.39	0.495719		0.0948087		-0.16665		-0.134425		
7.4	0.493799		0.0971527		-0.165481		-0.135262		
7.41	0.491833		0.099484		-0.164299		-0.136086		
7.42	0.48982		0.101802		-0.163102		-0.136898		
7.43	0.487761		0.104108		-0.161892		-0.137697		
7.44	0.485655		0.1064		-0.160669		-0.138484		
7.45	0.483505		0.108678		-0.159433		-0.139258		
7.46	0.481308		0.110943		-0.158183		-0.14002		
7.47	0.479067		0.113194		-0.15692		-0.140769		
7.48	0.476781		0.115431		-0.155645		-0.141505		
7.49	0.47445		0.117653		-0.154357		-0.142228		
7.5	0.472075		0.119861		-0.153056		-0.142938		
7.51	0.469656		0.122054		-0.151743		-0.143635		
7.52	0.467193		0.124232		-0.150417		-0.144319		
7.53	0.464686		0.126395		-0.149079		-0.144991		
7.54	0.462137		0.128543		-0.147729		-0.145649		
7.55	0.459545		0.130676		-0.146367		-0.146294		
7.56	0.45691		0.132793		-0.144994		-0.146925		
7.57	0.454233		0.134894		-0.143608		-0.147544		
7.58	0.451514		0.136978		-0.142211		-0.14815		
7.59	0.448754		0.139047		-0.140803		-0.148742		
7.6	0.445953		0.1411		-0.139384		-0.14932		
7.61	0.44311		0.143135		-0.137953		-0.149886		
7.62	0.440227		0.145154		-0.136512		-0.150438		
7.63	0.437304		0.147157		-0.135059		-0.150976		
7.64	0.434341		0.149142		-0.133596		-0.151502		
7.65	0.431339		0.151109		-0.132123		-0.152013		
7.66	0.428297		0.15306		-0.130639		-0.152511		
7.67	0.425216		0.154993		-0.129145		-0.152996		
7.68	0.422097		0.156908		-0.12764		-0.153467		
7.69	0.41894		0.158805		-0.126126		-0.153924		
7.7	0.415745		0.160684		-0.124602		-0.154368		
7.71	0.412513		0.162545		-0.123069		-0.154798		
7.72	0.409244		0.164388		-0.121526		-0.155215		
7.73	0.405938		0.166212		-0.119973		-0.155617		
7.74	0.402595		0.168017		-0.118412		-0.156006		
7.75	0.399217		0.169803		-0.116841		-0.156381		
7.76	0.395803		0.171571		-0.115262		-0.156743		
7.77	0.392354		0.173319		-0.113674		-0.15709		
7.78	0.388871		0.175048		-0.112077		-0.157424		
7.79	0.385352		0.176758		-0.110472		-0.157744		
7.8	0.3818		0.178448		-0.108858		-0.158051		
7.81	0.378215		0.180118		-0.107237		-0.158343		
7.82	0.374596		0.181769		-0.105607		-0.158621		
7.83	0.370944		0.183399		-0.10397		-0.158886		
7.84	0.36726		0.18501		-0.102325		-0.159137		
7.85	0.363544		0.1866		-0.100673		-0.159373		
7.86	0.359796		0.18817		-0.0990133		-0.159596		
7.87	0.356017		0.189719		-0.0973465		-0.159805		
7.88	0.352207		0.191248		-0.0956728		-0.160001		
7.89	0.348367		0.192756		-0.0939922		-0.160182		
7.9	0.344497		0.194243		-0.092305		-0.160349		
7.91	0.340598		0.195709		-0.0906113		-0.160502		
7.92	0.336669		0.197154		-0.0889112		-0.160642		
7.93	0.332712		0.198578		-0.087205		-0.160767		
7.94	0.328726		0.19998		-0.0854927		-0.160879		
7.95	0.324713		0.201361		-0.0837746		-0.160976		
7.96	0.320672		0.202721		-0.0820509		-0.16106		
7.97	0.316604		0.204058		-0.0803216		-0.16113		
7.98	0.31251		0.205375		-0.0785869		-0.161186		
7.99	0.308389		0.206669		-0.0768471		-0.161228		
8	0.304243		0.207941		-0.0751022		-0.161256		
8.01	0.300072		0.209191		-0.0733525		-0.16127		
8.02	0.295876		0.210419		-0.0715981		-0.16127		
8.03	0.291655		0.211625		-0.0698392		-0.161257		
8.04	0.287411		0.212809		-0.0680759		-0.161229		
8.05	0.283143		0.21397		-0.0663084		-0.161188		
8.06	0.278852		0.215109		-0.0645369		-0.161133		
8.07	0.274539		0.216225		-0.0627616		-0.161064		
8.08	0.270203		0.217318		-0.0609825		-0.160982		
8.09	0.265846		0.218389		-0.0592		-0.160885		
8.1	0.261468		0.219437		-0.057414		-0.160775		
8.11	0.257069		0.220462		-0.0556249		-0.160651		
8.12	0.25265		0.221464		-0.0538328		-0.160514		
8.13	0.24821		0.222443		-0.0520378		-0.160362		
8.14	0.243752		0.223399		-0.0502402		-0.160197		
8.15	0.239275		0.224331		-0.04844		-0.160019		
8.16	0.234779		0.225241		-0.0466375		-0.159827		
8.17	0.230265		0.226127		-0.0448329		-0.159621		
8.18	0.225734		0.22699		-0.0430262		-0.159402		
8.19	0.221186		0.227829		-0.0412177		-0.159169		
8.2	0.216621		0.228645		-0.0394075		-0.158923		
8.21	0.21204		0.229438		-0.0375958		-0.158663		
8.22	0.207444		0.230207		-0.0357828		-0.15839		
8.23	0.202832		0.230952		-0.0339687		-0.158103		
8.24	0.198206		0.231674		-0.0321535		-0.157803		
8.25	0.193565		0.232372		-0.0303375		-0.15749		
8.26	0.188911		0.233046		-0.0285209		-0.157163		
8.27	0.184244		0.233697		-0.0267038		-0.156824		
8.28	0.179563		0.234323		-0.0248863		-0.156471		
8.29	0.174871		0.234926		-0.0230688		-0.156105		
8.3	0.170166		0.235505		-0.0212512		-0.155725		
8.31	0.165451		0.23606		-0.0194338		-0.155333		
8.32	0.160724		0.236592		-0.0176168		-0.154928		
8.33	0.155987		0.237099		-0.0158003		-0.15451		
8.34	0.15124		0.237582		-0.0139845		-0.154078		
8.35	0.146484		0.238042		-0.0121695		-0.153634		
8.36	0.141719		0.238477		-0.0103556		-0.153177		
8.37	0.136945		0.238888		-0.0085429		-0.152707		
8.38	0.132163		0.239276		-0.00673153		-0.152225		
8.39	0.127374		0.239639		-0.00492169		-0.15173		
8.4	0.122578		0.239978		-0.00311354		-0.151222		
8.41	0.117775		0.240293		-0.00130725		-0.150701		
8.42	0.112966		0.240584		0.00049702		-0.150168		
8.43	0.108152		0.240851		0.0022991		-0.149623		
8.44	0.103333		0.241094		0.00409883		-0.149065		
8.45	0.0985085		0.241313		0.00589604		-0.148495		
8.46	0.0936802		0.241508		0.00769057		-0.147913		
8.47	0.0888483		0.241679		0.00948225		-0.147318		
8.48	0.0840132		0.241826		0.0112709		-0.146711		
8.49	0.0791754		0.241949		0.0130564		-0.146092		
8.5	0.0743354		0.242048		0.0148386		-0.145461		
8.51	0.0694936		0.242123		0.0166173		-0.144818		
8.52	0.0646506		0.242174		0.0183923		-0.144163		
8.53	0.0598068		0.242201		0.0201635		-0.143496		
8.54	0.0549627		0.242204		0.0219307		-0.142818		
8.55	0.0501188		0.242183		0.0236938		-0.142127		
8.56	0.0452756		0.242139		0.0254525		-0.141425		
8.57	0.0404334		0.24207		0.0272068		-0.140712		
8.58	0.0355929		0.241978		0.0289565		-0.139987		
8.59	0.0307545		0.241862		0.0307015		-0.13925		
8.6	0.0259186		0.241723		0.0324415		-0.138502		
8.61	0.0210857		0.241559		0.0341764		-0.137743		
8.62	0.0162564		0.241372		0.035906		-0.136973		
8.63	0.011431		0.241162		0.0376303		-0.136192		
8.64	0.00661004		0.240928		0.039349		-0.135399		
8.65	0.00179402		0.24067		0.041062		-0.134595		
8.66	-0.00301662		0.240389		0.0427691		-0.133781		
8.67	-0.0078214		0.240085		0.0444702		-0.132956		
8.68	-0.0126199		0.239757		0.0461652		-0.13212		
8.69	-0.0174115		0.239406		0.0478538		-0.131273		
8.7	-0.022196		0.239032		0.0495359		-0.130416		
8.71	-0.0269727		0.238635		0.0512115		-0.129548		
8.72	-0.0317412		0.238215		0.0528802		-0.12867		
8.73	-0.0365011		0.237771		0.0545421		-0.127781		
8.74	-0.0412519		0.237305		0.0561968		-0.126883		
8.75	-0.0459931		0.236816		0.0578444		-0.125974		
8.76	-0.0507244		0.236304		0.0594846		-0.125055		
8.77	-0.0554451		0.235769		0.0611173		-0.124126		
8.78	-0.060155		0.235212		0.0627423		-0.123187		
8.79	-0.0648535		0.234632		0.0643596		-0.122238		
8.8	-0.0695401		0.234029		0.0659689		-0.12128		
8.81	-0.0742145		0.233404		0.0675701		-0.120312		
8.82	-0.0788761		0.232757		0.0691631		-0.119335		
8.83	-0.0835246		0.232088		0.0707478		-0.118348		
8.84	-0.0881595		0.231396		0.0723239		-0.117351		
8.85	-0.0927803		0.230683		0.0738914		-0.116346		
8.86	-0.0973867		0.229947		0.0754501		-0.115331		
8.87	-0.101978		0.22919		0.0769999		-0.114307		
8.88	-0.106554		0.228411		0.0785407		-0.113274		
8.89	-0.111114		0.22761		0.0800723		-0.112233		
8.9	-0.115658		0.226788		0.0815945		-0.111182		
8.91	-0.120186		0.225944		0.0831073		-0.110123		
8.92	-0.124696		0.225079		0.0846105		-0.109056		
8.93	-0.129189		0.224192		0.086104		-0.10798		
8.94	-0.133664		0.223285		0.0875877		-0.106895		
8.95	-0.13812		0.222356		0.0890614		-0.105803		
8.96	-0.142558		0.221407		0.0905249		-0.104702		
8.97	-0.146976		0.220436		0.0919783		-0.103593		
8.98	-0.151375		0.219445		0.0934213		-0.102476		
8.99	-0.155754		0.218434		0.0948538		-0.101351		
9	-0.160112		0.217402		0.0962757		-0.100219		
9.01	-0.16445		0.21635		0.0976869		-0.0990784		
9.02	-0.168766		0.215277		0.0990872		-0.0979307		
9.03	-0.173061		0.214185		0.100477		-0.0967755		
9.04	-0.177333		0.213072		0.101855		-0.0956131		
9.05	-0.181583		0.21194		0.103222		-0.0944434		
9.06	-0.185811		0.210788		0.104578		-0.0932666		
9.07	-0.190015		0.209617		0.105922		-0.0920828		
9.08	-0.194195		0.208426		0.107255		-0.0908921		
9.09	-0.198352		0.207216		0.108576		-0.0896946		
9.1	-0.202484		0.205986		0.109885		-0.0884905		
9.11	-0.206591		0.204738		0.111183		-0.0872798		
9.12	-0.210673		0.203471		0.112468		-0.0860627		
9.13	-0.21473		0.202185		0.113741		-0.0848392		
9.14	-0.21876		0.200881		0.115002		-0.0836095		
9.15	-0.222765		0.199558		0.116251		-0.0823736		
9.16	-0.226743		0.198217		0.117488		-0.0811318		
9.17	-0.230693		0.196858		0.118711		-0.0798841		
9.18	-0.234617		0.195481		0.119923		-0.0786306		
9.19	-0.238513		0.194086		0.121121		-0.0773715		
9.2	-0.24238		0.192673		0.122307		-0.0761069		
9.21	-0.246219		0.191243		0.123479		-0.0748368		
9.22	-0.25003		0.189796		0.124639		-0.0735614		
9.23	-0.253811		0.188331		0.125786		-0.0722808		
9.24	-0.257563		0.18685		0.126919		-0.0709951		
9.25	-0.261285		0.185351		0.128039		-0.0697045		
9.26	-0.264977		0.183836		0.129145		-0.068409		
9.27	-0.268638		0.182305		0.130238		-0.0671089		
9.28	-0.272269		0.180757		0.131318		-0.0658041		
9.29	-0.275868		0.179192		0.132384		-0.0644948		
9.3	-0.279437		0.177612		0.133436		-0.0631812		
9.31	-0.282973		0.176016		0.134474		-0.0618633		
9.32	-0.286477		0.174404		0.135498		-0.0605413		
9.33	-0.289949		0.172777		0.136509		-0.0592153		
9.34	-0.293388		0.171135		0.137505		-0.0578854		
9.35	-0.296794		0.169477		0.138487		-0.0565517		
9.36	-0.300167		0.167804		0.139454		-0.0552144		
9.37	-0.303506		0.166117		0.140408		-0.0538736		
9.38	-0.306812		0.164415		0.141347		-0.0525293		
9.39	-0.310083		0.162698		0.142271		-0.0511818		
9.4	-0.313319		0.160967		0.143181		-0.0498312		
9.41	-0.316521		0.159223		0.144076		-0.0484775		
9.42	-0.319688		0.157464		0.144957		-0.0471208		
9.43	-0.32282		0.155691		0.145823		-0.0457614		
9.44	-0.325916		0.153905		0.146674		-0.0443993		
9.45	-0.328976		0.152106		0.14751		-0.0430347		
9.46	-0.332		0.150294		0.148331		-0.0416676		
9.47	-0.334988		0.148469		0.149137		-0.0402983		
9.48	-0.337939		0.14663		0.149928		-0.0389267		
9.49	-0.340853		0.14478		0.150704		-0.0375531		
9.5	-0.34373		0.142917		0.151464		-0.0361776		
9.51	-0.346569		0.141042		0.15221		-0.0348003		
9.52	-0.349371		0.139155		0.15294		-0.0334213		
9.53	-0.352135		0.137256		0.153655		-0.0320407		
9.54	-0.354861		0.135345		0.154354		-0.0306587		
9.55	-0.357549		0.133423		0.155038		-0.0292753		
9.56	-0.360198		0.13149		0.155706		-0.0278908		
9.57	-0.362809		0.129546		0.156358		-0.0265052		
9.58	-0.36538		0.127592		0.156995		-0.0251187		
9.59	-0.367912		0.125626		0.157617		-0.0237314		
9.6	-0.370405		0.123651		0.158222		-0.0223433		
9.61	-0.372858		0.121665		0.158812		-0.0209547		
9.62	-0.375272		0.119669		0.159386		-0.0195657		
9.63	-0.377645		0.117663		0.159944		-0.0181763		
9.64	-0.379978		0.115648		0.160487		-0.0167867		
9.65	-0.382271		0.113624		0.161013		-0.0153971		
9.66	-0.384523		0.11159		0.161524		-0.0140075		
9.67	-0.386734		0.109547		0.162018		-0.0126181		
9.68	-0.388905		0.107496		0.162497		-0.0112289		
9.69	-0.391034		0.105436		0.162959		-0.00984022		
9.7	-0.393122		0.103368		0.163406		-0.00845205		
9.71	-0.395169		0.101292		0.163836		-0.00706455		
9.72	-0.397174		0.0992081		0.16425		-0.00567784		
9.73	-0.399137		0.0971163		0.164648		-0.00429205		
9.74	-0.401058		0.0950171		0.16503		-0.00290728		
9.75	-0.402938		0.0929107		0.165396		-0.00152368		
9.76	-0.404775		0.0907972		0.165745		-0.000141353		
9.77	-0.40657		0.088677		0.166078		0.00123957		
9.78	-0.408322		0.0865501		0.166395		0.00261897		
9.79	-0.410032		0.0844168		0.166696		0.00399672		
9.8	-0.411699		0.0822774		0.16698		0.0053727		
9.81	-0.413323		0.080132		0.167249		0.00674679		
9.82	-0.414904		0.0779809		0.1675		0.00811887		
9.83	-0.416442		0.0758242		0.167736		0.00948882		
9.84	-0.417937		0.0736622		0.167955		0.0108565		
9.85	-0.419388		0.0714952		0.168158		0.0122218		
9.86	-0.420796		0.0693233		0.168345		0.0135847		
9.87	-0.422161		0.0671467		0.168515		0.0149449		
9.88	-0.423482		0.0649657		0.168669		0.0163024		
9.89	-0.42476		0.0627804		0.168807		0.017657		
9.9	-0.425994		0.0605912		0.168928		0.0190086		
9.91	-0.427183		0.0583982		0.169033		0.0203572		
9.92	-0.428329		0.0562016		0.169122		0.0217026		
9.93	-0.429431		0.0540016		0.169194		0.0230446		
9.94	-0.430489		0.0517986		0.16925		0.0243832		
9.95	-0.431503		0.0495926		0.16929		0.0257182		
9.96	-0.432473		0.0473839		0.169314		0.0270496		
9.97	-0.433399		0.0451728		0.169321		0.0283771		
9.98	-0.43428		0.0429594		0.169312		0.0297008		
9.99	-0.435117		0.040744		0.169287		0.0310204		
10	-0.43591		0.0385267		0.169245		0.0323359		
