Time		Euler_Method		Actual_Solution
0		0.99		1
0.01		0.980592		0.990295
0.02		0.971749		0.981163
0.03		0.963445		0.972578
0.04		0.955655		0.964514
0.05		0.948354		0.956947
0.06		0.941521		0.949854
0.07		0.935133		0.943213
0.08		0.929168		0.937003
0.09		0.923608		0.931203
0.1		0.918433		0.925795
0.11		0.913624		0.920759
0.12		0.909164		0.916078
0.13		0.905035		0.911734
0.14		0.901222		0.907713
0.15		0.89771		0.903997
0.16		0.894483		0.900572
0.17		0.891527		0.897423
0.18		0.888829		0.894538
0.19		0.886376		0.891903
0.2		0.884155		0.889504
0.21		0.882155		0.887332
0.22		0.880364		0.885373
0.23		0.878771		0.883618
0.24		0.877367		0.882055
0.25		0.876141		0.880674
0.26		0.875083		0.879467
0.27		0.874186		0.878424
0.28		0.873439		0.877535
0.29		0.872836		0.876794
0.3		0.872367		0.876191
0.31		0.872026		0.87572
0.32		0.871805		0.875372
0.33		0.871697		0.875142
0.34		0.871697		0.875022
0.35		0.871797		0.875006
0.36		0.871992		0.875088
0.37		0.872275		0.875262
0.38		0.872643		0.875523
0.39		0.873089		0.875865
0.4		0.873608		0.876284
0.41		0.874196		0.876774
0.42		0.874848		0.877332
0.43		0.875561		0.877952
0.44		0.876329		0.878631
0.45		0.877149		0.879365
0.46		0.878018		0.880149
0.47		0.878932		0.880981
0.48		0.879887		0.881857
0.49		0.880881		0.882774
0.5		0.88191		0.883728
0.51		0.882971		0.884717
0.52		0.884063		0.885738
0.53		0.885181		0.886788
0.54		0.886324		0.887865
0.55		0.88749		0.888966
0.56		0.888675		0.890089
0.57		0.889879		0.891233
0.58		0.891099		0.892394
0.59		0.892333		0.893571
0.6		0.893579		0.894762
0.61		0.894836		0.895965
0.62		0.896101		0.89718
0.63		0.897375		0.898403
0.64		0.898654		0.899634
0.65		0.899938		0.900871
0.66		0.901226		0.902113
0.67		0.902516		0.903359
0.68		0.903807		0.904607
0.69		0.905098		0.905857
0.7		0.906388		0.907107
0.71		0.907676		0.908356
0.72		0.908961		0.909604
0.73		0.910242		0.910849
0.74		0.911519		0.912091
0.75		0.912791		0.913328
0.76		0.914057		0.914562
0.77		0.915316		0.915789
0.78		0.916568		0.917011
0.79		0.917813		0.918225
0.8		0.919049		0.919433
0.81		0.920276		0.920633
0.82		0.921494		0.921824
0.83		0.922703		0.923007
0.84		0.923901		0.924181
0.85		0.92509		0.925345
0.86		0.926267		0.926499
0.87		0.927434		0.927644
0.88		0.928589		0.928777
0.89		0.929733		0.9299
0.9		0.930865		0.931012
0.91		0.931985		0.932113
0.92		0.933093		0.933203
0.93		0.934189		0.934281
0.94		0.935273		0.935347
0.95		0.936343		0.936401
0.96		0.937402		0.937443
0.97		0.938447		0.938473
0.98		0.93948		0.939491
0.99		0.940499		0.940497
1		0.941506		0.94149
1.01		0.9425		0.942471
1.02		0.943481		0.943439
1.03		0.944449		0.944395
1.04		0.945404		0.945339
1.05		0.946346		0.94627
1.06		0.947275		0.947188
1.07		0.948191		0.948094
1.08		0.949094		0.948987
1.09		0.949985		0.949868
1.1		0.950862		0.950737
1.11		0.951727		0.951593
1.12		0.952579		0.952437
1.13		0.953419		0.953269
1.14		0.954246		0.954089
1.15		0.95506		0.954896
1.16		0.955862		0.955692
1.17		0.956652		0.956476
1.18		0.95743		0.957247
1.19		0.958196		0.958008
1.2		0.95895		0.958756
1.21		0.959692		0.959493
1.22		0.960422		0.960218
1.23		0.96114		0.960932
1.24		0.961847		0.961635
1.25		0.962543		0.962326
1.26		0.963227		0.963007
1.27		0.963901		0.963677
1.28		0.964563		0.964336
1.29		0.965214		0.964984
1.3		0.965855		0.965621
1.31		0.966485		0.966249
1.32		0.967104		0.966866
1.33		0.967713		0.967472
1.34		0.968312		0.968069
1.35		0.9689		0.968656
1.36		0.969479		0.969232
1.37		0.970048		0.969799
1.38		0.970607		0.970357
1.39		0.971156		0.970905
1.4		0.971696		0.971444
1.41		0.972227		0.971973
1.42		0.972748		0.972494
1.43		0.97326		0.973005
1.44		0.973763		0.973508
1.45		0.974258		0.974002
1.46		0.974744		0.974488
1.47		0.975221		0.974965
1.48		0.97569		0.975433
1.49		0.97615		0.975894
1.5		0.976602		0.976346
1.51		0.977046		0.97679
1.52		0.977483		0.977227
1.53		0.977911		0.977655
1.54		0.978332		0.978076
1.55		0.978745		0.97849
1.56		0.97915		0.978896
1.57		0.979548		0.979295
1.58		0.97994		0.979687
1.59		0.980323		0.980072
1.6		0.9807		0.98045
1.61		0.98107		0.980821
1.62		0.981434		0.981185
1.63		0.98179		0.981543
1.64		0.98214		0.981894
1.65		0.982484		0.982239
1.66		0.982821		0.982577
1.67		0.983152		0.982909
1.68		0.983477		0.983236
1.69		0.983796		0.983556
1.7		0.984109		0.98387
1.71		0.984416		0.984179
1.72		0.984717		0.984482
1.73		0.985013		0.984779
1.74		0.985303		0.985071
1.75		0.985588		0.985357
1.76		0.985868		0.985638
1.77		0.986142		0.985914
1.78		0.986411		0.986185
1.79		0.986675		0.986451
1.8		0.986934		0.986711
1.81		0.987188		0.986967
1.82		0.987437		0.987218
1.83		0.987682		0.987465
1.84		0.987922		0.987707
1.85		0.988158		0.987944
1.86		0.988389		0.988177
1.87		0.988615		0.988405
1.88		0.988837		0.988629
1.89		0.989055		0.988849
1.9		0.989269		0.989065
1.91		0.989479		0.989277
1.92		0.989685		0.989484
1.93		0.989887		0.989688
1.94		0.990085		0.989888
1.95		0.990279		0.990084
1.96		0.990469		0.990276
1.97		0.990656		0.990465
1.98		0.99084		0.99065
1.99		0.991019		0.990832
2		0.991196		0.99101
2.01		0.991368		0.991185
2.02		0.991538		0.991356
2.03		0.991704		0.991524
2.04		0.991867		0.991689
2.05		0.992027		0.991851
2.06		0.992184		0.99201
2.07		0.992338		0.992165
2.08		0.992489		0.992318
2.09		0.992636		0.992468
2.1		0.992781		0.992615
2.11		0.992924		0.992759
2.12		0.993063		0.9929
2.13		0.9932		0.993039
2.14		0.993334		0.993174
2.15		0.993465		0.993308
2.16		0.993594		0.993439
2.17		0.993721		0.993567
2.18		0.993845		0.993692
2.19		0.993966		0.993816
2.2		0.994085		0.993937
2.21		0.994202		0.994055
2.22		0.994317		0.994172
2.23		0.994429		0.994286
2.24		0.994539		0.994398
2.25		0.994647		0.994507
2.26		0.994753		0.994615
2.27		0.994857		0.99472
2.28		0.994959		0.994824
2.29		0.995058		0.994925
2.3		0.995156		0.995025
2.31		0.995252		0.995122
2.32		0.995346		0.995218
2.33		0.995438		0.995312
2.34		0.995529		0.995404
2.35		0.995617		0.995494
2.36		0.995704		0.995582
2.37		0.995789		0.995669
2.38		0.995873		0.995754
2.39		0.995955		0.995837
2.4		0.996035		0.995919
2.41		0.996114		0.995999
2.42		0.996191		0.996078
2.43		0.996266		0.996155
2.44		0.99634		0.99623
2.45		0.996413		0.996304
2.46		0.996484		0.996377
2.47		0.996554		0.996448
2.48		0.996622		0.996518
2.49		0.99669		0.996587
2.5		0.996755		0.996654
2.51		0.99682		0.99672
2.52		0.996883		0.996784
2.53		0.996945		0.996847
2.54		0.997006		0.996909
2.55		0.997065		0.99697
2.56		0.997123		0.99703
2.57		0.997181		0.997088
2.58		0.997237		0.997146
2.59		0.997292		0.997202
2.6		0.997346		0.997257
2.61		0.997398		0.997311
2.62		0.99745		0.997364
2.63		0.997501		0.997416
2.64		0.997551		0.997467
2.65		0.997599		0.997517
2.66		0.997647		0.997566
2.67		0.997694		0.997614
2.68		0.99774		0.997661
2.69		0.997785		0.997707
2.7		0.997829		0.997752
2.71		0.997872		0.997796
2.72		0.997914		0.99784
2.73		0.997956		0.997882
2.74		0.997997		0.997924
2.75		0.998037		0.997965
2.76		0.998076		0.998005
2.77		0.998114		0.998044
2.78		0.998152		0.998083
2.79		0.998188		0.998121
2.8		0.998225		0.998158
2.81		0.99826		0.998194
2.82		0.998295		0.99823
2.83		0.998329		0.998265
2.84		0.998362		0.998299
2.85		0.998395		0.998333
2.86		0.998427		0.998366
2.87		0.998458		0.998398
2.88		0.998489		0.998429
2.89		0.998519		0.99846
2.9		0.998548		0.998491
2.91		0.998577		0.998521
2.92		0.998606		0.99855
2.93		0.998633		0.998578
2.94		0.998661		0.998607
2.95		0.998687		0.998634
2.96		0.998714		0.998661
2.97		0.998739		0.998687
2.98		0.998764		0.998713
2.99		0.998789		0.998739
3		0.998813		0.998764
3.01		0.998837		0.998788
3.02		0.99886		0.998812
3.03		0.998883		0.998836
3.04		0.998905		0.998859
3.05		0.998927		0.998881
3.06		0.998948		0.998903
3.07		0.998969		0.998925
3.08		0.99899		0.998946
3.09		0.99901		0.998967
3.1		0.99903		0.998987
3.11		0.999049		0.999007
3.12		0.999068		0.999027
3.13		0.999087		0.999046
3.14		0.999105		0.999065
3.15		0.999123		0.999084
3.16		0.99914		0.999102
3.17		0.999158		0.999119
3.18		0.999174		0.999137
3.19		0.999191		0.999154
3.2		0.999207		0.999171
3.21		0.999223		0.999187
3.22		0.999238		0.999203
3.23		0.999254		0.999219
3.24		0.999268		0.999234
3.25		0.999283		0.999249
3.26		0.999297		0.999264
3.27		0.999311		0.999279
3.28		0.999325		0.999293
3.29		0.999339		0.999307
3.3		0.999352		0.999321
3.31		0.999365		0.999334
3.32		0.999377		0.999347
3.33		0.99939		0.99936
3.34		0.999402		0.999373
3.35		0.999414		0.999385
3.36		0.999426		0.999397
3.37		0.999437		0.999409
3.38		0.999448		0.999421
3.39		0.999459		0.999433
3.4		0.99947		0.999444
3.41		0.999481		0.999455
3.42		0.999491		0.999466
3.43		0.999501		0.999476
3.44		0.999511		0.999486
3.45		0.999521		0.999497
3.46		0.999531		0.999507
3.47		0.99954		0.999516
3.48		0.999549		0.999526
3.49		0.999558		0.999535
3.5		0.999567		0.999544
3.51		0.999576		0.999553
3.52		0.999584		0.999562
3.53		0.999593		0.999571
3.54		0.999601		0.999579
3.55		0.999609		0.999588
3.56		0.999616		0.999596
3.57		0.999624		0.999604
3.58		0.999632		0.999612
3.59		0.999639		0.999619
3.6		0.999646		0.999627
3.61		0.999653		0.999634
3.62		0.99966		0.999642
3.63		0.999667		0.999649
3.64		0.999674		0.999656
3.65		0.99968		0.999662
3.66		0.999687		0.999669
3.67		0.999693		0.999676
3.68		0.999699		0.999682
3.69		0.999705		0.999688
3.7		0.999711		0.999695
3.71		0.999717		0.999701
3.72		0.999722		0.999707
3.73		0.999728		0.999712
3.74		0.999733		0.999718
3.75		0.999739		0.999724
3.76		0.999744		0.999729
3.77		0.999749		0.999734
3.78		0.999754		0.99974
3.79		0.999759		0.999745
3.8		0.999764		0.99975
3.81		0.999768		0.999755
3.82		0.999773		0.99976
3.83		0.999778		0.999764
3.84		0.999782		0.999769
3.85		0.999786		0.999774
3.86		0.999791		0.999778
3.87		0.999795		0.999783
3.88		0.999799		0.999787
3.89		0.999803		0.999791
3.9		0.999807		0.999795
3.91		0.999811		0.999799
3.92		0.999815		0.999803
3.93		0.999818		0.999807
3.94		0.999822		0.999811
3.95		0.999825		0.999815
3.96		0.999829		0.999818
3.97		0.999832		0.999822
3.98		0.999836		0.999825
3.99		0.999839		0.999829
4		0.999842		0.999832
4.01		0.999845		0.999836
4.02		0.999848		0.999839
4.03		0.999852		0.999842
4.04		0.999854		0.999845
4.05		0.999857		0.999848
4.06		0.99986		0.999851
4.07		0.999863		0.999854
4.08		0.999866		0.999857
4.09		0.999868		0.99986
4.1		0.999871		0.999863
4.11		0.999874		0.999865
4.12		0.999876		0.999868
4.13		0.999879		0.999871
4.14		0.999881		0.999873
4.15		0.999883		0.999876
4.16		0.999886		0.999878
4.17		0.999888		0.999881
4.18		0.99989		0.999883
4.19		0.999893		0.999885
4.2		0.999895		0.999888
4.21		0.999897		0.99989
4.22		0.999899		0.999892
4.23		0.999901		0.999894
4.24		0.999903		0.999896
4.25		0.999905		0.999898
4.26		0.999907		0.9999
4.27		0.999909		0.999902
4.28		0.99991		0.999904
4.29		0.999912		0.999906
4.3		0.999914		0.999908
4.31		0.999916		0.99991
4.32		0.999917		0.999912
4.33		0.999919		0.999913
4.34		0.999921		0.999915
4.35		0.999922		0.999917
4.36		0.999924		0.999918
4.37		0.999925		0.99992
4.38		0.999927		0.999922
4.39		0.999928		0.999923
4.4		0.99993		0.999925
4.41		0.999931		0.999926
4.42		0.999932		0.999928
4.43		0.999934		0.999929
4.44		0.999935		0.99993
4.45		0.999936		0.999932
4.46		0.999938		0.999933
4.47		0.999939		0.999934
4.48		0.99994		0.999936
4.49		0.999941		0.999937
4.5		0.999943		0.999938
4.51		0.999944		0.99994
4.52		0.999945		0.999941
4.53		0.999946		0.999942
4.54		0.999947		0.999943
4.55		0.999948		0.999944
4.56		0.999949		0.999945
4.57		0.99995		0.999946
4.58		0.999951		0.999947
4.59		0.999952		0.999948
4.6		0.999953		0.999949
4.61		0.999954		0.99995
4.62		0.999955		0.999951
4.63		0.999956		0.999952
4.64		0.999957		0.999953
4.65		0.999958		0.999954
4.66		0.999958		0.999955
4.67		0.999959		0.999956
4.68		0.99996		0.999957
4.69		0.999961		0.999958
4.7		0.999962		0.999959
4.71		0.999962		0.999959
4.72		0.999963		0.99996
4.73		0.999964		0.999961
4.74		0.999965		0.999962
4.75		0.999965		0.999963
4.76		0.999966		0.999963
4.77		0.999967		0.999964
4.78		0.999967		0.999965
4.79		0.999968		0.999965
4.8		0.999969		0.999966
4.81		0.999969		0.999967
4.82		0.99997		0.999967
4.83		0.99997		0.999968
4.84		0.999971		0.999969
4.85		0.999972		0.999969
4.86		0.999972		0.99997
4.87		0.999973		0.999971
4.88		0.999973		0.999971
4.89		0.999974		0.999972
4.9		0.999974		0.999972
4.91		0.999975		0.999973
4.92		0.999975		0.999973
4.93		0.999976		0.999974
4.94		0.999976		0.999974
4.95		0.999977		0.999975
4.96		0.999977		0.999975
4.97		0.999978		0.999976
4.98		0.999978		0.999976
4.99		0.999979		0.999977
5		0.999979		0.999977
5.01		0.999979		0.999978
5.02		0.99998		0.999978
5.03		0.99998		0.999979
5.04		0.999981		0.999979
5.05		0.999981		0.999979
5.06		0.999981		0.99998
5.07		0.999982		0.99998
5.08		0.999982		0.999981
5.09		0.999983		0.999981
5.1		0.999983		0.999981
5.11		0.999983		0.999982
5.12		0.999984		0.999982
5.13		0.999984		0.999982
5.14		0.999984		0.999983
5.15		0.999985		0.999983
5.16		0.999985		0.999984
5.17		0.999985		0.999984
5.18		0.999985		0.999984
5.19		0.999986		0.999984
5.2		0.999986		0.999985
5.21		0.999986		0.999985
5.22		0.999987		0.999985
5.23		0.999987		0.999986
5.24		0.999987		0.999986
5.25		0.999987		0.999986
5.26		0.999988		0.999987
5.27		0.999988		0.999987
5.28		0.999988		0.999987
5.29		0.999988		0.999987
5.3		0.999989		0.999988
5.31		0.999989		0.999988
5.32		0.999989		0.999988
5.33		0.999989		0.999988
5.34		0.999989		0.999989
5.35		0.99999		0.999989
5.36		0.99999		0.999989
5.37		0.99999		0.999989
5.38		0.99999		0.999989
5.39		0.99999		0.99999
5.4		0.999991		0.99999
5.41		0.999991		0.99999
5.42		0.999991		0.99999
5.43		0.999991		0.99999
5.44		0.999991		0.999991
5.45		0.999992		0.999991
5.46		0.999992		0.999991
5.47		0.999992		0.999991
5.48		0.999992		0.999991
5.49		0.999992		0.999991
5.5		0.999992		0.999992
5.51		0.999993		0.999992
5.52		0.999993		0.999992
5.53		0.999993		0.999992
5.54		0.999993		0.999992
5.55		0.999993		0.999992
5.56		0.999993		0.999993
5.57		0.999993		0.999993
5.58		0.999994		0.999993
5.59		0.999994		0.999993
5.6		0.999994		0.999993
5.61		0.999994		0.999993
5.62		0.999994		0.999993
5.63		0.999994		0.999994
5.64		0.999994		0.999994
5.65		0.999994		0.999994
5.66		0.999994		0.999994
5.67		0.999995		0.999994
5.68		0.999995		0.999994
5.69		0.999995		0.999994
5.7		0.999995		0.999994
5.71		0.999995		0.999995
5.72		0.999995		0.999995
5.73		0.999995		0.999995
5.74		0.999995		0.999995
5.75		0.999995		0.999995
5.76		0.999995		0.999995
5.77		0.999996		0.999995
5.78		0.999996		0.999995
5.79		0.999996		0.999995
5.8		0.999996		0.999995
5.81		0.999996		0.999996
5.82		0.999996		0.999996
5.83		0.999996		0.999996
5.84		0.999996		0.999996
5.85		0.999996		0.999996
5.86		0.999996		0.999996
5.87		0.999996		0.999996
5.88		0.999996		0.999996
5.89		0.999997		0.999996
5.9		0.999997		0.999996
5.91		0.999997		0.999996
5.92		0.999997		0.999996
5.93		0.999997		0.999996
5.94		0.999997		0.999997
5.95		0.999997		0.999997
5.96		0.999997		0.999997
5.97		0.999997		0.999997
5.98		0.999997		0.999997
5.99		0.999997		0.999997
6		0.999997		0.999997
6.01		0.999997		0.999997
6.02		0.999997		0.999997
6.03		0.999997		0.999997
6.04		0.999997		0.999997
6.05		0.999997		0.999997
6.06		0.999998		0.999997
6.07		0.999998		0.999997
6.08		0.999998		0.999997
6.09		0.999998		0.999997
6.1		0.999998		0.999997
6.11		0.999998		0.999998
6.12		0.999998		0.999998
6.13		0.999998		0.999998
6.14		0.999998		0.999998
6.15		0.999998		0.999998
6.16		0.999998		0.999998
6.17		0.999998		0.999998
6.18		0.999998		0.999998
6.19		0.999998		0.999998
6.2		0.999998		0.999998
6.21		0.999998		0.999998
6.22		0.999998		0.999998
6.23		0.999998		0.999998
6.24		0.999998		0.999998
6.25		0.999998		0.999998
6.26		0.999998		0.999998
6.27		0.999998		0.999998
6.28		0.999998		0.999998
6.29		0.999998		0.999998
6.3		0.999998		0.999998
6.31		0.999999		0.999998
6.32		0.999999		0.999998
6.33		0.999999		0.999998
6.34		0.999999		0.999998
6.35		0.999999		0.999998
6.36		0.999999		0.999999
6.37		0.999999		0.999999
6.38		0.999999		0.999999
6.39		0.999999		0.999999
6.4		0.999999		0.999999
6.41		0.999999		0.999999
6.42		0.999999		0.999999
6.43		0.999999		0.999999
6.44		0.999999		0.999999
6.45		0.999999		0.999999
6.46		0.999999		0.999999
6.47		0.999999		0.999999
6.48		0.999999		0.999999
6.49		0.999999		0.999999
6.5		0.999999		0.999999
6.51		0.999999		0.999999
6.52		0.999999		0.999999
6.53		0.999999		0.999999
6.54		0.999999		0.999999
6.55		0.999999		0.999999
6.56		0.999999		0.999999
6.57		0.999999		0.999999
6.58		0.999999		0.999999
6.59		0.999999		0.999999
6.6		0.999999		0.999999
6.61		0.999999		0.999999
6.62		0.999999		0.999999
6.63		0.999999		0.999999
6.64		0.999999		0.999999
6.65		0.999999		0.999999
6.66		0.999999		0.999999
6.67		0.999999		0.999999
6.68		0.999999		0.999999
6.69		0.999999		0.999999
6.7		0.999999		0.999999
6.71		0.999999		0.999999
6.72		0.999999		0.999999
6.73		0.999999		0.999999
6.74		0.999999		0.999999
6.75		0.999999		0.999999
6.76		0.999999		0.999999
6.77		0.999999		0.999999
6.78		0.999999		0.999999
6.79		0.999999		0.999999
6.8		0.999999		0.999999
6.81		0.999999		0.999999
6.82		0.999999		0.999999
6.83		0.999999		0.999999
6.84		0.999999		0.999999
6.85		1		0.999999
6.86		1		0.999999
6.87		1		0.999999
6.88		1		0.999999
6.89		1		0.999999
6.9		1		0.999999
6.91		1		1
6.92		1		1
6.93		1		1
6.94		1		1
6.95		1		1
6.96		1		1
6.97		1		1
6.98		1		1
6.99		1		1
7		1		1
7.01		1		1
7.02		1		1
7.03		1		1
7.04		1		1
7.05		1		1
7.06		1		1
7.07		1		1
7.08		1		1
7.09		1		1
7.1		1		1
7.11		1		1
7.12		1		1
7.13		1		1
7.14		1		1
7.15		1		1
7.16		1		1
7.17		1		1
7.18		1		1
7.19		1		1
7.2		1		1
7.21		1		1
7.22		1		1
7.23		1		1
7.24		1		1
7.25		1		1
7.26		1		1
7.27		1		1
7.28		1		1
7.29		1		1
7.3		1		1
7.31		1		1
7.32		1		1
7.33		1		1
7.34		1		1
7.35		1		1
7.36		1		1
7.37		1		1
7.38		1		1
7.39		1		1
7.4		1		1
7.41		1		1
7.42		1		1
7.43		1		1
7.44		1		1
7.45		1		1
7.46		1		1
7.47		1		1
7.48		1		1
7.49		1		1
7.5		1		1
7.51		1		1
7.52		1		1
7.53		1		1
7.54		1		1
7.55		1		1
7.56		1		1
7.57		1		1
7.58		1		1
7.59		1		1
7.6		1		1
7.61		1		1
7.62		1		1
7.63		1		1
7.64		1		1
7.65		1		1
7.66		1		1
7.67		1		1
7.68		1		1
7.69		1		1
7.7		1		1
7.71		1		1
7.72		1		1
7.73		1		1
7.74		1		1
7.75		1		1
7.76		1		1
7.77		1		1
7.78		1		1
7.79		1		1
7.8		1		1
7.81		1		1
7.82		1		1
7.83		1		1
7.84		1		1
7.85		1		1
7.86		1		1
7.87		1		1
7.88		1		1
7.89		1		1
7.9		1		1
7.91		1		1
7.92		1		1
7.93		1		1
7.94		1		1
7.95		1		1
7.96		1		1
7.97		1		1
7.98		1		1
7.99		1		1
8		1		1
8.01		1		1
8.02		1		1
8.03		1		1
8.04		1		1
8.05		1		1
8.06		1		1
8.07		1		1
8.08		1		1
8.09		1		1
8.1		1		1
8.11		1		1
8.12		1		1
8.13		1		1
8.14		1		1
8.15		1		1
8.16		1		1
8.17		1		1
8.18		1		1
8.19		1		1
8.2		1		1
8.21		1		1
8.22		1		1
8.23		1		1
8.24		1		1
8.25		1		1
8.26		1		1
8.27		1		1
8.28		1		1
8.29		1		1
8.3		1		1
8.31		1		1
8.32		1		1
8.33		1		1
8.34		1		1
8.35		1		1
8.36		1		1
8.37		1		1
8.38		1		1
8.39		1		1
8.4		1		1
8.41		1		1
8.42		1		1
8.43		1		1
8.44		1		1
8.45		1		1
8.46		1		1
8.47		1		1
8.48		1		1
8.49		1		1
8.5		1		1
8.51		1		1
8.52		1		1
8.53		1		1
8.54		1		1
8.55		1		1
8.56		1		1
8.57		1		1
8.58		1		1
8.59		1		1
8.6		1		1
8.61		1		1
8.62		1		1
8.63		1		1
8.64		1		1
8.65		1		1
8.66		1		1
8.67		1		1
8.68		1		1
8.69		1		1
8.7		1		1
8.71		1		1
8.72		1		1
8.73		1		1
8.74		1		1
8.75		1		1
8.76		1		1
8.77		1		1
8.78		1		1
8.79		1		1
8.8		1		1
8.81		1		1
8.82		1		1
8.83		1		1
8.84		1		1
8.85		1		1
8.86		1		1
8.87		1		1
8.88		1		1
8.89		1		1
8.9		1		1
8.91		1		1
8.92		1		1
8.93		1		1
8.94		1		1
8.95		1		1
8.96		1		1
8.97		1		1
8.98		1		1
8.99		1		1
9		1		1
9.01		1		1
9.02		1		1
9.03		1		1
9.04		1		1
9.05		1		1
9.06		1		1
9.07		1		1
9.08		1		1
9.09		1		1
9.1		1		1
9.11		1		1
9.12		1		1
9.13		1		1
9.14		1		1
9.15		1		1
9.16		1		1
9.17		1		1
9.18		1		1
9.19		1		1
9.2		1		1
9.21		1		1
9.22		1		1
9.23		1		1
9.24		1		1
9.25		1		1
9.26		1		1
9.27		1		1
9.28		1		1
9.29		1		1
9.3		1		1
9.31		1		1
9.32		1		1
9.33		1		1
9.34		1		1
9.35		1		1
9.36		1		1
9.37		1		1
9.38		1		1
9.39		1		1
9.4		1		1
9.41		1		1
9.42		1		1
9.43		1		1
9.44		1		1
9.45		1		1
9.46		1		1
9.47		1		1
9.48		1		1
9.49		1		1
9.5		1		1
9.51		1		1
9.52		1		1
9.53		1		1
9.54		1		1
9.55		1		1
9.56		1		1
9.57		1		1
9.58		1		1
9.59		1		1
9.6		1		1
9.61		1		1
9.62		1		1
9.63		1		1
9.64		1		1
9.65		1		1
9.66		1		1
9.67		1		1
9.68		1		1
9.69		1		1
9.7		1		1
9.71		1		1
9.72		1		1
9.73		1		1
9.74		1		1
9.75		1		1
9.76		1		1
9.77		1		1
9.78		1		1
9.79		1		1
9.8		1		1
9.81		1		1
9.82		1		1
9.83		1		1
9.84		1		1
9.85		1		1
9.86		1		1
9.87		1		1
9.88		1		1
9.89		1		1
9.9		1		1
9.91		1		1
9.92		1		1
9.93		1		1
9.94		1		1
9.95		1		1
9.96		1		1
9.97		1		1
9.98		1		1
9.99		1		1
10		1		1
