Time		Angular_Position		Angular_Velocity
0		0.01		1
0.01		0.02		0.99902
0.02		0.0299902		0.99706
0.03		0.0399608		0.994121
0.04		0.049902		0.990205
0.05		0.0598041		0.985314
0.06		0.0696572		0.979454
0.07		0.0794517		0.972627
0.08		0.089178		0.964841
0.09		0.0988264		0.956101
0.1		0.108387		0.946416
0.11		0.117852		0.935795
0.12		0.12721		0.924245
0.13		0.136452		0.911779
0.14		0.14557		0.898406
0.15		0.154554		0.88414
0.16		0.163395		0.868994
0.17		0.172085		0.852981
0.18		0.180615		0.836117
0.19		0.188976		0.818417
0.2		0.19716		0.799897
0.21		0.205159		0.780575
0.22		0.212965		0.76047
0.23		0.22057		0.739599
0.24		0.227966		0.717983
0.25		0.235146		0.695643
0.26		0.242102		0.672598
0.27		0.248828		0.648872
0.28		0.255317		0.624487
0.29		0.261562		0.599466
0.3		0.267556		0.573833
0.31		0.273295		0.547613
0.32		0.278771		0.52083
0.33		0.283979		0.49351
0.34		0.288914		0.46568
0.35		0.293571		0.437367
0.36		0.297945		0.408597
0.37		0.302031		0.379398
0.38		0.305825		0.349799
0.39		0.309323		0.319828
0.4		0.312521		0.289515
0.41		0.315416		0.258888
0.42		0.318005		0.227977
0.43		0.320285		0.196813
0.44		0.322253		0.165425
0.45		0.323907		0.133844
0.46		0.325245		0.102101
0.47		0.326266		0.070227
0.48		0.326969		0.0382529
0.49		0.327351		0.00620994
0.5		0.327413		-0.0258705
0.51		0.327155		-0.057957
0.52		0.326575		-0.0900181
0.53		0.325675		-0.122022
0.54		0.324455		-0.153939
0.55		0.322915		-0.185735
0.56		0.321058		-0.217381
0.57		0.318884		-0.248845
0.58		0.316396		-0.280095
0.59		0.313595		-0.311102
0.6		0.310484		-0.341834
0.61		0.307065		-0.372262
0.62		0.303343		-0.402354
0.63		0.299319		-0.432082
0.64		0.294998		-0.461415
0.65		0.290384		-0.490325
0.66		0.285481		-0.518782
0.67		0.280293		-0.54676
0.68		0.274826		-0.574228
0.69		0.269083		-0.601161
0.7		0.263072		-0.627531
0.71		0.256796		-0.653312
0.72		0.250263		-0.678478
0.73		0.243478		-0.703004
0.74		0.236448		-0.726865
0.75		0.22918		-0.750037
0.76		0.221679		-0.772497
0.77		0.213954		-0.794221
0.78		0.206012		-0.815189
0.79		0.19786		-0.835378
0.8		0.189507		-0.854768
0.81		0.180959		-0.87334
0.82		0.172225		-0.891074
0.83		0.163315		-0.907952
0.84		0.154235		-0.923957
0.85		0.144996		-0.939072
0.86		0.135605		-0.953281
0.87		0.126072		-0.966571
0.88		0.116406		-0.978926
0.89		0.106617		-0.990334
0.9		0.0967138		-1.00078
0.91		0.086706		-1.01026
0.92		0.0766034		-1.01876
0.93		0.0664158		-1.02626
0.94		0.0561531		-1.03277
0.95		0.0458254		-1.03828
0.96		0.0354427		-1.04277
0.97		0.025015		-1.04624
0.98		0.0145526		-1.04869
0.99		0.00406566		-1.05012
1		-0.00643552		-1.05052
1.01		-0.0169407		-1.04989
1.02		-0.0274395		-1.04823
1.03		-0.0379218		-1.04554
1.04		-0.0483772		-1.04182
1.05		-0.0587954		-1.03708
1.06		-0.0691662		-1.03132
1.07		-0.0794793		-1.02454
1.08		-0.0897247		-1.01675
1.09		-0.0998922		-1.00796
1.1		-0.109972		-0.998168
1.11		-0.119953		-0.98739
1.12		-0.129827		-0.975635
1.13		-0.139584		-0.962912
1.14		-0.149213		-0.949233
1.15		-0.158705		-0.93461
1.16		-0.168051		-0.919057
1.17		-0.177242		-0.902588
1.18		-0.186268		-0.885218
1.19		-0.19512		-0.866964
1.2		-0.20379		-0.847842
1.21		-0.212268		-0.827871
1.22		-0.220547		-0.807068
1.23		-0.228617		-0.785455
1.24		-0.236472		-0.76305
1.25		-0.244102		-0.739876
1.26		-0.251501		-0.715954
1.27		-0.258661		-0.691307
1.28		-0.265574		-0.665958
1.29		-0.272233		-0.639932
1.3		-0.278633		-0.613253
1.31		-0.284765		-0.585947
1.32		-0.290625		-0.55804
1.33		-0.296205		-0.529559
1.34		-0.301501		-0.500531
1.35		-0.306506		-0.470984
1.36		-0.311216		-0.440946
1.37		-0.315625		-0.410447
1.38		-0.31973		-0.379516
1.39		-0.323525		-0.348182
1.4		-0.327007		-0.316477
1.41		-0.330171		-0.28443
1.42		-0.333016		-0.252073
1.43		-0.335536		-0.219438
1.44		-0.337731		-0.186555
1.45		-0.339596		-0.153458
1.46		-0.341131		-0.120177
1.47		-0.342333		-0.0867462
1.48		-0.3432		-0.0531976
1.49		-0.343732		-0.019564
1.5		-0.343928		0.0141218
1.51		-0.343787		0.0478267
1.52		-0.343308		0.0815178
1.53		-0.342493		0.115162
1.54		-0.341342		0.148726
1.55		-0.339854		0.182178
1.56		-0.338033		0.215484
1.57		-0.335878		0.248611
1.58		-0.333392		0.281527
1.59		-0.330576		0.314199
1.6		-0.327434		0.346596
1.61		-0.323968		0.378684
1.62		-0.320182		0.410433
1.63		-0.316077		0.441811
1.64		-0.311659		0.472786
1.65		-0.306931		0.503329
1.66		-0.301898		0.533408
1.67		-0.296564		0.562994
1.68		-0.290934		0.592057
1.69		-0.285013		0.620569
1.7		-0.278808		0.6485
1.71		-0.272323		0.675823
1.72		-0.265564		0.702511
1.73		-0.258539		0.728536
1.74		-0.251254		0.753873
1.75		-0.243715		0.778496
1.76		-0.23593		0.80238
1.77		-0.227906		0.825501
1.78		-0.219651		0.847836
1.79		-0.211173		0.869362
1.8		-0.202479		0.890057
1.81		-0.193579		0.9099
1.82		-0.18448		0.928871
1.83		-0.175191		0.94695
1.84		-0.165722		0.964118
1.85		-0.15608		0.980359
1.86		-0.146277		0.995655
1.87		-0.13632		1.00999
1.88		-0.12622		1.02335
1.89		-0.115987		1.03572
1.9		-0.10563		1.04709
1.91		-0.0951589		1.05744
1.92		-0.0845845		1.06676
1.93		-0.0739169		1.07505
1.94		-0.0631663		1.0823
1.95		-0.0523434		1.08849
1.96		-0.0414585		1.09362
1.97		-0.0305224		1.09768
1.98		-0.0195456		1.10067
1.99		-0.00853885		1.10259
2		0.002487		1.10342
2.01		0.0135212		1.10318
2.02		0.024553		1.10185
2.03		0.0355716		1.09945
2.04		0.046566		1.09596
2.05		0.0575257		1.0914
2.06		0.0684396		1.08576
2.07		0.0792972		1.07905
2.08		0.0900878		1.07128
2.09		0.100801		1.06245
2.1		0.111425		1.05258
2.11		0.121951		1.04166
2.12		0.132367		1.0297
2.13		0.142664		1.01673
2.14		0.152832		1.00275
2.15		0.162859		0.987774
2.16		0.172737		0.971814
2.17		0.182455		0.954885
2.18		0.192004		0.937005
2.19		0.201374		0.918188
2.2		0.210556		0.898454
2.21		0.219541		0.877819
2.22		0.228319		0.856304
2.23		0.236882		0.833929
2.24		0.245221		0.810715
2.25		0.253328		0.786683
2.26		0.261195		0.761857
2.27		0.268814		0.73626
2.28		0.276176		0.709916
2.29		0.283275		0.682851
2.3		0.290104		0.65509
2.31		0.296655		0.62666
2.32		0.302921		0.597587
2.33		0.308897		0.567901
2.34		0.314576		0.537629
2.35		0.319953		0.506801
2.36		0.325021		0.475445
2.37		0.329775		0.443593
2.38		0.334211		0.411275
2.39		0.338324		0.378523
2.4		0.342109		0.345367
2.41		0.345563		0.31184
2.42		0.348681		0.277975
2.43		0.351461		0.243804
2.44		0.353899		0.209361
2.45		0.355992		0.174679
2.46		0.357739		0.139792
2.47		0.359137		0.104734
2.48		0.360184		0.0695381
2.49		0.36088		0.03424
2.5		0.361222		-0.00112622
2.51		0.361211		-0.036526
2.52		0.360846		-0.0719247
2.53		0.360126		-0.107288
2.54		0.359054		-0.14258
2.55		0.357628		-0.177767
2.56		0.35585		-0.212815
2.57		0.353722		-0.247688
2.58		0.351245		-0.282353
2.59		0.348422		-0.316775
2.6		0.345254		-0.35092
2.61		0.341745		-0.384755
2.62		0.337897		-0.418246
2.63		0.333715		-0.45136
2.64		0.329201		-0.484064
2.65		0.32436		-0.516326
2.66		0.319197		-0.548113
2.67		0.313716		-0.579394
2.68		0.307922		-0.610138
2.69		0.301821		-0.640315
2.7		0.295418		-0.669893
2.71		0.288719		-0.698844
2.72		0.28173		-0.727139
2.73		0.274459		-0.754748
2.74		0.266911		-0.781645
2.75		0.259095		-0.807802
2.76		0.251017		-0.833194
2.77		0.242685		-0.857793
2.78		0.234107		-0.881576
2.79		0.225291		-0.904519
2.8		0.216246		-0.926597
2.81		0.20698		-0.94779
2.82		0.197502		-0.968074
2.83		0.187821		-0.987429
2.84		0.177947		-1.00584
2.85		0.167889		-1.02327
2.86		0.157656		-1.03973
2.87		0.147259		-1.05518
2.88		0.136707		-1.06961
2.89		0.126011		-1.08301
2.9		0.115181		-1.09536
2.91		0.104227		-1.10664
2.92		0.0931608		-1.11686
2.93		0.0819922		-1.12599
2.94		0.0707324		-1.13402
2.95		0.0593921		-1.14095
2.96		0.0479826		-1.14677
2.97		0.0365149		-1.15148
2.98		0.0250001		-1.15506
2.99		0.0134495		-1.15751
3		0.0018745		-1.15882
3.01		-0.00971373		-1.15901
3.02		-0.0213038		-1.15805
3.03		-0.0328844		-1.15597
3.04		-0.044444		-1.15274
3.05		-0.0559715		-1.14839
3.06		-0.0674554		-1.1429
3.07		-0.0788844		-1.13629
3.08		-0.0902473		-1.12856
3.09		-0.101533		-1.11972
3.1		-0.11273		-1.10977
3.11		-0.123828		-1.09872
3.12		-0.134815		-1.08659
3.13		-0.145681		-1.07337
3.14		-0.156415		-1.0591
3.15		-0.167006		-1.04377
3.16		-0.177443		-1.0274
3.17		-0.187717		-1.01001
3.18		-0.197817		-0.991616
3.19		-0.207734		-0.97223
3.2		-0.217456		-0.951872
3.21		-0.226975		-0.930561
3.22		-0.23628		-0.908318
3.23		-0.245363		-0.885162
3.24		-0.254215		-0.861117
3.25		-0.262826		-0.836203
3.26		-0.271188		-0.810447
3.27		-0.279293		-0.78387
3.28		-0.287131		-0.756499
3.29		-0.294696		-0.728361
3.3		-0.30198		-0.69948
3.31		-0.308975		-0.669886
3.32		-0.315674		-0.639607
3.33		-0.32207		-0.608671
3.34		-0.328156		-0.577108
3.35		-0.333927		-0.544949
3.36		-0.339377		-0.512224
3.37		-0.344499		-0.478965
3.38		-0.349289		-0.445204
3.39		-0.353741		-0.410974
3.4		-0.357851		-0.376307
3.41		-0.361614		-0.341238
3.42		-0.365026		-0.305799
3.43		-0.368084		-0.270027
3.44		-0.370784		-0.233955
3.45		-0.373124		-0.197618
3.46		-0.3751		-0.161052
3.47		-0.376711		-0.124292
3.48		-0.377953		-0.0873742
3.49		-0.378827		-0.0503348
3.5		-0.379331		-0.0132097
3.51		-0.379463		0.0239647
3.52		-0.379223		0.061152
3.53		-0.378611		0.0983159
3.54		-0.377628		0.13542
3.55		-0.376274		0.172427
3.56		-0.37455		0.209302
3.57		-0.372457		0.246008
3.58		-0.369997		0.282509
3.59		-0.367172		0.318769
3.6		-0.363984		0.354751
3.61		-0.360436		0.390422
3.62		-0.356532		0.425745
3.63		-0.352275		0.460685
3.64		-0.347668		0.495208
3.65		-0.342716		0.529279
3.66		-0.337423		0.562865
3.67		-0.331794		0.595933
3.68		-0.325835		0.628449
3.69		-0.319551		0.66038
3.7		-0.312947		0.691696
3.71		-0.30603		0.722365
3.72		-0.298806		0.752356
3.73		-0.291283		0.781639
3.74		-0.283466		0.810185
3.75		-0.275364		0.837965
3.76		-0.266985		0.86495
3.77		-0.258335		0.891115
3.78		-0.249424		0.916432
3.79		-0.24026		0.940875
3.8		-0.230851		0.964421
3.81		-0.221207		0.987044
3.82		-0.211336		1.00872
3.83		-0.201249		1.02943
3.84		-0.190955		1.04916
3.85		-0.180463		1.06787
3.86		-0.169785		1.08555
3.87		-0.158929		1.10219
3.88		-0.147907		1.11777
3.89		-0.136729		1.13226
3.9		-0.125407		1.14566
3.91		-0.11395		1.15795
3.92		-0.102371		1.16912
3.93		-0.0906794		1.17915
3.94		-0.0788879		1.18804
3.95		-0.0670075		1.19577
3.96		-0.0550498		1.20234
3.97		-0.0430264		1.20773
3.98		-0.0309491		1.21195
3.99		-0.0188296		1.21498
4		-0.00667983		1.21683
4.01		0.00548843		1.21748
4.02		0.0176632		1.21694
4.03		0.0298327		1.21521
4.04		0.0419848		1.21229
4.05		0.0541077		1.20817
4.06		0.0661894		1.20287
4.07		0.0782181		1.19638
4.08		0.090182		1.18872
4.09		0.102069		1.17988
4.1		0.113868		1.16988
4.11		0.125567		1.15872
4.12		0.137154		1.14641
4.13		0.148618		1.13297
4.14		0.159948		1.11841
4.15		0.171132		1.10273
4.16		0.182159		1.08596
4.17		0.193019		1.06811
4.18		0.2037		1.0492
4.19		0.214192		1.02923
4.2		0.224484		1.00824
4.21		0.234567		0.986242
4.22		0.244429		0.963255
4.23		0.254062		0.939301
4.24		0.263455		0.914403
4.25		0.272599		0.888584
4.26		0.281485		0.86187
4.27		0.290103		0.834284
4.28		0.298446		0.805854
4.29		0.306505		0.776606
4.3		0.314271		0.746569
4.31		0.321736		0.71577
4.32		0.328894		0.68424
4.33		0.335737		0.652008
4.34		0.342257		0.619106
4.35		0.348448		0.585565
4.36		0.354303		0.551417
4.37		0.359817		0.516696
4.38		0.364984		0.481433
4.39		0.369799		0.445665
4.4		0.374255		0.409425
4.41		0.37835		0.372748
4.42		0.382077		0.335669
4.43		0.385434		0.298226
4.44		0.388416		0.260453
4.45		0.391021		0.222389
4.46		0.393245		0.184069
4.47		0.395085		0.145531
4.48		0.396541		0.106812
4.49		0.397609		0.0679512
4.5		0.398288		0.0289856
4.51		0.398578		-0.0100466
4.52		0.398478		-0.0491073
4.53		0.397986		-0.0881581
4.54		0.397105		-0.127161
4.55		0.395833		-0.166077
4.56		0.394173		-0.204869
4.57		0.392124		-0.243498
4.58		0.389689		-0.281926
4.59		0.38687		-0.320115
4.6		0.383668		-0.358028
4.61		0.380088		-0.395628
4.62		0.376132		-0.432877
4.63		0.371803		-0.469738
4.64		0.367106		-0.506174
4.65		0.362044		-0.542151
4.66		0.356622		-0.577631
4.67		0.350846		-0.61258
4.68		0.34472		-0.646963
4.69		0.338251		-0.680745
4.7		0.331443		-0.713894
4.71		0.324304		-0.746375
4.72		0.316841		-0.778157
4.73		0.309059		-0.809208
4.74		0.300967		-0.839495
4.75		0.292572		-0.86899
4.76		0.283882		-0.897662
4.77		0.274905		-0.925483
4.78		0.265651		-0.952423
4.79		0.256126		-0.978457
4.8		0.246342		-1.00356
4.81		0.236306		-1.0277
4.82		0.226029		-1.05086
4.83		0.215521		-1.07301
4.84		0.204791		-1.09413
4.85		0.193849		-1.1142
4.86		0.182707		-1.1332
4.87		0.171375		-1.1511
4.88		0.159864		-1.1679
4.89		0.148185		-1.18356
4.9		0.13635		-1.19808
4.91		0.124369		-1.21145
4.92		0.112254		-1.22364
4.93		0.100018		-1.23464
4.94		0.0876718		-1.24444
4.95		0.0752274		-1.25303
4.96		0.0626971		-1.2604
4.97		0.0500931		-1.26655
4.98		0.0374276		-1.27146
4.99		0.024713		-1.27512
5		0.0119618		-1.27755
5.01		-0.000813635		-1.27872
5.02		-0.0136008		-1.27864
5.03		-0.0263872		-1.2773
5.04		-0.0391602		-1.27472
5.05		-0.0519074		-1.27088
5.06		-0.0646162		-1.26579
5.07		-0.0772742		-1.25946
5.08		-0.0898688		-1.25189
5.09		-0.102388		-1.24308
5.1		-0.114819		-1.23305
5.11		-0.127149		-1.2218
5.12		-0.139367		-1.20934
5.13		-0.15146		-1.19568
5.14		-0.163417		-1.18083
5.15		-0.175225		-1.16482
5.16		-0.186874		-1.14765
5.17		-0.19835		-1.12933
5.18		-0.209643		-1.1099
5.19		-0.220742		-1.08935
5.2		-0.231636		-1.06772
5.21		-0.242313		-1.04502
5.22		-0.252763		-1.02127
5.23		-0.262976		-0.996499
5.24		-0.272941		-0.970728
5.25		-0.282648		-0.94398
5.26		-0.292088		-0.91628
5.27		-0.301251		-0.887656
5.28		-0.310127		-0.858133
5.29		-0.318709		-0.82774
5.3		-0.326986		-0.796507
5.31		-0.334951		-0.764462
5.32		-0.342596		-0.731637
5.33		-0.349912		-0.698063
5.34		-0.356893		-0.663771
5.35		-0.36353		-0.628796
5.36		-0.369818		-0.59317
5.37		-0.37575		-0.556928
5.38		-0.381319		-0.520104
5.39		-0.38652		-0.482735
5.4		-0.391348		-0.444856
5.41		-0.395796		-0.406504
5.42		-0.399861		-0.367716
5.43		-0.403539		-0.328529
5.44		-0.406824		-0.288983
5.45		-0.409714		-0.249114
5.46		-0.412205		-0.208962
5.47		-0.414294		-0.168566
5.48		-0.41598		-0.127965
5.49		-0.41726		-0.0871989
5.5		-0.418132		-0.0463075
5.51		-0.418595		-0.00533059
5.52		-0.418648		0.0356917
5.53		-0.418291		0.0767192
5.54		-0.417524		0.117712
5.55		-0.416347		0.158629
5.56		-0.414761		0.199431
5.57		-0.412766		0.240078
5.58		-0.410365		0.280529
5.59		-0.40756		0.320745
5.6		-0.404353		0.360685
5.61		-0.400746		0.400312
5.62		-0.396743		0.439585
5.63		-0.392347		0.478466
5.64		-0.387562		0.516916
5.65		-0.382393		0.554897
5.66		-0.376844		0.592372
5.67		-0.37092		0.629302
5.68		-0.364627		0.665652
5.69		-0.357971		0.701386
5.7		-0.350957		0.736467
5.71		-0.343592		0.770861
5.72		-0.335884		0.804533
5.73		-0.327838		0.83745
5.74		-0.319464		0.869578
5.75		-0.310768		0.900885
5.76		-0.301759		0.93134
5.77		-0.292446		0.960913
5.78		-0.282837		0.989573
5.79		-0.272941		1.01729
5.8		-0.262768		1.04404
5.81		-0.252328		1.06979
5.82		-0.24163		1.09452
5.83		-0.230685		1.1182
5.84		-0.219503		1.1408
5.85		-0.208095		1.16232
5.86		-0.196471		1.18271
5.87		-0.184644		1.20196
5.88		-0.172625		1.22006
5.89		-0.160424		1.23698
5.9		-0.148054		1.2527
5.91		-0.135527		1.26721
5.92		-0.122855		1.28049
5.93		-0.11005		1.29253
5.94		-0.0971252		1.30331
5.95		-0.084092		1.31283
5.96		-0.0709637		1.32107
5.97		-0.057753		1.32803
5.98		-0.0444727		1.33369
5.99		-0.0311358		1.33805
6		-0.0177554		1.3411
6.01		-0.00434442		1.34284
6.02		0.00908394		1.34326
6.03		0.0225166		1.34237
6.04		0.0359403		1.34017
6.05		0.0493419		1.33664
6.06		0.0627084		1.33181
6.07		0.0760265		1.32566
6.08		0.0892831		1.31821
6.09		0.102465		1.30946
6.1		0.11556		1.29942
6.11		0.128554		1.2881
6.12		0.141435		1.2755
6.13		0.15419		1.26164
6.14		0.166806		1.24653
6.15		0.179272		1.23018
6.16		0.191573		1.21261
6.17		0.203699		1.19384
6.18		0.215638		1.17387
6.19		0.227377		1.15274
6.2		0.238904		1.13046
6.21		0.250209		1.10705
6.22		0.261279		1.08253
6.23		0.272104		1.05692
6.24		0.282673		1.03025
6.25		0.292976		1.00255
6.26		0.303002		0.97384
6.27		0.31274		0.944146
6.28		0.322181		0.913497
6.29		0.331316		0.881924
6.3		0.340136		0.849455
6.31		0.34863		0.816121
6.32		0.356791		0.781956
6.33		0.364611		0.74699
6.34		0.372081		0.711258
6.35		0.379193		0.674794
6.36		0.385941		0.637633
6.37		0.392318		0.599811
6.38		0.398316		0.561364
6.39		0.403929		0.522329
6.4		0.409153		0.482744
6.41		0.41398		0.442647
6.42		0.418407		0.402077
6.43		0.422427		0.361073
6.44		0.426038		0.319675
6.45		0.429235		0.277923
6.46		0.432014		0.235858
6.47		0.434373		0.193521
6.48		0.436308		0.150952
6.49		0.437817		0.108194
6.5		0.438899		0.0652882
6.51		0.439552		0.022276
6.52		0.439775		-0.0208001
6.53		0.439567		-0.063898
6.54		0.438928		-0.106976
6.55		0.437858		-0.149991
6.56		0.436358		-0.192901
6.57		0.434429		-0.235664
6.58		0.432073		-0.278238
6.59		0.42929		-0.320581
6.6		0.426085		-0.362651
6.61		0.422458		-0.404408
6.62		0.418414		-0.445809
6.63		0.413956		-0.486813
6.64		0.409088		-0.527381
6.65		0.403814		-0.567471
6.66		0.398139		-0.607045
6.67		0.392069		-0.646063
6.68		0.385608		-0.684486
6.69		0.378763		-0.722275
6.7		0.371541		-0.759394
6.71		0.363947		-0.795805
6.72		0.355989		-0.831472
6.73		0.347674		-0.866359
6.74		0.33901		-0.900431
6.75		0.330006		-0.933654
6.76		0.320669		-0.965994
6.77		0.311009		-0.99742
6.78		0.301035		-1.0279
6.79		0.290756		-1.0574
6.8		0.280182		-1.08589
6.81		0.269323		-1.11335
6.82		0.25819		-1.13975
6.83		0.246792		-1.16505
6.84		0.235142		-1.18923
6.85		0.22325		-1.21228
6.86		0.211127		-1.23416
6.87		0.198785		-1.25485
6.88		0.186237		-1.27433
6.89		0.173493		-1.29258
6.9		0.160568		-1.30958
6.91		0.147472		-1.32532
6.92		0.134219		-1.33977
6.93		0.120821		-1.35292
6.94		0.107292		-1.36476
6.95		0.0936441		-1.37528
6.96		0.0798913		-1.38445
6.97		0.0660468		-1.39228
6.98		0.0521239		-1.39876
6.99		0.0381364		-1.40386
7		0.0240977		-1.4076
7.01		0.0100217		-1.40996
7.02		-0.00407796		-1.41095
7.03		-0.0181874		-1.41055
7.04		-0.0322929		-1.40876
7.05		-0.0463805		-1.4056
7.06		-0.0604365		-1.40105
7.07		-0.0744471		-1.39513
7.08		-0.0883984		-1.38784
7.09		-0.102277		-1.37917
7.1		-0.116068		-1.36915
7.11		-0.12976		-1.35777
7.12		-0.143338		-1.34506
7.13		-0.156788		-1.33101
7.14		-0.170098		-1.31565
7.15		-0.183255		-1.29898
7.16		-0.196245		-1.28102
7.17		-0.209055		-1.26179
7.18		-0.221673		-1.2413
7.19		-0.234086		-1.21957
7.2		-0.246281		-1.19663
7.21		-0.258248		-1.1725
7.22		-0.269973		-1.14719
7.23		-0.281445		-1.12073
7.24		-0.292652		-1.09315
7.25		-0.303583		-1.06447
7.26		-0.314228		-1.03472
7.27		-0.324575		-1.00393
7.28		-0.334615		-0.972117
7.29		-0.344336		-0.939325
7.3		-0.353729		-0.90558
7.31		-0.362785		-0.870914
7.32		-0.371494		-0.835361
7.33		-0.379848		-0.798955
7.34		-0.387837		-0.76173
7.35		-0.395454		-0.723722
7.36		-0.402692		-0.684967
7.37		-0.409541		-0.645504
7.38		-0.415996		-0.605369
7.39		-0.42205		-0.564601
7.4		-0.427696		-0.52324
7.41		-0.432928		-0.481326
7.42		-0.437742		-0.438899
7.43		-0.442131		-0.396
7.44		-0.446091		-0.352671
7.45		-0.449617		-0.308955
7.46		-0.452707		-0.264892
7.47		-0.455356		-0.220527
7.48		-0.457561		-0.175902
7.49		-0.45932		-0.131061
7.5		-0.460631		-0.0860476
7.51		-0.461491		-0.0409058
7.52		-0.4619		0.00432037
7.53		-0.461857		0.0495866
7.54		-0.461361		0.0948486
7.55		-0.460413		0.140062
7.56		-0.459012		0.185182
7.57		-0.45716		0.230166
7.58		-0.454859		0.274967
7.59		-0.452109		0.319543
7.6		-0.448913		0.36385
7.61		-0.445275		0.407844
7.62		-0.441197		0.451481
7.63		-0.436682		0.494718
7.64		-0.431735		0.537513
7.65		-0.426359		0.579823
7.66		-0.420561		0.621606
7.67		-0.414345		0.662821
7.68		-0.407717		0.703427
7.69		-0.400683		0.743383
7.7		-0.393249		0.78265
7.71		-0.385422		0.821188
7.72		-0.37721		0.85896
7.73		-0.368621		0.895926
7.74		-0.359662		0.932051
7.75		-0.350341		0.967298
7.76		-0.340668		1.00163
7.77		-0.330652		1.03502
7.78		-0.320302		1.06742
7.79		-0.309627		1.09881
7.8		-0.298639		1.12915
7.81		-0.287348		1.15842
7.82		-0.275764		1.18658
7.83		-0.263898		1.21361
7.84		-0.251762		1.23947
7.85		-0.239367		1.26414
7.86		-0.226726		1.2876
7.87		-0.21385		1.30982
7.88		-0.200751		1.33077
7.89		-0.187444		1.35045
7.9		-0.173939		1.36882
7.91		-0.160251		1.38586
7.92		-0.146392		1.40157
7.93		-0.132377		1.41591
7.94		-0.118218		1.42889
7.95		-0.103929		1.44047
7.96		-0.089524		1.45066
7.97		-0.0750175		1.45943
7.98		-0.0604231		1.46678
7.99		-0.0457553		1.4727
8		-0.0310283		1.47719
8.01		-0.0162564		1.48023
8.02		-0.00145409		1.48182
8.03		0.0133641		1.48196
8.04		0.0281838		1.48066
8.05		0.0429903		1.47789
8.06		0.0577693		1.47368
8.07		0.0725061		1.46802
8.08		0.0871862		1.46091
8.09		0.101795		1.45237
8.1		0.116319		1.44239
8.11		0.130743		1.43099
8.12		0.145053		1.41818
8.13		0.159235		1.40397
8.14		0.173274		1.38836
8.15		0.187158		1.37138
8.16		0.200872		1.35304
8.17		0.214402		1.33335
8.18		0.227736		1.31234
8.19		0.240859		1.29002
8.2		0.253759		1.26642
8.21		0.266424		1.24155
8.22		0.278839		1.21544
8.23		0.290993		1.18811
8.24		0.302875		1.1596
8.25		0.314471		1.12992
8.26		0.32577		1.0991
8.27		0.336761		1.06717
8.28		0.347432		1.03417
8.29		0.357774		1.00012
8.3		0.367775		0.96506
8.31		0.377426		0.929018
8.32		0.386716		0.89203
8.33		0.395636		0.854132
8.34		0.404178		0.815359
8.35		0.412331		0.77575
8.36		0.420089		0.735341
8.37		0.427442		0.694173
8.38		0.434384		0.652283
8.39		0.440907		0.609714
8.4		0.447004		0.566505
8.41		0.452669		0.522698
8.42		0.457896		0.478337
8.43		0.462679		0.433463
8.44		0.467014		0.38812
8.45		0.470895		0.342353
8.46		0.474319		0.296205
8.47		0.477281		0.249722
8.48		0.479778		0.202949
8.49		0.481807		0.15593
8.5		0.483367		0.108713
8.51		0.484454		0.0613433
8.52		0.485067		0.0138668
8.53		0.485206		-0.0336698
8.54		0.484869		-0.08122
8.55		0.484057		-0.128737
8.56		0.48277		-0.176175
8.57		0.481008		-0.223486
8.58		0.478773		-0.270625
8.59		0.476067		-0.317545
8.6		0.472891		-0.364199
8.61		0.469249		-0.410543
8.62		0.465144		-0.456529
8.63		0.460579		-0.502113
8.64		0.455558		-0.54725
8.65		0.450085		-0.591895
8.66		0.444166		-0.636003
8.67		0.437806		-0.679531
8.68		0.431011		-0.722436
8.69		0.423786		-0.764675
8.7		0.41614		-0.806206
8.71		0.408078		-0.846988
8.72		0.399608		-0.88698
8.73		0.390738		-0.926141
8.74		0.381477		-0.964433
8.75		0.371832		-1.00182
8.76		0.361814		-1.03826
8.77		0.351431		-1.07372
8.78		0.340694		-1.10816
8.79		0.329613		-1.14154
8.8		0.318197		-1.17385
8.81		0.306459		-1.20503
8.82		0.294409		-1.23506
8.83		0.282058		-1.26391
8.84		0.269419		-1.29156
8.85		0.256503		-1.31796
8.86		0.243324		-1.3431
8.87		0.229893		-1.36694
8.88		0.216223		-1.38947
8.89		0.202329		-1.41066
8.9		0.188222		-1.43049
8.91		0.173917		-1.44894
8.92		0.159428		-1.46598
8.93		0.144768		-1.4816
8.94		0.129952		-1.49579
8.95		0.114994		-1.50853
8.96		0.0999087		-1.51979
8.97		0.0847107		-1.52959
8.98		0.0694149		-1.53789
8.99		0.054036		-1.54469
9		0.0385891		-1.54999
9.01		0.0230892		-1.55377
9.02		0.00755156		-1.55603
9.03		-0.00800874		-1.55677
9.04		-0.0235764		-1.55599
9.05		-0.0391363		-1.55368
9.06		-0.0546731		-1.54984
9.07		-0.0701714		-1.54448
9.08		-0.0856163		-1.5376
9.09		-0.100992		-1.52921
9.1		-0.116284		-1.51932
9.11		-0.131478		-1.50792
9.12		-0.146557		-1.49504
9.13		-0.161507		-1.48067
9.14		-0.176314		-1.46485
9.15		-0.190962		-1.44757
9.16		-0.205438		-1.42885
9.17		-0.219727		-1.40872
9.18		-0.233814		-1.38719
9.19		-0.247686		-1.36427
9.2		-0.261328		-1.34
9.21		-0.274728		-1.31439
9.22		-0.287872		-1.28747
9.23		-0.300747		-1.25926
9.24		-0.31334		-1.22978
9.25		-0.325637		-1.19907
9.26		-0.337628		-1.16716
9.27		-0.3493		-1.13407
9.28		-0.36064		-1.09984
9.29		-0.371639		-1.0645
9.3		-0.382284		-1.02808
9.31		-0.392565		-0.990616
9.32		-0.402471		-0.952145
9.33		-0.411992		-0.912703
9.34		-0.421119		-0.872327
9.35		-0.429843		-0.831058
9.36		-0.438153		-0.788933
9.37		-0.446043		-0.745994
9.38		-0.453502		-0.702282
9.39		-0.460525		-0.657839
9.4		-0.467104		-0.612707
9.41		-0.473231		-0.566931
9.42		-0.4789		-0.520554
9.43		-0.484106		-0.473622
9.44		-0.488842		-0.42618
9.45		-0.493104		-0.378273
9.46		-0.496886		-0.329949
9.47		-0.500186		-0.281254
9.48		-0.502998		-0.232236
9.49		-0.505321		-0.182942
9.5		-0.50715		-0.133421
9.51		-0.508484		-0.0837201
9.52		-0.509322		-0.0338886
9.53		-0.50966		0.0160249
9.54		-0.5095		0.0659717
9.55		-0.50884		0.115903
9.56		-0.507681		0.165769
9.57		-0.506024		0.215522
9.58		-0.503869		0.265112
9.59		-0.501217		0.314491
9.6		-0.498073		0.363611
9.61		-0.494436		0.412422
9.62		-0.490312		0.460876
9.63		-0.485703		0.508927
9.64		-0.480614		0.556526
9.65		-0.475049		0.603626
9.66		-0.469013		0.650181
9.67		-0.462511		0.696144
9.68		-0.455549		0.74147
9.69		-0.448135		0.786114
9.7		-0.440274		0.830031
9.71		-0.431973		0.873178
9.72		-0.423241		0.915512
9.73		-0.414086		0.956989
9.74		-0.404516		0.99757
9.75		-0.394541		1.03721
9.76		-0.384169		1.07588
9.77		-0.37341		1.11353
9.78		-0.362275		1.15012
9.79		-0.350773		1.18562
9.8		-0.338917		1.22
9.81		-0.326717		1.25321
9.82		-0.314185		1.28523
9.83		-0.301333		1.31602
9.84		-0.288173		1.34555
9.85		-0.274717		1.37379
9.86		-0.260979		1.40071
9.87		-0.246972		1.42629
9.88		-0.232709		1.45049
9.89		-0.218204		1.4733
9.9		-0.203471		1.49468
9.91		-0.188524		1.51462
9.92		-0.173378		1.5331
9.93		-0.158047		1.55009
9.94		-0.142546		1.56558
9.95		-0.12689		1.57955
9.96		-0.111095		1.59198
9.97		-0.0951751		1.60287
9.98		-0.0791463		1.6122
9.99		-0.0630244		1.61995
10		-0.0468248		1.62613
10.01		-0.0305635		1.63072
10.02		-0.0142563		1.63371
10.03		0.00208082		1.63511
10.04		0.0184319		1.63491
10.05		0.034781		1.6331
10.06		0.051112		1.62969
10.07		0.067409		1.62468
10.08		0.0836558		1.61808
10.09		0.0998366		1.60988
10.1		0.115935		1.6001
10.11		0.131936		1.58873
10.12		0.147824		1.5758
10.13		0.163582		1.56132
10.14		0.179195		1.54529
10.15		0.194648		1.52773
10.16		0.209925		1.50865
10.17		0.225012		1.48808
10.18		0.239892		1.46603
10.19		0.254553		1.44252
10.2		0.268978		1.41757
10.21		0.283153		1.39121
10.22		0.297066		1.36346
10.23		0.3107		1.33435
10.24		0.324044		1.3039
10.25		0.337083		1.27214
10.26		0.349804		1.23911
10.27		0.362195		1.20483
10.28		0.374243		1.16933
10.29		0.385937		1.13266
10.3		0.397263		1.09484
10.31		0.408212		1.0559
10.32		0.418771		1.0159
10.33		0.42893		0.974861
10.34		0.438678		0.932825
10.35		0.448007		0.889835
10.36		0.456905		0.84593
10.37		0.465364		0.801154
10.38		0.473376		0.755548
10.39		0.480931		0.709157
10.4		0.488023		0.662026
10.41		0.494643		0.6142
10.42		0.500785		0.565725
10.43		0.506442		0.516648
10.44		0.511609		0.467016
10.45		0.516279		0.416879
10.46		0.520448		0.366283
10.47		0.524111		0.315279
10.48		0.527263		0.263916
10.49		0.529903		0.212245
10.5		0.532025		0.160314
10.51		0.533628		0.108176
10.52		0.53471		0.0558802
10.53		0.535269		0.0034786
10.54		0.535304		-0.0489777
10.55		0.534814		-0.101437
10.56		0.533799		-0.153849
10.57		0.532261		-0.206162
10.58		0.530199		-0.258323
10.59		0.527616		-0.310283
10.6		0.524513		-0.361989
10.61		0.520893		-0.413391
10.62		0.516759		-0.464439
10.63		0.512115		-0.515081
10.64		0.506964		-0.565269
10.65		0.501312		-0.614951
10.66		0.495162		-0.66408
10.67		0.488521		-0.712606
10.68		0.481395		-0.760481
10.69		0.47379		-0.807657
10.7		0.465714		-0.854089
10.71		0.457173		-0.899729
10.72		0.448176		-0.944532
10.73		0.43873		-0.988453
10.74		0.428846		-1.03145
10.75		0.418531		-1.07348
10.76		0.407797		-1.11449
10.77		0.396652		-1.15446
10.78		0.385107		-1.19333
10.79		0.373174		-1.23107
10.8		0.360863		-1.26764
10.81		0.348187		-1.303
10.82		0.335157		-1.33713
10.83		0.321785		-1.36997
10.84		0.308086		-1.40151
10.85		0.294071		-1.4317
10.86		0.279754		-1.46052
10.87		0.265149		-1.48793
10.88		0.250269		-1.51392
10.89		0.23513		-1.53844
10.9		0.219746		-1.56149
10.91		0.204131		-1.58302
10.92		0.1883		-1.60303
10.93		0.17227		-1.62148
10.94		0.156055		-1.63836
10.95		0.139672		-1.65366
10.96		0.123135		-1.66734
10.97		0.106462		-1.67941
10.98		0.0896677		-1.68984
10.99		0.0727692		-1.69863
11		0.0557829		-1.70576
11.01		0.0387253		-1.71123
11.02		0.021613		-1.71503
11.03		0.00446271		-1.71714
11.04		-0.0127087		-1.71758
11.05		-0.0298845		-1.71634
11.06		-0.0470479		-1.71341
11.07		-0.0641819		-1.7088
11.08		-0.0812699		-1.70251
11.09		-0.098295		-1.69454
11.1		-0.11524		-1.68491
11.11		-0.132089		-1.67362
11.12		-0.148826		-1.66067
11.13		-0.165432		-1.64609
11.14		-0.181893		-1.62987
11.15		-0.198192		-1.61205
11.16		-0.214312		-1.59262
11.17		-0.230239		-1.57162
11.18		-0.245955		-1.54906
11.19		-0.261445		-1.52496
11.2		-0.276695		-1.49933
11.21		-0.291688		-1.47222
11.22		-0.30641		-1.44363
11.23		-0.320847		-1.4136
11.24		-0.334983		-1.38216
11.25		-0.348804		-1.34933
11.26		-0.362298		-1.31515
11.27		-0.375449		-1.27964
11.28		-0.388246		-1.24285
11.29		-0.400674		-1.2048
11.3		-0.412722		-1.16554
11.31		-0.424378		-1.12509
11.32		-0.435628		-1.0835
11.33		-0.446463		-1.04081
11.34		-0.456872		-0.997055
11.35		-0.466842		-0.952282
11.36		-0.476365		-0.906531
11.37		-0.48543		-0.859848
11.38		-0.494029		-0.812275
11.39		-0.502151		-0.763861
11.4		-0.50979		-0.71465
11.41		-0.516937		-0.66469
11.42		-0.523584		-0.614031
11.43		-0.529724		-0.562719
11.44		-0.535351		-0.510806
11.45		-0.540459		-0.458342
11.46		-0.545042		-0.405377
11.47		-0.549096		-0.351963
11.48		-0.552616		-0.298151
11.49		-0.555597		-0.243995
11.5		-0.558037		-0.189547
11.51		-0.559933		-0.134859
11.52		-0.561281		-0.0799855
11.53		-0.562081		-0.0249799
11.54		-0.562331		0.030104
11.55		-0.56203		0.0852125
11.56		-0.561178		0.140291
11.57		-0.559775		0.195287
11.58		-0.557822		0.250145
11.59		-0.555321		0.304811
11.6		-0.552273		0.359233
11.61		-0.54868		0.413356
11.62		-0.544547		0.467126
11.63		-0.539875		0.520492
11.64		-0.53467		0.5734
11.65		-0.528936		0.625797
11.66		-0.522679		0.677633
11.67		-0.515902		0.728856
11.68		-0.508614		0.779414
11.69		-0.500819		0.829258
11.7		-0.492527		0.878338
11.71		-0.483744		0.926606
11.72		-0.474477		0.974013
11.73		-0.464737		1.02051
11.74		-0.454532		1.06606
11.75		-0.443872		1.1106
11.76		-0.432766		1.1541
11.77		-0.421225		1.19651
11.78		-0.40926		1.23779
11.79		-0.396882		1.2779
11.8		-0.384103		1.31679
11.81		-0.370935		1.35443
11.82		-0.35739		1.39079
11.83		-0.343483		1.42581
11.84		-0.329224		1.45947
11.85		-0.31463		1.49174
11.86		-0.299712		1.52257
11.87		-0.284487		1.55194
11.88		-0.268967		1.57982
11.89		-0.253169		1.60618
11.9		-0.237107		1.63099
11.91		-0.220797		1.65423
11.92		-0.204255		1.67586
11.93		-0.187496		1.69588
11.94		-0.170538		1.71426
11.95		-0.153395		1.73097
11.96		-0.136085		1.746
11.97		-0.118625		1.75934
11.98		-0.101032		1.77096
11.99		-0.0833223		1.78086
12		-0.0655137		1.78903
12.01		-0.0476234		1.79545
12.02		-0.0296689		1.80012
12.03		-0.0116677		1.80303
12.04		0.00636255		1.80417
12.05		0.0244042		1.80355
12.06		0.0424397		1.80115
12.07		0.0604512		1.79699
12.08		0.0784212		1.79107
12.09		0.0963319		1.78338
12.1		0.114166		1.77394
12.11		0.131905		1.76276
12.12		0.149533		1.74983
12.13		0.167031		1.73518
12.14		0.184383		1.71881
12.15		0.201571		1.70074
12.16		0.218578		1.68098
12.17		0.235388		1.65956
12.18		0.251984		1.63649
12.19		0.268349		1.6118
12.2		0.284467		1.5855
12.21		0.300322		1.55762
12.22		0.315898		1.52819
12.23		0.33118		1.49723
12.24		0.346152		1.46478
12.25		0.3608		1.43086
12.26		0.375108		1.3955
12.27		0.389063		1.35874
12.28		0.402651		1.32061
12.29		0.415857		1.28115
12.3		0.428668		1.24039
12.31		0.441072		1.19839
12.32		0.453056		1.15516
12.33		0.464608		1.11076
12.34		0.475715		1.06523
12.35		0.486368		1.01861
12.36		0.496554		0.970945
12.37		0.506263		0.922283
12.38		0.515486		0.872669
12.39		0.524213		0.822151
12.4		0.532434		0.770778
12.41		0.540142		0.7186
12.42		0.547328		0.665666
12.43		0.553985		0.612028
12.44		0.560105		0.557737
12.45		0.565682		0.502847
12.46		0.570711		0.44741
12.47		0.575185		0.391481
12.48		0.5791		0.335112
12.49		0.582451		0.278361
12.5		0.585234		0.22128
12.51		0.587447		0.163927
12.52		0.589087		0.106358
12.53		0.59015		0.0486272
12.54		0.590636		-0.00920755
12.55		0.590544		-0.0670899
12.56		0.589873		-0.124963
12.57		0.588624		-0.182771
12.58		0.586796		-0.240456
12.59		0.584391		-0.297962
12.6		0.581412		-0.355232
12.61		0.57786		-0.412211
12.62		0.573737		-0.468841
12.63		0.569049		-0.525067
12.64		0.563798		-0.580834
12.65		0.55799		-0.636086
12.66		0.551629		-0.690769
12.67		0.544721		-0.744829
12.68		0.537273		-0.798212
12.69		0.529291		-0.850864
12.7		0.520782		-0.902735
12.71		0.511755		-0.953772
12.72		0.502217		-1.00392
12.73		0.492178		-1.05314
12.74		0.481647		-1.10137
12.75		0.470633		-1.14858
12.76		0.459147		-1.1947
12.77		0.4472		-1.23969
12.78		0.434803		-1.28352
12.79		0.421968		-1.32613
12.8		0.408707		-1.36748
12.81		0.395032		-1.40754
12.82		0.380957		-1.44625
12.83		0.366494		-1.48358
12.84		0.351658		-1.5195
12.85		0.336463		-1.55396
12.86		0.320924		-1.58694
12.87		0.305054		-1.61839
12.88		0.28887		-1.64828
12.89		0.272388		-1.67659
12.9		0.255622		-1.70329
12.91		0.238589		-1.72834
12.92		0.221305		-1.75172
12.93		0.203788		-1.77341
12.94		0.186054		-1.79338
12.95		0.16812		-1.81161
12.96		0.150004		-1.82809
12.97		0.131723		-1.84279
12.98		0.113296		-1.8557
12.99		0.0947387		-1.8668
13		0.0760707		-1.87608
13.01		0.0573099		-1.88354
13.02		0.0384745		-1.88915
13.03		0.019583		-1.89292
13.04		0.000653713		-1.89484
13.05		-0.0182947		-1.89491
13.06		-0.0372438		-1.89311
13.07		-0.0561749		-1.88946
13.08		-0.0750696		-1.88396
13.09		-0.0939092		-1.8766
13.1		-0.112675		-1.8674
13.11		-0.131349		-1.85636
13.12		-0.149913		-1.84349
13.13		-0.168348		-1.82879
13.14		-0.186636		-1.8123
13.15		-0.204759		-1.79401
13.16		-0.222699		-1.77394
13.17		-0.240438		-1.75211
13.18		-0.257959		-1.72855
13.19		-0.275245		-1.70327
13.2		-0.292277		-1.6763
13.21		-0.30904		-1.64765
13.22		-0.325517		-1.61737
13.23		-0.341691		-1.58547
13.24		-0.357545		-1.55198
13.25		-0.373065		-1.51694
13.26		-0.388235		-1.48038
13.27		-0.403038		-1.44234
13.28		-0.417462		-1.40284
13.29		-0.43149		-1.36193
13.3		-0.445109		-1.31964
13.31		-0.458306		-1.27602
13.32		-0.471066		-1.23111
13.33		-0.483377		-1.18494
13.34		-0.495226		-1.13757
13.35		-0.506602		-1.08904
13.36		-0.517493		-1.03939
13.37		-0.527886		-0.988677
13.38		-0.537773		-0.936944
13.39		-0.547143		-0.884242
13.4		-0.555985		-0.830622
13.41		-0.564291		-0.776136
13.42		-0.572053		-0.720835
13.43		-0.579261		-0.664774
13.44		-0.585909		-0.608007
13.45		-0.591989		-0.550588
13.46		-0.597495		-0.492573
13.47		-0.60242		-0.434018
13.48		-0.606761		-0.374981
13.49		-0.61051		-0.315518
13.5		-0.613666		-0.255688
13.51		-0.616222		-0.195549
13.52		-0.618178		-0.135159
13.53		-0.61953		-0.0745779
13.54		-0.620275		-0.013864
13.55		-0.620414		0.046923
13.56		-0.619945		0.107724
13.57		-0.618868		0.168478
13.58		-0.617183		0.229127
13.59		-0.614891		0.289611
13.6		-0.611995		0.34987
13.61		-0.608497		0.409846
13.62		-0.604398		0.469479
13.63		-0.599703		0.52871
13.64		-0.594416		0.587481
13.65		-0.588541		0.645733
13.66		-0.582084		0.70341
13.67		-0.57505		0.760455
13.68		-0.567446		0.81681
13.69		-0.559277		0.872419
13.7		-0.550553		0.927228
13.71		-0.541281		0.981183
13.72		-0.531469		1.03423
13.73		-0.521127		1.08631
13.74		-0.510264		1.13738
13.75		-0.49889		1.18739
13.76		-0.487016		1.23628
13.77		-0.474653		1.28401
13.78		-0.461813		1.33052
13.79		-0.448508		1.37578
13.8		-0.43475		1.41973
13.81		-0.420553		1.46234
13.82		-0.405929		1.50355
13.83		-0.390894		1.54334
13.84		-0.37546		1.58164
13.85		-0.359644		1.61844
13.86		-0.34346		1.65368
13.87		-0.326923		1.68734
13.88		-0.310049		1.71938
13.89		-0.292856		1.74977
13.9		-0.275358		1.77847
13.91		-0.257573		1.80545
13.92		-0.239519		1.83069
13.93		-0.221212		1.85417
13.94		-0.20267		1.87584
13.95		-0.183912		1.89571
13.96		-0.164955		1.91373
13.97		-0.145817		1.92989
13.98		-0.126518		1.94418
13.99		-0.107077		1.95658
14		-0.0875107		1.96708
14.01		-0.06784		1.97565
14.02		-0.0480834		1.9823
14.03		-0.0282604		1.98701
14.04		-0.00839027		1.98978
14.05		0.0115076		1.99061
14.06		0.0314136		1.98948
14.07		0.0513084		1.9864
14.08		0.0711724		1.98137
14.09		0.0909861		1.9744
14.1		0.11073		1.96548
14.11		0.130385		1.95463
14.12		0.149931		1.94185
14.13		0.16935		1.92716
14.14		0.188621		1.91056
14.15		0.207727		1.89208
14.16		0.226648		1.87172
14.17		0.245365		1.84951
14.18		0.26386		1.82546
14.19		0.282114		1.7996
14.2		0.30011		1.77196
14.21		0.31783		1.74255
14.22		0.335255		1.7114
14.23		0.352369		1.67854
14.24		0.369155		1.64401
14.25		0.385595		1.60783
14.26		0.401673		1.57005
14.27		0.417374		1.53068
14.28		0.432681		1.48978
14.29		0.447578		1.44738
14.3		0.462052		1.40351
14.31		0.476087		1.35823
14.32		0.48967		1.31158
14.33		0.502785		1.26359
14.34		0.515421		1.21431
14.35		0.527564		1.1638
14.36		0.539202		1.1121
14.37		0.550323		1.05926
14.38		0.560916		1.00533
14.39		0.570969		0.950359
14.4		0.580473		0.894404
14.41		0.589417		0.837518
14.42		0.597792		0.779755
14.43		0.60559		0.721171
14.44		0.612801		0.661823
14.45		0.61942		0.601769
14.46		0.625437		0.541066
14.47		0.630848		0.479773
14.48		0.635646		0.41795
14.49		0.639825		0.355656
14.5		0.643382		0.292954
14.51		0.646311		0.229902
14.52		0.64861		0.166564
14.53		0.650276		0.103
14.54		0.651306		0.0392728
14.55		0.651699		-0.0245552
14.56		0.651453		-0.0884217
14.57		0.650569		-0.152264
14.58		0.649046		-0.21602
14.59		0.646886		-0.279626
14.6		0.64409		-0.343021
14.61		0.64066		-0.406142
14.62		0.636598		-0.468927
14.63		0.631909		-0.531313
14.64		0.626596		-0.59324
14.65		0.620663		-0.654647
14.66		0.614117		-0.715472
14.67		0.606962		-0.775655
14.68		0.599206		-0.835137
14.69		0.590854		-0.89386
14.7		0.581916		-0.951763
14.71		0.572398		-1.00879
14.72		0.56231		-1.06489
14.73		0.551661		-1.11999
14.74		0.540461		-1.17406
14.75		0.528721		-1.22702
14.76		0.516451		-1.27884
14.77		0.503662		-1.32945
14.78		0.490368		-1.37881
14.79		0.47658		-1.42686
14.8		0.462311		-1.47357
14.81		0.447575		-1.51887
14.82		0.432387		-1.56274
14.83		0.416759		-1.60511
14.84		0.400708		-1.64595
14.85		0.384249		-1.68522
14.86		0.367396		-1.72288
14.87		0.350168		-1.75888
14.88		0.332579		-1.7932
14.89		0.314647		-1.82579
14.9		0.296389		-1.85663
14.91		0.277823		-1.88567
14.92		0.258966		-1.9129
14.93		0.239837		-1.93828
14.94		0.220454		-1.96178
14.95		0.200836		-1.98339
14.96		0.181002		-2.00307
14.97		0.160972		-2.02081
14.98		0.140764		-2.03658
14.99		0.120398		-2.05038
15		0.0998941		-2.06218
15.01		0.0792723		-2.07197
15.02		0.0585526		-2.07973
15.03		0.0377553		-2.08547
15.04		0.0169006		-2.08917
15.05		-0.00399116		-2.09083
15.06		-0.0248995		-2.09044
15.07		-0.0458038		-2.088
15.08		-0.0666838		-2.08351
15.09		-0.0875189		-2.07697
15.1		-0.108289		-2.0684
15.11		-0.128973		-2.05779
15.12		-0.14955		-2.04515
15.13		-0.170002		-2.03049
15.14		-0.190307		-2.01383
15.15		-0.210445		-1.99518
15.16		-0.230397		-1.97456
15.17		-0.250142		-1.95198
15.18		-0.269662		-1.92746
15.19		-0.288937		-1.90104
15.2		-0.307947		-1.87272
15.21		-0.326674		-1.84254
15.22		-0.3451		-1.81053
15.23		-0.363205		-1.77671
15.24		-0.380972		-1.74111
15.25		-0.398383		-1.70378
15.26		-0.415421		-1.66474
15.27		-0.432069		-1.62403
15.28		-0.448309		-1.58168
15.29		-0.464126		-1.53775
15.3		-0.479503		-1.49226
15.31		-0.494426		-1.44527
15.32		-0.508878		-1.39682
15.33		-0.522847		-1.34695
15.34		-0.536316		-1.29571
15.35		-0.549273		-1.24315
15.36		-0.561705		-1.18932
15.37		-0.573598		-1.13428
15.38		-0.584941		-1.07806
15.39		-0.595721		-1.02074
15.4		-0.605929		-0.962358
15.41		-0.615552		-0.902977
15.42		-0.624582		-0.842653
15.43		-0.633009		-0.781444
15.44		-0.640823		-0.719409
15.45		-0.648017		-0.656608
15.46		-0.654583		-0.593102
15.47		-0.660514		-0.528953
15.48		-0.665804		-0.464223
15.49		-0.670446		-0.398974
15.5		-0.674436		-0.33327
15.51		-0.677768		-0.267176
15.52		-0.68044		-0.200754
15.53		-0.682448		-0.134071
15.54		-0.683788		-0.0671914
15.55		-0.68446		-0.000180109
15.56		-0.684462		0.066897
15.57		-0.683793		0.133974
15.58		-0.682453		0.200986
15.59		-0.680444		0.267866
15.6		-0.677765		0.33455
15.61		-0.674419		0.400971
15.62		-0.67041		0.467064
15.63		-0.665739		0.532764
15.64		-0.660411		0.598007
15.65		-0.654431		0.662727
15.66		-0.647804		0.726861
15.67		-0.640535		0.790346
15.68		-0.632632		0.853118
15.69		-0.624101		0.915116
15.7		-0.61495		0.976278
15.71		-0.605187		1.03654
15.72		-0.594821		1.09585
15.73		-0.583863		1.15414
15.74		-0.572322		1.21136
15.75		-0.560208		1.26745
15.76		-0.547533		1.32235
15.77		-0.53431		1.37601
15.78		-0.52055		1.42837
15.79		-0.506266		1.47939
15.8		-0.491472		1.529
15.81		-0.476182		1.57716
15.82		-0.460411		1.62383
15.83		-0.444172		1.66895
15.84		-0.427483		1.71248
15.85		-0.410358		1.75437
15.86		-0.392814		1.79459
15.87		-0.374868		1.83308
15.88		-0.356538		1.86982
15.89		-0.337839		1.90476
15.9		-0.318792		1.93787
15.91		-0.299413		1.96911
15.92		-0.279722		1.99845
15.93		-0.259737		2.02587
15.94		-0.239479		2.05132
15.95		-0.218966		2.07479
15.96		-0.198218		2.09625
15.97		-0.177255		2.11567
15.98		-0.156099		2.13304
15.99		-0.134768		2.14834
16		-0.113285		2.16155
16.01		-0.0916692		2.17265
16.02		-0.0699427		2.18163
16.03		-0.0481264		2.18849
16.04		-0.0262415		2.1932
16.05		-0.00430942		2.19578
16.06		0.0176483		2.1962
16.07		0.0396103		2.19447
16.08		0.061555		2.19059
16.09		0.0834609		2.18456
16.1		0.105306		2.17638
16.11		0.12707		2.16606
16.12		0.148731		2.1536
16.13		0.170267		2.13903
16.14		0.191657		2.12234
16.15		0.21288		2.10356
16.16		0.233916		2.0827
16.17		0.254743		2.05977
16.18		0.275341		2.03481
16.19		0.295689		2.00782
16.2		0.315767		1.97885
16.21		0.335556		1.9479
16.22		0.355035		1.91502
16.23		0.374185		1.88022
16.24		0.392987		1.84355
16.25		0.411423		1.80504
16.26		0.429473		1.76472
16.27		0.44712		1.72263
16.28		0.464347		1.67882
16.29		0.481135		1.63331
16.3		0.497468		1.58616
16.31		0.513329		1.53741
16.32		0.528703		1.4871
16.33		0.543574		1.43529
16.34		0.557927		1.38202
16.35		0.571747		1.32734
16.36		0.585021		1.27131
16.37		0.597734		1.21398
16.38		0.609874		1.1554
16.39		0.621428		1.09563
16.4		0.632384		1.03473
16.41		0.642731		0.972758
16.42		0.652459		0.90977
16.43		0.661557		0.845829
16.44		0.670015		0.780997
16.45		0.677825		0.715335
16.46		0.684978		0.648908
16.47		0.691467		0.581781
16.48		0.697285		0.514017
16.49		0.702425		0.445683
16.5		0.706882		0.376845
16.51		0.710651		0.307571
16.52		0.713726		0.237927
16.53		0.716106		0.167982
16.54		0.717785		0.0978034
16.55		0.718763		0.0274604
16.56		0.719038		-0.0429784
16.57		0.718608		-0.113444
16.58		0.717474		-0.183868
16.59		0.715635		-0.25418
16.6		0.713093		-0.324312
16.61		0.70985		-0.394196
16.62		0.705908		-0.463761
16.63		0.701271		-0.53294
16.64		0.695941		-0.601664
16.65		0.689925		-0.669867
16.66		0.683226		-0.737479
16.67		0.675851		-0.804435
16.68		0.667807		-0.870669
16.69		0.6591		-0.936114
16.7		0.649739		-1.00071
16.71		0.639732		-1.06438
16.72		0.629088		-1.12707
16.73		0.617817		-1.18872
16.74		0.60593		-1.24927
16.75		0.593437		-1.30865
16.76		0.580351		-1.36681
16.77		0.566683		-1.42368
16.78		0.552446		-1.47922
16.79		0.537654		-1.53336
16.8		0.52232		-1.58605
16.81		0.50646		-1.63724
16.82		0.490087		-1.68687
16.83		0.473219		-1.7349
16.84		0.45587		-1.78127
16.85		0.438057		-1.82595
16.86		0.419798		-1.86888
16.87		0.401109		-1.91002
16.88		0.382009		-1.94933
16.89		0.362515		-1.98676
16.9		0.342648		-2.02229
16.91		0.322425		-2.05587
16.92		0.301866		-2.08747
16.93		0.280991		-2.11705
16.94		0.259821		-2.14459
16.95		0.238375		-2.17005
16.96		0.216675		-2.19341
16.97		0.194741		-2.21464
16.98		0.172594		-2.23373
16.99		0.150257		-2.25064
17		0.12775		-2.26537
17.01		0.105097		-2.27789
17.02		0.0823179		-2.28819
17.03		0.059436		-2.29625
17.04		0.0364735		-2.30208
17.05		0.0134527		-2.30565
17.06		-0.00960384		-2.30697
17.07		-0.0326736		-2.30603
17.08		-0.0557339		-2.30283
17.09		-0.0787621		-2.29737
17.1		-0.101736		-2.28965
17.11		-0.124632		-2.27968
17.12		-0.147429		-2.26746
17.13		-0.170104		-2.25302
17.14		-0.192634		-2.23635
17.15		-0.214997		-2.21747
17.16		-0.237172		-2.1964
17.17		-0.259136		-2.17315
17.18		-0.280867		-2.14776
17.19		-0.302345		-2.12023
17.2		-0.323547		-2.0906
17.21		-0.344453		-2.0589
17.22		-0.365042		-2.02514
17.23		-0.385294		-1.98937
17.24		-0.405187		-1.95161
17.25		-0.424704		-1.9119
17.26		-0.443823		-1.87028
17.27		-0.462525		-1.82678
17.28		-0.480793		-1.78146
17.29		-0.498608		-1.73434
17.3		-0.515951		-1.68547
17.31		-0.532806		-1.63491
17.32		-0.549155		-1.5827
17.33		-0.564982		-1.52888
17.34		-0.580271		-1.47351
17.35		-0.595006		-1.41664
17.36		-0.609172		-1.35833
17.37		-0.622756		-1.29864
17.38		-0.635742		-1.2376
17.39		-0.648118		-1.1753
17.4		-0.659871		-1.11179
17.41		-0.670989		-1.04712
17.42		-0.68146		-0.981362
17.43		-0.691274		-0.914579
17.44		-0.700419		-0.846835
17.45		-0.708888		-0.778193
17.46		-0.71667		-0.708722
17.47		-0.723757		-0.638489
17.48		-0.730142		-0.567561
17.49		-0.735817		-0.496007
17.5		-0.740778		-0.423897
17.51		-0.745017		-0.3513
17.52		-0.74853		-0.278289
17.53		-0.751312		-0.204933
17.54		-0.753362		-0.131304
17.55		-0.754675		-0.0574748
17.56		-0.75525		0.0164834
17.57		-0.755085		0.0904978
17.58		-0.75418		0.164496
17.59		-0.752535		0.238406
17.6		-0.750151		0.312154
17.61		-0.747029		0.385669
17.62		-0.743172		0.458878
17.63		-0.738584		0.531709
17.64		-0.733267		0.60409
17.65		-0.727226		0.67595
17.66		-0.720466		0.747218
17.67		-0.712994		0.817824
17.68		-0.704816		0.887697
17.69		-0.695939		0.956769
17.7		-0.686371		1.02497
17.71		-0.676121		1.09224
17.72		-0.665199		1.1585
17.73		-0.653614		1.22368
17.74		-0.641377		1.28774
17.75		-0.6285		1.35059
17.76		-0.614994		1.41219
17.77		-0.600872		1.47246
17.78		-0.586147		1.53134
17.79		-0.570834		1.58878
17.8		-0.554946		1.64473
17.81		-0.538499		1.69911
17.82		-0.521508		1.75188
17.83		-0.503989		1.80299
17.84		-0.485959		1.85238
17.85		-0.467435		1.90001
17.86		-0.448435		1.94582
17.87		-0.428977		1.98976
17.88		-0.409079		2.0318
17.89		-0.388761		2.07189
17.9		-0.368043		2.10999
17.91		-0.346943		2.14606
17.92		-0.325482		2.18006
17.93		-0.303681		2.21196
17.94		-0.281562		2.24172
17.95		-0.259145		2.26931
17.96		-0.236452		2.29471
17.97		-0.213505		2.31788
17.98		-0.190326		2.3388
17.99		-0.166938		2.35745
18		-0.143363		2.37381
18.01		-0.119625		2.38786
18.02		-0.0957465		2.39959
18.03		-0.0717506		2.40897
18.04		-0.0476609		2.416
18.05		-0.0235009		2.42067
18.06		0.000705797		2.42297
18.07		0.0249355		2.42291
18.08		0.0491646		2.42046
18.09		0.0733692		2.41564
18.1		0.0975257		2.40845
18.11		0.12161		2.3989
18.12		0.145599		2.38698
18.13		0.169469		2.37271
18.14		0.193196		2.3561
18.15		0.216757		2.33717
18.16		0.240129		2.31593
18.17		0.263288		2.29239
18.18		0.286212		2.26659
18.19		0.308878		2.23854
18.2		0.331263		2.20827
18.21		0.353346		2.17581
18.22		0.375104		2.14118
18.23		0.396516		2.10442
18.24		0.41756		2.06556
18.25		0.438216		2.02464
18.26		0.458462		1.9817
18.27		0.478279		1.93677
18.28		0.497647		1.8899
18.29		0.516546		1.84113
18.3		0.534957		1.7905
18.31		0.552862		1.73808
18.32		0.570243		1.6839
18.33		0.587082		1.62801
18.34		0.603362		1.57048
18.35		0.619067		1.51135
18.36		0.63418		1.45068
18.37		0.648687		1.38853
18.38		0.662572		1.32496
18.39		0.675822		1.26003
18.4		0.688422		1.1938
18.41		0.70036		1.12633
18.42		0.711624		1.0577
18.43		0.722201		0.987959
18.44		0.73208		0.917183
18.45		0.741252		0.845439
18.46		0.749706		0.772797
18.47		0.757434		0.699326
18.48		0.764428		0.625097
18.49		0.770679		0.550183
18.5		0.77618		0.474657
18.51		0.780927		0.398591
18.52		0.784913		0.32206
18.53		0.788134		0.245139
18.54		0.790585		0.167901
18.55		0.792264		0.0904242
18.56		0.793168		0.0127823
18.57		0.793296		-0.0649482
18.58		0.792647		-0.142691
18.59		0.79122		-0.220371
18.6		0.789016		-0.29791
18.61		0.786037		-0.375234
18.62		0.782284		-0.452265
18.63		0.777762		-0.528929
18.64		0.772473		-0.60515
18.65		0.766421		-0.680852
18.66		0.759612		-0.755961
18.67		0.752053		-0.830403
18.68		0.743749		-0.904105
18.69		0.734708		-0.976992
18.7		0.724938		-1.04899
18.71		0.714448		-1.12004
18.72		0.703248		-1.19005
18.73		0.691347		-1.25897
18.74		0.678757		-1.32672
18.75		0.66549		-1.39324
18.76		0.651558		-1.45846
18.77		0.636973		-1.52231
18.78		0.62175		-1.58474
18.79		0.605903		-1.64567
18.8		0.589446		-1.70505
18.81		0.572395		-1.76281
18.82		0.554767		-1.81891
18.83		0.536578		-1.87327
18.84		0.517846		-1.92586
18.85		0.498587		-1.97661
18.86		0.478821		-2.02547
18.87		0.458566		-2.07239
18.88		0.437842		-2.11733
18.89		0.416669		-2.16024
18.9		0.395067		-2.20107
18.91		0.373056		-2.23979
18.92		0.350658		-2.27635
18.93		0.327894		-2.31071
18.94		0.304787		-2.34285
18.95		0.281359		-2.37272
18.96		0.257632		-2.40029
18.97		0.233629		-2.42554
18.98		0.209373		-2.44843
18.99		0.184889		-2.46895
19		0.160199		-2.48707
19.01		0.135329		-2.50277
19.02		0.110301		-2.51603
19.03		0.0851407		-2.52684
19.04		0.0598722		-2.53519
19.05		0.0345204		-2.54105
19.06		0.00910983		-2.54444
19.07		-0.0163345		-2.54533
19.08		-0.0417878		-2.54373
19.09		-0.0672251		-2.53963
19.1		-0.0926215		-2.53305
19.11		-0.117952		-2.52397
19.12		-0.143192		-2.51241
19.13		-0.168316		-2.49838
19.14		-0.1933		-2.48188
19.15		-0.218118		-2.46294
19.16		-0.242748		-2.44156
19.17		-0.267163		-2.41777
19.18		-0.291341		-2.39159
19.19		-0.315257		-2.36304
19.2		-0.338887		-2.33215
19.21		-0.362209		-2.29893
19.22		-0.385198		-2.26344
19.23		-0.407833		-2.22569
19.24		-0.430089		-2.18572
19.25		-0.451947		-2.14357
19.26		-0.473382		-2.09928
19.27		-0.494375		-2.05289
19.28		-0.514904		-2.00444
19.29		-0.534949		-1.95398
19.3		-0.554488		-1.90156
19.31		-0.573504		-1.84722
19.32		-0.591976		-1.79101
19.33		-0.609886		-1.733
19.34		-0.627216		-1.67323
19.35		-0.643948		-1.61176
19.36		-0.660066		-1.54866
19.37		-0.675553		-1.48397
19.38		-0.690392		-1.41777
19.39		-0.70457		-1.35011
19.4		-0.718071		-1.28106
19.41		-0.730882		-1.21069
19.42		-0.742989		-1.13906
19.43		-0.754379		-1.06625
19.44		-0.765042		-0.992319
19.45		-0.774965		-0.917345
19.46		-0.784138		-0.841399
19.47		-0.792552		-0.764553
19.48		-0.800198		-0.686883
19.49		-0.807067		-0.608464
19.5		-0.813151		-0.529371
19.51		-0.818445		-0.449682
19.52		-0.822942		-0.369475
19.53		-0.826637		-0.288826
19.54		-0.829525		-0.207816
19.55		-0.831603		-0.126523
19.56		-0.832868		-0.0450255
19.57		-0.833318		0.0365956
19.58		-0.832953		0.118261
19.59		-0.83177		0.19989
19.6		-0.829771		0.281404
19.61		-0.826957		0.362721
19.62		-0.82333		0.443763
19.63		-0.818892		0.524449
19.64		-0.813648		0.604701
19.65		-0.807601		0.684438
19.66		-0.800756		0.763583
19.67		-0.79312		0.842057
19.68		-0.7847		0.919783
19.69		-0.775502		0.996683
19.7		-0.765535		1.07268
19.71		-0.754808		1.14771
19.72		-0.743331		1.22168
19.73		-0.731115		1.29452
19.74		-0.718169		1.36617
19.75		-0.704508		1.43655
19.76		-0.690142		1.50559
19.77		-0.675086		1.57323
19.78		-0.659354		1.63939
19.79		-0.64296		1.704
19.8		-0.62592		1.76701
19.81		-0.60825		1.82835
19.82		-0.589966		1.88796
19.83		-0.571087		1.94578
19.84		-0.551629		2.00175
19.85		-0.531611		2.0558
19.86		-0.511053		2.1079
19.87		-0.489974		2.15799
19.88		-0.468394		2.206
19.89		-0.446334		2.25191
19.9		-0.423815		2.29565
19.91		-0.400859		2.33718
19.92		-0.377487		2.37647
19.93		-0.353722		2.41346
19.94		-0.329588		2.44812
19.95		-0.305107		2.48042
19.96		-0.280302		2.51032
19.97		-0.255199		2.53779
19.98		-0.229821		2.5628
19.99		-0.204193		2.58533
