Time		Angular_Position		Angular_Velocity
0		0.01		1
0.01		0.0199902		0.99902
0.02		0.0299608		0.997061
0.03		0.0399021		0.994125
0.04		0.0498042		0.990214
0.05		0.0596575		0.985334
0.06		0.0694524		0.979487
0.07		0.0791792		0.972681
0.08		0.0888284		0.964921
0.09		0.0983906		0.956216
0.1		0.107856		0.946574
0.11		0.117216		0.936004
0.12		0.126462		0.924517
0.13		0.135583		0.912123
0.14		0.144571		0.898836
0.15		0.153418		0.884668
0.16		0.162114		0.869633
0.17		0.170652		0.853746
0.18		0.179022		0.837022
0.19		0.187217		0.819478
0.2		0.195228		0.801131
0.21		0.203048		0.781999
0.22		0.210669		0.7621
0.23		0.218083		0.741454
0.24		0.225284		0.720082
0.25		0.232264		0.698004
0.26		0.239017		0.675242
0.27		0.245535		0.651819
0.28		0.251812		0.627756
0.29		0.257843		0.603079
0.3		0.263621		0.57781
0.31		0.269141		0.551975
0.32		0.274397		0.525599
0.33		0.279384		0.498708
0.34		0.284098		0.471329
0.35		0.288532		0.443487
0.36		0.292684		0.415211
0.37		0.29655		0.386528
0.38		0.300124		0.357466
0.39		0.303405		0.328054
0.4		0.306388		0.29832
0.41		0.309071		0.268294
0.42		0.311451		0.238005
0.43		0.313526		0.207483
0.44		0.315294		0.176757
0.45		0.316752		0.145859
0.46		0.3179		0.114817
0.47		0.318737		0.0836628
0.48		0.319261		0.0524266
0.49		0.319473		0.021139
0.5		0.319371		-0.0101694
0.51		0.318956		-0.0414677
0.52		0.318229		-0.0727254
0.53		0.31719		-0.103912
0.54		0.31584		-0.134996
0.55		0.31418		-0.165949
0.56		0.312213		-0.196738
0.57		0.30994		-0.227335
0.58		0.307363		-0.257709
0.59		0.304484		-0.287831
0.6		0.301308		-0.31767
0.61		0.297836		-0.347199
0.62		0.294072		-0.376386
0.63		0.29002		-0.405205
0.64		0.285683		-0.433627
0.65		0.281067		-0.461624
0.66		0.276175		-0.489169
0.67		0.271013		-0.516234
0.68		0.265585		-0.542793
0.69		0.259897		-0.568821
0.7		0.253954		-0.594291
0.71		0.247762		-0.619178
0.72		0.241328		-0.643459
0.73		0.234657		-0.667109
0.74		0.227756		-0.690105
0.75		0.220631		-0.712425
0.76		0.213291		-0.734047
0.77		0.205741		-0.75495
0.78		0.19799		-0.775112
0.79		0.190045		-0.794515
0.8		0.181914		-0.81314
0.81		0.173604		-0.830967
0.82		0.165124		-0.847981
0.83		0.156483		-0.864163
0.84		0.147688		-0.879498
0.85		0.138748		-0.893971
0.86		0.129672		-0.907569
0.87		0.120469		-0.920277
0.88		0.111149		-0.932083
0.89		0.101719		-0.942975
0.9		0.0921894		-0.952944
0.91		0.0825696		-0.961978
0.92		0.0728689		-0.97007
0.93		0.0630968		-0.977211
0.94		0.0532628		-0.983395
0.95		0.0433767		-0.988614
0.96		0.033448		-0.992865
0.97		0.0234866		-0.996143
0.98		0.0135022		-0.998445
0.99		0.00350448		-0.999768
1		-0.00649663		-1.00011
1.01		-0.0164914		-0.999475
1.02		-0.02647		-0.997859
1.03		-0.0364226		-0.995265
1.04		-0.0463396		-0.991695
1.05		-0.0562111		-0.987154
1.06		-0.0660276		-0.981645
1.07		-0.0757793		-0.975175
1.08		-0.0854568		-0.967748
1.09		-0.0950505		-0.959373
1.1		-0.104551		-0.950058
1.11		-0.113949		-0.939812
1.12		-0.123236		-0.928645
1.13		-0.132401		-0.916568
1.14		-0.141437		-0.903593
1.15		-0.150335		-0.889732
1.16		-0.159085		-0.874999
1.17		-0.167679		-0.859409
1.18		-0.176108		-0.842977
1.19		-0.184366		-0.825718
1.2		-0.192442		-0.80765
1.21		-0.20033		-0.788791
1.22		-0.208022		-0.769158
1.23		-0.215509		-0.748772
1.24		-0.222786		-0.727652
1.25		-0.229844		-0.705819
1.26		-0.236677		-0.683295
1.27		-0.243278		-0.6601
1.28		-0.249641		-0.636259
1.29		-0.255759		-0.611794
1.3		-0.261626		-0.58673
1.31		-0.267237		-0.561091
1.32		-0.272586		-0.534901
1.33		-0.277668		-0.508188
1.34		-0.282477		-0.480977
1.35		-0.28701		-0.453294
1.36		-0.291262		-0.425167
1.37		-0.295228		-0.396623
1.38		-0.298905		-0.367691
1.39		-0.302289		-0.338398
1.4		-0.305377		-0.308774
1.41		-0.308165		-0.278847
1.42		-0.310652		-0.248647
1.43		-0.312834		-0.218203
1.44		-0.314709		-0.187545
1.45		-0.316276		-0.156703
1.46		-0.317533		-0.125708
1.47		-0.318479		-0.0945901
1.48		-0.319113		-0.0633791
1.49		-0.319434		-0.032106
1.5		-0.319442		-0.000801447
1.51		-0.319137		0.0305039
1.52		-0.318519		0.0617793
1.53		-0.317589		0.0929942
1.54		-0.316348		0.124118
1.55		-0.314797		0.15512
1.56		-0.312937		0.18597
1.57		-0.310771		0.216638
1.58		-0.3083		0.247094
1.59		-0.305527		0.277307
1.6		-0.302454		0.307249
1.61		-0.299086		0.336889
1.62		-0.295424		0.3662
1.63		-0.291472		0.395151
1.64		-0.287235		0.423715
1.65		-0.282716		0.451864
1.66		-0.277921		0.479571
1.67		-0.272852		0.506807
1.68		-0.267517		0.533546
1.69		-0.261919		0.559763
1.7		-0.256065		0.585431
1.71		-0.24996		0.610525
1.72		-0.24361		0.635022
1.73		-0.237021		0.658895
1.74		-0.230199		0.682123
1.75		-0.223153		0.704683
1.76		-0.215887		0.726552
1.77		-0.20841		0.747709
1.78		-0.200729		0.768133
1.79		-0.192851		0.787804
1.8		-0.184784		0.806704
1.81		-0.176535		0.824812
1.82		-0.168114		0.842113
1.83		-0.159528		0.858588
1.84		-0.150786		0.874222
1.85		-0.141896		0.888999
1.86		-0.132867		0.902905
1.87		-0.123708		0.915926
1.88		-0.114427		0.928049
1.89		-0.105035		0.939263
1.9		-0.0955392		0.949556
1.91		-0.08595		0.958919
1.92		-0.0762766		0.967342
1.93		-0.0665284		0.974818
1.94		-0.0567151		0.981337
1.95		-0.0468461		0.986895
1.96		-0.0369313		0.991486
1.97		-0.0269802		0.995106
1.98		-0.0170027		0.99775
1.99		-0.00700854		0.999416
2		0.00299248		1.0001
2.01		0.0129906		0.999809
2.02		0.0229759		0.998536
2.03		0.0329388		0.996285
2.04		0.0428694		0.993057
2.05		0.0527579		0.988856
2.06		0.0625948		0.983685
2.07		0.0723703		0.977551
2.08		0.0820749		0.970459
2.09		0.091699		0.962415
2.1		0.101233		0.953429
2.11		0.110668		0.943508
2.12		0.119995		0.932663
2.13		0.129204		0.920903
2.14		0.138286		0.908241
2.15		0.147233		0.894689
2.16		0.156036		0.88026
2.17		0.164686		0.864969
2.18		0.173174		0.848829
2.19		0.181493		0.831858
2.2		0.189633		0.814072
2.21		0.197588		0.795488
2.22		0.205349		0.776124
2.23		0.212909		0.756
2.24		0.220261		0.735135
2.25		0.227396		0.713549
2.26		0.234309		0.691265
2.27		0.240992		0.668302
2.28		0.247439		0.644685
2.29		0.253643		0.620436
2.3		0.259599		0.595579
2.31		0.2653		0.570138
2.32		0.270742		0.544139
2.33		0.275918		0.517606
2.34		0.280823		0.490566
2.35		0.285454		0.463046
2.36		0.289805		0.435071
2.37		0.293871		0.40667
2.38		0.29765		0.377871
2.39		0.301137		0.348701
2.4		0.304329		0.31919
2.41		0.307223		0.289366
2.42		0.309815		0.259258
2.43		0.312104		0.228896
2.44		0.314087		0.19831
2.45		0.315762		0.167529
2.46		0.317128		0.136585
2.47		0.318183		0.105506
2.48		0.318927		0.074324
2.49		0.319357		0.0430692
2.5		0.319475		0.0117722
2.51		0.31928		-0.0195364
2.52		0.318771		-0.0508258
2.53		0.317951		-0.0820654
2.54		0.316818		-0.113225
2.55		0.315376		-0.144273
2.56		0.313624		-0.17518
2.57		0.311565		-0.205915
2.58		0.3092		-0.236448
2.59		0.306533		-0.26675
2.6		0.303565		-0.29679
2.61		0.3003		-0.326539
2.62		0.29674		-0.355969
2.63		0.292889		-0.385049
2.64		0.288752		-0.413752
2.65		0.284331		-0.44205
2.66		0.279632		-0.469914
2.67		0.274659		-0.497318
2.68		0.269417		-0.524235
2.69		0.26391		-0.550638
2.7		0.258145		-0.576501
2.71		0.252127		-0.601799
2.72		0.245862		-0.626508
2.73		0.239356		-0.650602
2.74		0.232616		-0.674059
2.75		0.225647		-0.696856
2.76		0.218457		-0.718969
2.77		0.211054		-0.740378
2.78		0.203443		-0.761061
2.79		0.195633		-0.780998
2.8		0.187631		-0.80017
2.81		0.179446		-0.818558
2.82		0.171084		-0.836144
2.83		0.162555		-0.85291
2.84		0.153867		-0.868841
2.85		0.145028		-0.88392
2.86		0.136046		-0.898132
2.87		0.126932		-0.911465
2.88		0.117693		-0.923904
2.89		0.108338		-0.935438
2.9		0.0988776		-0.946055
2.91		0.0893202		-0.955745
2.92		0.0796752		-0.964498
2.93		0.0699521		-0.972307
2.94		0.0601605		-0.979162
2.95		0.0503099		-0.985058
2.96		0.04041		-0.989988
2.97		0.0304705		-0.993948
2.98		0.0205012		-0.996934
2.99		0.0105118		-0.998943
3		0.000512025		-0.999974
3.01		-0.00948821		-1.00002
3.02		-0.0194792		-0.999094
3.03		-0.029451		-0.997185
3.04		-0.039394		-0.994299
3.05		-0.0492984		-0.990438
3.06		-0.0591544		-0.985607
3.07		-0.0689525		-0.97981
3.08		-0.0786831		-0.973052
3.09		-0.0883365		-0.965342
3.1		-0.0979033		-0.956685
3.11		-0.107374		-0.94709
3.12		-0.11674		-0.936567
3.13		-0.125991		-0.925127
3.14		-0.135119		-0.91278
3.15		-0.144114		-0.899538
3.16		-0.152968		-0.885415
3.17		-0.161673		-0.870424
3.18		-0.170219		-0.85458
3.19		-0.178598		-0.837899
3.2		-0.186801		-0.820396
3.21		-0.194822		-0.802089
3.22		-0.202652		-0.782997
3.23		-0.210284		-0.763137
3.24		-0.217709		-0.742529
3.25		-0.224921		-0.721194
3.26		-0.231912		-0.699151
3.27		-0.238677		-0.676424
3.28		-0.245207		-0.653034
3.29		-0.251497		-0.629003
3.3		-0.257541		-0.604357
3.31		-0.263332		-0.579118
3.32		-0.268865		-0.553311
3.33		-0.274135		-0.526962
3.34		-0.279136		-0.500097
3.35		-0.283863		-0.472742
3.36		-0.288312		-0.444923
3.37		-0.292479		-0.416669
3.38		-0.296359		-0.388006
3.39		-0.299949		-0.358963
3.4		-0.303244		-0.329568
3.41		-0.306243		-0.29985
3.42		-0.308941		-0.269838
3.43		-0.311337		-0.239562
3.44		-0.313427		-0.209051
3.45		-0.315211		-0.178335
3.46		-0.316685		-0.147444
3.47		-0.317849		-0.116409
3.48		-0.318702		-0.0852599
3.49		-0.319242		-0.0540272
3.5		-0.319469		-0.0227415
3.51		-0.319384		0.00856654
3.52		-0.318985		0.0398661
3.53		-0.318274		0.0711267
3.54		-0.317251		0.102318
3.55		-0.315917		0.133408
3.56		-0.314273		0.164368
3.57		-0.312321		0.195167
3.58		-0.310063		0.225774
3.59		-0.307502		0.25616
3.6		-0.304639		0.286296
3.61		-0.301477		0.31615
3.62		-0.29802		0.345695
3.63		-0.294271		0.374901
3.64		-0.290234		0.40374
3.65		-0.285912		0.432182
3.66		-0.28131		0.460202
3.67		-0.276433		0.48777
3.68		-0.271284		0.514861
3.69		-0.265869		0.541446
3.7		-0.260194		0.567502
3.71		-0.254264		0.593001
3.72		-0.248085		0.617919
3.73		-0.241663		0.642231
3.74		-0.235004		0.665914
3.75		-0.228114		0.688944
3.76		-0.221001		0.7113
3.77		-0.213672		0.732958
3.78		-0.206133		0.753897
3.79		-0.198392		0.774098
3.8		-0.190456		0.793541
3.81		-0.182334		0.812206
3.82		-0.174034		0.830074
3.83		-0.165562		0.84713
3.84		-0.156929		0.863355
3.85		-0.148141		0.878734
3.86		-0.139209		0.893252
3.87		-0.13014		0.906894
3.88		-0.120943		0.919648
3.89		-0.111628		0.9315
3.9		-0.102204		0.94244
3.91		-0.0926795		0.952456
3.92		-0.0830641		0.961538
3.93		-0.0733673		0.969679
3.94		-0.0635986		0.976869
3.95		-0.0537676		0.983101
3.96		-0.0438839		0.988371
3.97		-0.0339572		0.992671
3.98		-0.0239972		0.995999
3.99		-0.0140137		0.998351
4		-0.00401647		0.999724
4.01		0.0059847		1.00012
4.02		0.01598		0.999531
4.03		0.0259597		0.997965
4.04		0.0359139		0.995421
4.05		0.0458329		0.991902
4.06		0.055707		0.98741
4.07		0.0655265		0.981951
4.08		0.0752818		0.975529
4.09		0.0849633		0.968152
4.1		0.0945616		0.959825
4.11		0.104067		0.950558
4.12		0.113471		0.940359
4.13		0.122763		0.929239
4.14		0.131935		0.917209
4.15		0.140978		0.904279
4.16		0.149883		0.890463
4.17		0.15864		0.875775
4.18		0.167243		0.860228
4.19		0.175681		0.843838
4.2		0.183947		0.826621
4.21		0.192033		0.808594
4.22		0.199931		0.789775
4.23		0.207633		0.770182
4.24		0.215131		0.749834
4.25		0.222419		0.728751
4.26		0.229488		0.706954
4.27		0.236333		0.684464
4.28		0.242946		0.661304
4.29		0.249321		0.637495
4.3		0.255451		0.613062
4.31		0.261332		0.588027
4.32		0.266956		0.562417
4.33		0.272318		0.536255
4.34		0.277414		0.509568
4.35		0.282238		0.482381
4.36		0.286785		0.454722
4.37		0.291051		0.426617
4.38		0.295032		0.398094
4.39		0.298724		0.369181
4.4		0.302123		0.339906
4.41		0.305226		0.310298
4.42		0.30803		0.280386
4.43		0.310532		0.250199
4.44		0.31273		0.219767
4.45		0.314621		0.189119
4.46		0.316204		0.158286
4.47		0.317477		0.127298
4.48		0.318438		0.0961856
4.49		0.319088		0.0649787
4.5		0.319425		0.033708
4.51		0.319449		0.00240434
4.52		0.31916		-0.0289017
4.53		0.318559		-0.0601794
4.54		0.317645		-0.0913982
4.55		0.316419		-0.122527
4.56		0.314884		-0.153536
4.57		0.31304		-0.184395
4.58		0.310889		-0.215073
4.59		0.308434		-0.24554
4.6		0.305676		-0.275767
4.61		0.302619		-0.305723
4.62		0.299265		-0.33538
4.63		0.295618		-0.364708
4.64		0.291681		-0.393678
4.65		0.287459		-0.422263
4.66		0.282954		-0.450434
4.67		0.278173		-0.478163
4.68		0.273118		-0.505424
4.69		0.267797		-0.53219
4.7		0.262212		-0.558434
4.71		0.256371		-0.584131
4.72		0.250278		-0.609255
4.73		0.243941		-0.633782
4.74		0.237364		-0.657689
4.75		0.230554		-0.68095
4.76		0.223519		-0.703545
4.77		0.216264		-0.725449
4.78		0.208798		-0.746643
4.79		0.201127		-0.767105
4.8		0.193259		-0.786816
4.81		0.185201		-0.805755
4.82		0.176962		-0.823905
4.83		0.16855		-0.841247
4.84		0.159972		-0.857765
4.85		0.151237		-0.873442
4.86		0.142355		-0.888264
4.87		0.133333		-0.902214
4.88		0.12418		-0.915281
4.89		0.114905		-0.927451
4.9		0.105518		-0.938711
4.91		0.0960277		-0.949052
4.92		0.0864431		-0.958463
4.93		0.0767737		-0.966934
4.94		0.0670292		-0.974458
4.95		0.0572189		-0.981027
4.96		0.0473525		-0.986634
4.97		0.0374398		-0.991275
4.98		0.0274904		-0.994944
4.99		0.017514		-0.997638
5		0.00752044		-0.999354
5.01		-0.00248048		-1.00009
5.02		-0.012479		-0.999848
5.03		-0.0224652		-0.998625
5.04		-0.0324295		-0.996424
5.05		-0.0423619		-0.993246
5.06		-0.0522529		-0.989094
5.07		-0.0620926		-0.983973
5.08		-0.0718715		-0.977888
5.09		-0.0815799		-0.970845
5.1		-0.0912084		-0.96285
5.11		-0.100748		-0.953912
5.12		-0.110188		-0.944038
5.13		-0.11952		-0.93324
5.14		-0.128736		-0.921527
5.15		-0.137825		-0.908911
5.16		-0.146779		-0.895404
5.17		-0.155589		-0.88102
5.18		-0.164247		-0.865772
5.19		-0.172743		-0.849676
5.2		-0.181071		-0.832747
5.21		-0.189221		-0.815002
5.22		-0.197186		-0.796458
5.23		-0.204957		-0.777134
5.24		-0.212527		-0.757049
5.25		-0.21989		-0.736221
5.26		-0.227036		-0.714672
5.27		-0.23396		-0.692422
5.28		-0.240655		-0.669494
5.29		-0.247115		-0.64591
5.3		-0.253331		-0.621693
5.31		-0.2593		-0.596866
5.32		-0.265015		-0.571455
5.33		-0.270469		-0.545483
5.34		-0.275659		-0.518977
5.35		-0.280579		-0.491963
5.36		-0.285224		-0.464466
5.37		-0.289589		-0.436514
5.38		-0.29367		-0.408134
5.39		-0.297464		-0.379355
5.4		-0.300966		-0.350203
5.41		-0.304173		-0.320709
5.42		-0.307082		-0.2909
5.43		-0.30969		-0.260806
5.44		-0.311994		-0.230456
5.45		-0.313993		-0.199881
5.46		-0.315684		-0.169109
5.47		-0.317066		-0.138172
5.48		-0.318137		-0.1071
5.49		-0.318896		-0.0759223
5.5		-0.319343		-0.0446705
5.51		-0.319477		-0.0133749
5.52		-0.319297		0.0179338
5.53		-0.318805		0.0492249
5.54		-0.318		0.0804678
5.55		-0.316884		0.111632
5.56		-0.315457		0.142686
5.57		-0.313721		0.173601
5.58		-0.311678		0.204346
5.59		-0.309329		0.23489
5.6		-0.306677		0.265205
5.61		-0.303724		0.295259
5.62		-0.300474		0.325024
5.63		-0.296929		0.35447
5.64		-0.293093		0.383569
5.65		-0.288971		0.412293
5.66		-0.284564		0.440612
5.67		-0.279879		0.468499
5.68		-0.27492		0.495927
5.69		-0.269692		0.522869
5.7		-0.264199		0.549299
5.71		-0.258447		0.575191
5.72		-0.252441		0.600518
5.73		-0.246189		0.625258
5.74		-0.239695		0.649384
5.75		-0.232966		0.672874
5.76		-0.226009		0.695705
5.77		-0.218831		0.717854
5.78		-0.211438		0.739299
5.79		-0.203837		0.76002
5.8		-0.196038		0.779996
5.81		-0.188045		0.799208
5.82		-0.179869		0.817636
5.83		-0.171516		0.835263
5.84		-0.162996		0.852072
5.85		-0.154315		0.868046
5.86		-0.145484		0.883169
5.87		-0.136509		0.897426
5.88		-0.127401		0.910804
5.89		-0.118168		0.923289
5.9		-0.10882		0.93487
5.91		-0.0993644		0.945534
5.92		-0.0898116		0.955272
5.93		-0.0801709		0.964073
5.94		-0.0704516		0.97193
5.95		-0.0606633		0.978834
5.96		-0.0508155		0.984779
5.97		-0.0409179		0.989759
5.98		-0.0309802		0.993769
5.99		-0.0210121		0.996805
6		-0.0110235		0.998864
6.01		-0.00102405		0.999945
6.02		0.0089764		1.00005
6.03		0.0189681		0.999165
6.04		0.0289411		0.997306
6.05		0.0388858		0.99447
6.06		0.0487924		0.990659
6.07		0.0586512		0.985878
6.08		0.0684525		0.98013
6.09		0.0781867		0.973422
6.1		0.0878443		0.965759
6.11		0.0974158		0.957151
6.12		0.106892		0.947604
6.13		0.116263		0.937128
6.14		0.12552		0.925735
6.15		0.134655		0.913434
6.16		0.143657		0.900237
6.17		0.152519		0.886159
6.18		0.161231		0.871212
6.19		0.169785		0.855412
6.2		0.178173		0.838773
6.21		0.186386		0.821312
6.22		0.194416		0.803046
6.23		0.202256		0.783993
6.24		0.209898		0.764172
6.25		0.217334		0.743602
6.26		0.224557		0.722303
6.27		0.23156		0.700297
6.28		0.238336		0.677604
6.29		0.244878		0.654247
6.3		0.251181		0.630249
6.31		0.257237		0.605633
6.32		0.263042		0.580424
6.33		0.268588		0.554646
6.34		0.273871		0.528324
6.35		0.278886		0.501485
6.36		0.283628		0.474154
6.37		0.288091		0.446358
6.38		0.292272		0.418125
6.39		0.296167		0.389483
6.4		0.299772		0.360458
6.41		0.303083		0.331081
6.42		0.306096		0.301379
6.43		0.30881		0.271381
6.44		0.311221		0.241118
6.45		0.313328		0.210618
6.46		0.315127		0.179912
6.47		0.316617		0.149029
6.48		0.317797		0.118001
6.49		0.318666		0.0868569
6.5		0.319222		0.0556277
6.51		0.319465		0.0243439
6.52		0.319396		-0.0069637
6.53		0.319013		-0.0382645
6.54		0.318318		-0.0695278
6.55		0.317311		-0.100723
6.56		0.315992		-0.131819
6.57		0.314365		-0.162787
6.58		0.312429		-0.193594
6.59		0.310186		-0.224212
6.6		0.30764		-0.254611
6.61		0.304793		-0.284759
6.62		0.301646		-0.314629
6.63		0.298205		-0.34419
6.64		0.29447		-0.373414
6.65		0.290448		-0.402273
6.66		0.28614		-0.430736
6.67		0.281553		-0.458778
6.68		0.276689		-0.48637
6.69		0.271554		-0.513486
6.7		0.266153		-0.540098
6.71		0.260491		-0.566181
6.72		0.254574		-0.591709
6.73		0.248408		-0.616657
6.74		0.241998		-0.641001
6.75		0.23535		-0.664717
6.76		0.228473		-0.687782
6.77		0.221371		-0.710172
6.78		0.214052		-0.731866
6.79		0.206524		-0.752843
6.8		0.198793		-0.773083
6.81		0.190867		-0.792564
6.82		0.182755		-0.811269
6.83		0.174463		-0.829179
6.84		0.166		-0.846277
6.85		0.157375		-0.862545
6.86		0.148595		-0.877967
6.87		0.13967		-0.89253
6.88		0.130607		-0.906217
6.89		0.121417		-0.919017
6.9		0.112108		-0.930916
6.91		0.102689		-0.941902
6.92		0.0931694		-0.951966
6.93		0.0835584		-0.961096
6.94		0.0738656		-0.969285
6.95		0.0641003		-0.976524
6.96		0.0542723		-0.982806
6.97		0.044391		-0.988124
6.98		0.0344663		-0.992475
6.99		0.0245078		-0.995852
7		0.0145252		-0.998254
7.01		0.00452845		-0.999678
7.02		-0.00547276		-1.00012
7.03		-0.0154686		-0.999585
7.04		-0.0254493		-0.998069
7.05		-0.0354051		-0.995575
7.06		-0.0453261		-0.992105
7.07		-0.0552027		-0.987663
7.08		-0.0650253		-0.982254
7.09		-0.0747841		-0.975881
7.1		-0.0844696		-0.968552
7.11		-0.0940724		-0.960274
7.12		-0.103583		-0.951055
7.13		-0.112992		-0.940904
7.14		-0.12229		-0.929831
7.15		-0.131469		-0.917846
7.16		-0.140518		-0.904962
7.17		-0.14943		-0.891192
7.18		-0.158196		-0.876548
7.19		-0.166806		-0.861044
7.2		-0.175253		-0.844697
7.21		-0.183528		-0.827523
7.22		-0.191624		-0.809537
7.23		-0.199531		-0.790758
7.24		-0.207243		-0.771204
7.25		-0.214752		-0.750894
7.26		-0.222051		-0.729848
7.27		-0.229132		-0.708087
7.28		-0.235988		-0.685632
7.29		-0.242613		-0.662505
7.3		-0.249		-0.638729
7.31		-0.255144		-0.614327
7.32		-0.261037		-0.589323
7.33		-0.266674		-0.563741
7.34		-0.27205		-0.537607
7.35		-0.27716		-0.510946
7.36		-0.281998		-0.483785
7.37		-0.286559		-0.456149
7.38		-0.29084		-0.428066
7.39		-0.294835		-0.399564
7.4		-0.298542		-0.37067
7.41		-0.301956		-0.341413
7.42		-0.305074		-0.311821
7.43		-0.307894		-0.281924
7.44		-0.310411		-0.25175
7.45		-0.312624		-0.22133
7.46		-0.314531		-0.190693
7.47		-0.31613		-0.159869
7.48		-0.317419		-0.128888
7.49		-0.318397		-0.097781
7.5		-0.319063		-0.0665781
7.51		-0.319416		-0.03531
7.52		-0.319456		-0.00400722
7.53		-0.319183		0.0272994
7.54		-0.318597		0.0585794
7.55		-0.317699		0.0898019
7.56		-0.31649		0.120936
7.57		-0.31497		0.151952
7.58		-0.313142		0.182819
7.59		-0.311007		0.213507
7.6		-0.308567		0.243986
7.61		-0.305825		0.274226
7.62		-0.302783		0.304196
7.63		-0.299444		0.333869
7.64		-0.295812		0.363215
7.65		-0.29189		0.392204
7.66		-0.287682		0.420809
7.67		-0.283192		0.449002
7.68		-0.278424		0.476755
7.69		-0.273384		0.504041
7.7		-0.268075		0.530832
7.71		-0.262504		0.557104
7.72		-0.256676		0.582829
7.73		-0.250596		0.607983
7.74		-0.244271		0.632542
7.75		-0.237706		0.65648
7.76		-0.230908		0.679775
7.77		-0.223884		0.702404
7.78		-0.216641		0.724345
7.79		-0.209185		0.745576
7.8		-0.201524		0.766076
7.81		-0.193666		0.785825
7.82		-0.185618		0.804805
7.83		-0.177388		0.822995
7.84		-0.168984		0.840379
7.85		-0.160415		0.85694
7.86		-0.151688		0.87266
7.87		-0.142813		0.887526
7.88		-0.133798		0.901521
7.89		-0.124651		0.914634
7.9		-0.115383		0.92685
7.91		-0.106001		0.938157
7.92		-0.0965159		0.948545
7.93		-0.0869359		0.958004
7.94		-0.0772707		0.966523
7.95		-0.0675297		0.974096
7.96		-0.0577226		0.980714
7.97		-0.0478589		0.986371
7.98		-0.0379483		0.991061
7.99		-0.0280005		0.99478
8		-0.0180252		0.997524
8.01		-0.00803231		0.99929
8.02		0.00196846		1.00008
8.03		0.0119673		0.999885
8.04		0.0219544		0.998712
8.05		0.03192		0.99656
8.06		0.0418544		0.993432
8.07		0.0517477		0.98933
8.08		0.0615902		0.984259
8.09		0.0713725		0.978223
8.1		0.0810848		0.971229
8.11		0.0907176		0.963282
8.12		0.100262		0.954392
8.13		0.109707		0.944566
8.14		0.119045		0.933815
8.15		0.128267		0.922149
8.16		0.137363		0.909579
8.17		0.146324		0.896117
8.18		0.155142		0.881777
8.19		0.163807		0.866573
8.2		0.172312		0.85052
8.21		0.180649		0.833634
8.22		0.188808		0.81593
8.23		0.196782		0.797427
8.24		0.204564		0.778142
8.25		0.212145		0.758095
8.26		0.219518		0.737305
8.27		0.226676		0.715792
8.28		0.233612		0.693578
8.29		0.240318		0.670684
8.3		0.24679		0.647133
8.31		0.253019		0.622947
8.32		0.259001		0.598151
8.33		0.264728		0.572769
8.34		0.270197		0.546826
8.35		0.2754		0.520347
8.36		0.280334		0.493358
8.37		0.284993		0.465885
8.38		0.289372		0.437956
8.39		0.293468		0.409597
8.4		0.297276		0.380837
8.41		0.300793		0.351704
8.42		0.304016		0.322226
8.43		0.30694		0.292433
8.44		0.309564		0.262353
8.45		0.311884		0.232016
8.46		0.313898		0.201451
8.47		0.315605		0.170689
8.48		0.317003		0.13976
8.49		0.31809		0.108693
8.5		0.318865		0.0775205
8.51		0.319328		0.0462718
8.52		0.319477		0.0149777
8.53		0.319314		-0.0163311
8.54		0.318838		-0.0476239
8.55		0.318049		-0.07887
8.56		0.316949		-0.110039
8.57		0.315538		-0.1411
8.58		0.313817		-0.172022
8.59		0.31179		-0.202777
8.6		0.309456		-0.233332
8.61		0.30682		-0.263659
8.62		0.303883		-0.293727
8.63		0.300647		-0.323508
8.64		0.297118		-0.352971
8.65		0.293297		-0.382089
8.66		0.289189		-0.410832
8.67		0.284797		-0.439172
8.68		0.280126		-0.467082
8.69		0.275181		-0.494535
8.7		0.269966		-0.521502
8.71		0.264486		-0.547959
8.72		0.258747		-0.573879
8.73		0.252755		-0.599236
8.74		0.246515		-0.624006
8.75		0.240033		-0.648164
8.76		0.233316		-0.671687
8.77		0.226371		-0.694552
8.78		0.219203		-0.716737
8.79		0.211821		-0.738219
8.8		0.204231		-0.758977
8.81		0.196442		-0.778992
8.82		0.188459		-0.798243
8.83		0.180292		-0.816712
8.84		0.171948		-0.834381
8.85		0.163436		-0.851232
8.86		0.154763		-0.867248
8.87		0.145939		-0.882415
8.88		0.136972		-0.896717
8.89		0.127871		-0.910141
8.9		0.118644		-0.922672
8.91		0.109301		-0.934299
8.92		0.0998509		-0.94501
8.93		0.0903029		-0.954796
8.94		0.0806664		-0.963646
8.95		0.0709509		-0.971551
8.96		0.0611659		-0.978504
8.97		0.0513209		-0.984498
8.98		0.0414256		-0.989528
8.99		0.0314898		-0.993587
9		0.021523		-0.996673
9.01		0.0115352		-0.998783
9.02		0.00153607		-0.999913
9.03		-0.00846457		-1.00006
9.04		-0.0184569		-0.999234
9.05		-0.0284312		-0.997425
9.06		-0.0383776		-0.994639
9.07		-0.0482863		-0.990878
9.08		-0.0581478		-0.986146
9.09		-0.0679523		-0.980448
9.1		-0.0776902		-0.973788
9.11		-0.0873519		-0.966175
9.12		-0.096928		-0.957614
9.13		-0.106409		-0.948115
9.14		-0.115786		-0.937687
9.15		-0.125049		-0.92634
9.16		-0.13419		-0.914085
9.17		-0.1432		-0.900935
9.18		-0.152069		-0.886901
9.19		-0.160789		-0.871998
9.2		-0.169351		-0.856241
9.21		-0.177748		-0.839645
9.22		-0.18597		-0.822225
9.23		-0.19401		-0.804
9.24		-0.20186		-0.784987
9.25		-0.209512		-0.765205
9.26		-0.216958		-0.744673
9.27		-0.224193		-0.723411
9.28		-0.231207		-0.70144
9.29		-0.237995		-0.678782
9.3		-0.244549		-0.655458
9.31		-0.250864		-0.631493
9.32		-0.256933		-0.606908
9.33		-0.262751		-0.581728
9.34		-0.26831		-0.555979
9.35		-0.273607		-0.529684
9.36		-0.278636		-0.502871
9.37		-0.283392		-0.475565
9.38		-0.28787		-0.447792
9.39		-0.292065		-0.419581
9.4		-0.295975		-0.390959
9.41		-0.299594		-0.361953
9.42		-0.30292		-0.332593
9.43		-0.305949		-0.302907
9.44		-0.308679		-0.272924
9.45		-0.311105		-0.242673
9.46		-0.313227		-0.212185
9.47		-0.315042		-0.181488
9.48		-0.316548		-0.150614
9.49		-0.317744		-0.119593
9.5		-0.318629		-0.0884536
9.51		-0.319201		-0.057228
9.52		-0.31946		-0.0259463
9.53		-0.319407		0.00536083
9.54		-0.31904		0.0366627
9.55		-0.318361		0.0679287
9.56		-0.31737		0.099128
9.57		-0.316067		0.13023
9.58		-0.314455		0.161205
9.59		-0.312535		0.192021
9.6		-0.310309		0.22265
9.61		-0.307778		0.25306
9.62		-0.304946		0.283222
9.63		-0.301815		0.313107
9.64		-0.298388		0.342685
9.65		-0.294669		0.371927
9.66		-0.290661		0.400804
9.67		-0.286368		0.429289
9.68		-0.281794		0.457353
9.69		-0.276944		0.484969
9.7		-0.271823		0.51211
9.71		-0.266436		0.538748
9.72		-0.260787		0.564859
9.73		-0.254883		0.590416
9.74		-0.248729		0.615395
9.75		-0.242331		0.63977
9.76		-0.235696		0.663519
9.77		-0.22883		0.686617
9.78		-0.22174		0.709042
9.79		-0.214432		0.730773
9.8		-0.206914		0.751787
9.81		-0.199193		0.772065
9.82		-0.191278		0.791586
9.83		-0.183174		0.810331
9.84		-0.174891		0.828282
9.85		-0.166437		0.845421
9.86		-0.15782		0.861732
9.87		-0.149048		0.877198
9.88		-0.14013		0.891805
9.89		-0.131075		0.905538
9.9		-0.121891		0.918383
9.91		-0.112587		0.930329
9.92		-0.103174		0.941362
9.93		-0.093659		0.951473
9.94		-0.0840525		0.960652
9.95		-0.0743636		0.968889
9.96		-0.0646019		0.976176
9.97		-0.0547768		0.982507
9.98		-0.044898		0.987876
9.99		-0.0349753		0.992276
10		-0.0250183		0.995703
10.01		-0.0150367		0.998155
10.02		-0.00504042		0.999629
10.03		0.0049608		1.00012
10.04		0.0149572		0.999636
10.05		0.0249389		0.998171
10.06		0.0348961		0.995727
10.07		0.0448192		0.992307
10.08		0.0546984		0.987914
10.09		0.0645239		0.982554
10.1		0.0742862		0.976231
10.11		0.0839757		0.968951
10.12		0.0935829		0.960721
10.13		0.103098		0.95155
10.14		0.112513		0.941446
10.15		0.121817		0.93042
10.16		0.131002		0.918482
10.17		0.140058		0.905644
10.18		0.148978		0.891918
10.19		0.157751		0.877318
10.2		0.166369		0.861859
10.21		0.174825		0.845554
10.22		0.183109		0.828422
10.23		0.191214		0.810477
10.24		0.199131		0.791738
10.25		0.206853		0.772223
10.26		0.214373		0.751951
10.27		0.221682		0.730943
10.28		0.228775		0.709218
10.29		0.235643		0.686798
10.3		0.24228		0.663705
10.31		0.248679		0.639962
10.32		0.254835		0.615591
10.33		0.260741		0.590617
10.34		0.266392		0.565065
10.35		0.271782		0.538958
10.36		0.276905		0.512324
10.37		0.281757		0.485187
10.38		0.286332		0.457575
10.39		0.290628		0.429514
10.4		0.294638		0.401033
10.41		0.298359		0.372158
10.42		0.301789		0.342919
10.43		0.304922		0.313344
10.44		0.307757		0.283461
10.45		0.31029		0.253301
10.46		0.312519		0.222893
10.47		0.314441		0.192266
10.48		0.316056		0.161451
10.49		0.317361		0.130477
10.5		0.318354		0.0993761
10.51		0.319036		0.0681773
10.52		0.319405		0.0369118
10.53		0.319461		0.0056101
10.54		0.319204		-0.0256971
10.55		0.318635		-0.0569791
10.56		0.317752		-0.0882053
10.57		0.316559		-0.119345
10.58		0.315055		-0.150368
10.59		0.313243		-0.181243
10.6		0.311124		-0.211941
10.61		0.308699		-0.242431
10.62		0.305972		-0.272684
10.63		0.302946		-0.302669
10.64		0.299622		-0.332358
10.65		0.296005		-0.361721
10.66		0.292098		-0.390729
10.67		0.287904		-0.419355
10.68		0.283428		-0.447569
10.69		0.278675		-0.475345
10.7		0.273648		-0.502655
10.71		0.268354		-0.529473
10.72		0.262796		-0.555772
10.73		0.256981		-0.581526
10.74		0.250914		-0.60671
10.75		0.244601		-0.631299
10.76		0.238048		-0.65527
10.77		0.231262		-0.678599
10.78		0.224249		-0.701262
10.79		0.217017		-0.723239
10.8		0.209572		-0.744507
10.81		0.201921		-0.765045
10.82		0.194073		-0.784833
10.83		0.186035		-0.803852
10.84		0.177814		-0.822083
10.85		0.169419		-0.839509
10.86		0.160857		-0.856112
10.87		0.152139		-0.871876
10.88		0.143271		-0.886786
10.89		0.134263		-0.900826
10.9		0.125123		-0.913984
10.91		0.11586		-0.926246
10.92		0.106484		-0.9376
10.93		0.0970039		-0.948036
10.94		0.0874285		-0.957542
10.95		0.0777674		-0.96611
10.96		0.0680301		-0.973731
10.97		0.0582261		-0.980398
10.98		0.048365		-0.986105
10.99		0.0384566		-0.990844
11		0.0285105		-0.994613
11.01		0.0185364		-0.997407
11.02		0.00854416		-0.999224
11.03		-0.00145645		-1.00006
11.04		-0.0114556		-0.999918
11.05		-0.0214436		-0.998796
11.06		-0.0314105		-0.996694
11.07		-0.0413467		-0.993616
11.08		-0.0512423		-0.989564
11.09		-0.0610877		-0.984542
11.1		-0.0708733		-0.978556
11.11		-0.0805894		-0.97161
11.12		-0.0902265		-0.963712
11.13		-0.0997752		-0.95487
11.14		-0.109226		-0.945092
11.15		-0.11857		-0.934388
11.16		-0.127798		-0.922768
11.17		-0.1369		-0.910244
11.18		-0.145868		-0.896828
11.19		-0.154694		-0.882533
11.2		-0.163367		-0.867373
11.21		-0.171881		-0.851363
11.22		-0.180226		-0.834518
11.23		-0.188395		-0.816856
11.24		-0.196379		-0.798393
11.25		-0.20417		-0.779148
11.26		-0.211762		-0.75914
11.27		-0.219146		-0.738387
11.28		-0.226315		-0.716911
11.29		-0.233262		-0.694732
11.3		-0.239981		-0.671872
11.31		-0.246464		-0.648354
11.32		-0.252706		-0.624201
11.33		-0.258701		-0.599435
11.34		-0.264441		-0.574083
11.35		-0.269923		-0.548167
11.36		-0.27514		-0.521715
11.37		-0.280088		-0.494751
11.38		-0.284761		-0.467303
11.39		-0.289155		-0.439396
11.4		-0.293265		-0.411059
11.41		-0.297088		-0.382319
11.42		-0.300621		-0.353204
11.43		-0.303858		-0.323743
11.44		-0.306798		-0.293965
11.45		-0.309437		-0.263899
11.46		-0.311772		-0.233574
11.47		-0.313803		-0.203021
11.48		-0.315525		-0.172268
11.49		-0.316939		-0.141347
11.5		-0.318042		-0.110287
11.51		-0.318833		-0.0791185
11.52		-0.319311		-0.0478729
11.53		-0.319477		-0.0165804
11.54		-0.31933		0.0147284
11.55		-0.31887		0.0460228
11.56		-0.318097		0.077272
11.57		-0.317013		0.108446
11.58		-0.315617		0.139513
11.59		-0.313913		0.170443
11.6		-0.311901		0.201207
11.61		-0.309583		0.231773
11.62		-0.306962		0.262112
11.63		-0.30404		0.292194
11.64		-0.30082		0.32199
11.65		-0.297306		0.351471
11.66		-0.293499		0.380607
11.67		-0.289406		0.40937
11.68		-0.285028		0.437731
11.69		-0.280372		0.465664
11.7		-0.27544		0.493141
11.71		-0.270239		0.520134
11.72		-0.264773		0.546617
11.73		-0.259047		0.572565
11.74		-0.253068		0.597952
11.75		-0.24684		0.622752
11.76		-0.240371		0.646943
11.77		-0.233666		0.670499
11.78		-0.226732		0.693398
11.79		-0.219576		0.715618
11.8		-0.212204		0.737136
11.81		-0.204625		0.757932
11.82		-0.196845		0.777986
11.83		-0.188872		0.797276
11.84		-0.180714		0.815786
11.85		-0.17238		0.833496
11.86		-0.163876		0.850389
11.87		-0.155211		0.866449
11.88		-0.146395		0.88166
11.89		-0.137434		0.896006
11.9		-0.12834		0.909475
11.91		-0.119119		0.922052
11.92		-0.109782		0.933726
11.93		-0.100337		0.944485
11.94		-0.0907939		0.954318
11.95		-0.0811618		0.963215
11.96		-0.0714501		0.971169
11.97		-0.0616684		0.978171
11.98		-0.0518262		0.984215
11.99		-0.0419333		0.989294
12		-0.0319993		0.993403
12.01		-0.0220339		0.996539
12.02		-0.0120469		0.998699
12.03		-0.00204809		0.999879
12.04		0.00795271		1.00008
12.05		0.0179457		0.9993
12.06		0.0279211		0.997542
12.07		0.0378692		0.994805
12.08		0.0477801		0.991094
12.09		0.0576442		0.986412
12.1		0.0674519		0.980763
12.11		0.0771934		0.974152
12.12		0.0868593		0.966587
12.13		0.09644		0.958075
12.14		0.105926		0.948624
12.15		0.115309		0.938243
12.16		0.124578		0.926943
12.17		0.133725		0.914734
12.18		0.142742		0.901629
12.19		0.151618		0.887641
12.2		0.160346		0.872782
12.21		0.168917		0.857068
12.22		0.177322		0.840514
12.23		0.185553		0.823137
12.24		0.193603		0.804953
12.25		0.201463		0.78598
12.26		0.209125		0.766236
12.27		0.216582		0.745742
12.28		0.223827		0.724517
12.29		0.230853		0.702582
12.3		0.237653		0.679958
12.31		0.24422		0.656668
12.32		0.250547		0.632735
12.33		0.256629		0.608181
12.34		0.262459		0.583031
12.35		0.268032		0.557311
12.36		0.273343		0.531043
12.37		0.278385		0.504256
12.38		0.283155		0.476974
12.39		0.287647		0.449225
12.4		0.291857		0.421035
12.41		0.295782		0.392433
12.42		0.299416		0.363447
12.43		0.302757		0.334104
12.44		0.305802		0.304434
12.45		0.308546		0.274465
12.46		0.310989		0.244228
12.47		0.313126		0.213751
12.48		0.314957		0.183064
12.49		0.316479		0.152199
12.5		0.317691		0.121184
12.51		0.318591		0.0900501
12.52		0.319179		0.0588282
12.53		0.319455		0.0275486
12.54		0.319417		-0.00375796
12.55		0.319067		-0.0350608
12.56		0.318403		-0.0663294
12.57		0.317428		-0.0975329
12.58		0.316142		-0.128641
12.59		0.314545		-0.159623
12.6		0.312641		-0.190448
12.61		0.31043		-0.221087
12.62		0.307915		-0.251509
12.63		0.305098		-0.281685
12.64		0.301982		-0.311584
12.65		0.29857		-0.341179
12.66		0.294866		-0.370439
12.67		0.290873		-0.399335
12.68		0.286594		-0.427841
12.69		0.282035		-0.455927
12.7		0.277199		-0.483567
12.71		0.272092		-0.510732
12.72		0.266718		-0.537397
12.73		0.261083		-0.563536
12.74		0.255191		-0.589122
12.75		0.24905		-0.61413
12.76		0.242665		-0.638537
12.77		0.236042		-0.662319
12.78		0.229187		-0.685451
12.79		0.222108		-0.707911
12.8		0.214811		-0.729678
12.81		0.207304		-0.750729
12.82		0.199594		-0.771045
12.83		0.191687		-0.790605
12.84		0.183594		-0.80939
12.85		0.17532		-0.827382
12.86		0.166874		-0.844564
12.87		0.158265		-0.860917
12.88		0.149501		-0.876427
12.89		0.14059		-0.891079
12.9		0.131541		-0.904856
12.91		0.122364		-0.917747
12.92		0.113066		-0.929739
12.93		0.103658		-0.94082
12.94		0.0941485		-0.950978
12.95		0.0845464		-0.960205
12.96		0.0748615		-0.96849
12.97		0.0651032		-0.975827
12.98		0.0552812		-0.982207
12.99		0.0454049		-0.987624
13		0.0354842		-0.992074
13.01		0.0255287		-0.995551
13.02		0.0155481		-0.998053
13.03		0.00555238		-0.999577
13.04		-0.00444883		-1.00012
13.05		-0.0144457		-0.999685
13.06		-0.0244284		-0.998269
13.07		-0.0343871		-0.995875
13.08		-0.0443122		-0.992505
13.09		-0.0541938		-0.988163
13.1		-0.0640223		-0.982852
13.11		-0.0737881		-0.976578
13.12		-0.0834816		-0.969346
13.13		-0.0930932		-0.961165
13.14		-0.102614		-0.952042
13.15		-0.112034		-0.941986
13.16		-0.121344		-0.931007
13.17		-0.130535		-0.919115
13.18		-0.139598		-0.906323
13.19		-0.148524		-0.892642
13.2		-0.157305		-0.878087
13.21		-0.165932		-0.862671
13.22		-0.174396		-0.846409
13.23		-0.182689		-0.829319
13.24		-0.190803		-0.811415
13.25		-0.198731		-0.792716
13.26		-0.206463		-0.773241
13.27		-0.213993		-0.753007
13.28		-0.221313		-0.732036
13.29		-0.228417		-0.710347
13.3		-0.235296		-0.687962
13.31		-0.241946		-0.664903
13.32		-0.248357		-0.641193
13.33		-0.254526		-0.616854
13.34		-0.260445		-0.59191
13.35		-0.266109		-0.566387
13.36		-0.271512		-0.540308
13.37		-0.276649		-0.5137
13.38		-0.281515		-0.486588
13.39		-0.286105		-0.459
13.4		-0.290415		-0.430961
13.41		-0.29444		-0.402501
13.42		-0.298176		-0.373646
13.43		-0.30162		-0.344424
13.44		-0.304769		-0.314866
13.45		-0.307619		-0.284998
13.46		-0.310167		-0.254852
13.47		-0.312412		-0.224455
13.48		-0.31435		-0.193839
13.49		-0.315981		-0.163033
13.5		-0.317301		-0.132066
13.51		-0.318311		-0.100971
13.52		-0.319009		-0.0697764
13.53		-0.319394		-0.0385136
13.54		-0.319466		-0.00721296
13.55		-0.319225		0.0240947
13.56		-0.318671		0.0553788
13.57		-0.317805		0.0866086
13.58		-0.316628		0.117753
13.59		-0.31514		0.148783
13.6		-0.313343		0.179667
13.61		-0.311239		0.210374
13.62		-0.308831		0.240876
13.63		-0.306119		0.271141
13.64		-0.303108		0.301141
13.65		-0.299799		0.330845
13.66		-0.296197		0.360226
13.67		-0.292305		0.389253
13.68		-0.288126		0.417899
13.69		-0.283664		0.446135
13.7		-0.278925		0.473934
13.71		-0.273912		0.501269
13.72		-0.268631		0.528112
13.73		-0.263087		0.554438
13.74		-0.257285		0.580221
13.75		-0.25123		0.605435
13.76		-0.24493		0.630055
13.77		-0.238389		0.654058
13.78		-0.231615		0.67742
13.79		-0.224614		0.700119
13.8		-0.217392		0.722131
13.81		-0.209958		0.743435
13.82		-0.202318		0.764011
13.83		-0.19448		0.783838
13.84		-0.186451		0.802897
13.85		-0.178239		0.821169
13.86		-0.169852		0.838637
13.87		-0.1613		0.855282
13.88		-0.152589		0.87109
13.89		-0.143728		0.886043
13.9		-0.134727		0.900129
13.91		-0.125594		0.913332
13.92		-0.116337		0.92564
13.93		-0.106967		0.937041
13.94		-0.0974916		0.947524
13.95		-0.0879209		0.957078
13.96		-0.0782639		0.965695
13.97		-0.0685303		0.973364
13.98		-0.0587295		0.98008
13.99		-0.0488711		0.985836
14		-0.0389649		0.990625
14.01		-0.0290204		0.994444
14.02		-0.0190475		0.997288
14.03		-0.009056		0.999154
14.04		0.000944424		1.00004
14.05		0.0109439		0.999949
14.06		0.0209327		0.998877
14.07		0.0309009		0.996825
14.08		0.0408389		0.993797
14.09		0.0507369		0.989795
14.1		0.0605851		0.984823
14.11		0.0703739		0.978885
14.12		0.0800938		0.971989
14.13		0.0897352		0.96414
14.14		0.0992887		0.955345
14.15		0.108745		0.945615
14.16		0.118094		0.934958
14.17		0.127328		0.923385
14.18		0.136437		0.910907
14.19		0.145413		0.897536
14.2		0.154246		0.883285
14.21		0.162927		0.868169
14.22		0.171449		0.852203
14.23		0.179803		0.835401
14.24		0.187981		0.81778
14.25		0.195975		0.799358
14.26		0.203776		0.780152
14.27		0.211378		0.760182
14.28		0.218773		0.739467
14.29		0.225953		0.718027
14.3		0.232912		0.695884
14.31		0.239642		0.673059
14.32		0.246138		0.649574
14.33		0.252393		0.625452
14.34		0.2584		0.600718
14.35		0.264154		0.575394
14.36		0.269649		0.549507
14.37		0.27488		0.523082
14.38		0.279841		0.496144
14.39		0.284528		0.468719
14.4		0.288937		0.440835
14.41		0.293062		0.41252
14.42		0.2969		0.3838
14.43		0.300447		0.354703
14.44		0.303699		0.32526
14.45		0.306654		0.295497
14.46		0.309309		0.265445
14.47		0.31166		0.235133
14.48		0.313706		0.20459
14.49		0.315445		0.173847
14.5		0.316874		0.142933
14.51		0.317993		0.11188
14.52		0.3188		0.0807163
14.53		0.319295		0.0494739
14.54		0.319476		0.018183
14.55		0.319345		-0.0131257
14.56		0.318901		-0.0444215
14.57		0.318144		-0.0756738
14.58		0.317076		-0.106852
14.59		0.315696		-0.137925
14.6		0.314008		-0.168864
14.61		0.312011		-0.199636
14.62		0.309709		-0.230213
14.63		0.307104		-0.260565
14.64		0.304197		-0.290661
14.65		0.300992		-0.320472
14.66		0.297493		-0.34997
14.67		0.293701		-0.379124
14.68		0.289622		-0.407907
14.69		0.285259		-0.43629
14.7		0.280617		-0.464245
14.71		0.275699		-0.491746
14.72		0.270512		-0.518764
14.73		0.265059		-0.545274
14.74		0.259347		-0.57125
14.75		0.25338		-0.596666
14.76		0.247165		-0.621497
14.77		0.240708		-0.645719
14.78		0.234015		-0.669309
14.79		0.227092		-0.692242
14.8		0.219947		-0.714497
14.81		0.212587		-0.736052
14.82		0.205018		-0.756886
14.83		0.197248		-0.776977
14.84		0.189285		-0.796308
14.85		0.181136		-0.814858
14.86		0.17281		-0.832609
14.87		0.164315		-0.849544
14.88		0.155658		-0.865647
14.89		0.146849		-0.880902
14.9		0.137897		-0.895293
14.91		0.128808		-0.908807
14.92		0.119594		-0.92143
14.93		0.110263		-0.93315
14.94		0.100823		-0.943956
14.95		0.0912847		-0.953837
14.96		0.0816569		-0.962783
14.97		0.0719491		-0.970785
14.98		0.0621707		-0.977836
14.99		0.0523314		-0.983929
15		0.0424408		-0.989057
15.01		0.0325087		-0.993216
15.02		0.0225446		-0.996402
15.03		0.0125585		-0.998612
15.04		0.0025601		-0.999842
15.05		-0.00744083		-1.00009
15.06		-0.0174345		-0.999364
15.07		-0.027411		-0.997656
15.08		-0.0373607		-0.994969
15.09		-0.0472738		-0.991308
15.1		-0.0571406		-0.986675
15.11		-0.0669513		-0.981075
15.12		-0.0766964		-0.974514
15.13		-0.0863664		-0.966998
15.14		-0.0959518		-0.958534
15.15		-0.105443		-0.949131
15.16		-0.114831		-0.938797
15.17		-0.124106		-0.927544
15.18		-0.13326		-0.915381
15.19		-0.142284		-0.902322
15.2		-0.151167		-0.888378
15.21		-0.159903		-0.873564
15.22		-0.168482		-0.857893
15.23		-0.176896		-0.841382
15.24		-0.185136		-0.824046
15.25		-0.193195		-0.805903
15.26		-0.201065		-0.78697
15.27		-0.208738		-0.767265
15.28		-0.216206		-0.746809
15.29		-0.223462		-0.725621
15.3		-0.230499		-0.703722
15.31		-0.23731		-0.681133
15.32		-0.243889		-0.657876
15.33		-0.250229		-0.633975
15.34		-0.256323		-0.609453
15.35		-0.262167		-0.584333
15.36		-0.267753		-0.558641
15.37		-0.273077		-0.532401
15.38		-0.278134		-0.505639
15.39		-0.282917		-0.478382
15.4		-0.287424		-0.450656
15.41		-0.291649		-0.422489
15.42		-0.295588		-0.393907
15.43		-0.299237		-0.36494
15.44		-0.302593		-0.335614
15.45		-0.305653		-0.30596
15.46		-0.308413		-0.276006
15.47		-0.310871		-0.245782
15.48		-0.313024		-0.215316
15.49		-0.31487		-0.18464
15.5		-0.316408		-0.153783
15.51		-0.317636		-0.122775
15.52		-0.318553		-0.0916464
15.53		-0.319157		-0.0604282
15.54		-0.319448		-0.0291509
15.55		-0.319427		0.00215507
15.56		-0.319092		0.0334589
15.57		-0.318445		0.0647299
15.58		-0.317486		0.0959375
15.59		-0.316215		0.127051
15.6		-0.314635		0.15804
15.61		-0.312746		0.188874
15.62		-0.310551		0.219523
15.63		-0.308051		0.249957
15.64		-0.30525		0.280146
15.65		-0.302149		0.310061
15.66		-0.298752		0.339671
15.67		-0.295063		0.368949
15.68		-0.291084		0.397865
15.69		-0.28682		0.426392
15.7		-0.282275		0.4545
15.71		-0.277454		0.482163
15.72		-0.27236		0.509353
15.73		-0.267		0.536045
15.74		-0.261377		0.562211
15.75		-0.255499		0.587826
15.76		-0.249371		0.612865
15.77		-0.242998		0.637303
15.78		-0.236386		0.661117
15.79		-0.229544		0.684282
15.8		-0.222476		0.706778
15.81		-0.21519		0.72858
15.82		-0.207693		0.749669
15.83		-0.199993		0.770023
15.84		-0.192097		0.789622
15.85		-0.184012		0.808448
15.86		-0.175748		0.826481
15.87		-0.16731		0.843704
15.88		-0.158709		0.860101
15.89		-0.149953		0.875654
15.9		-0.141049		0.89035
15.91		-0.132008		0.904172
15.92		-0.122837		0.917109
15.93		-0.113545		0.929147
15.94		-0.104142		0.940275
15.95		-0.0946376		0.950481
15.96		-0.0850401		0.959755
15.97		-0.0753592		0.968089
15.98		-0.0656044		0.975474
15.99		-0.0557854		0.981903
16		-0.0459117		0.98737
16.01		-0.035993		0.99187
16.02		-0.026039		0.995397
16.03		-0.0160595		0.997949
16.04		-0.00606432		0.999523
16.05		0.00393685		1.00012
16.06		0.0139342		0.999731
16.07		0.0239178		0.998366
16.08		0.033878		0.996022
16.09		0.0438051		0.992702
16.1		0.0536891		0.988409
16.11		0.0635206		0.983147
16.12		0.0732898		0.976922
16.13		0.0829872		0.96974
16.14		0.0926033		0.961607
16.15		0.102129		0.952532
16.16		0.111554		0.942523
16.17		0.12087		0.931591
16.18		0.130067		0.919746
16.19		0.139137		0.906999
16.2		0.148071		0.893364
16.21		0.156859		0.878853
16.22		0.165494		0.863481
16.23		0.173967		0.847262
16.24		0.182269		0.830213
16.25		0.190392		0.812351
16.26		0.198329		0.793693
16.27		0.206072		0.774256
16.28		0.213613		0.754061
16.29		0.220944		0.733127
16.3		0.228059		0.711475
16.31		0.23495		0.689125
16.32		0.241611		0.6661
16.33		0.248035		0.642422
16.34		0.254216		0.618115
16.35		0.260148		0.593201
16.36		0.265825		0.567707
16.37		0.271242		0.541656
16.38		0.276393		0.515074
16.39		0.281272		0.487988
16.4		0.285877		0.460423
16.41		0.290201		0.432407
16.42		0.29424		0.403968
16.43		0.297992		0.375132
16.44		0.301451		0.345929
16.45		0.304615		0.316387
16.46		0.30748		0.286534
16.47		0.310044		0.256401
16.48		0.312304		0.226017
16.49		0.314259		0.195411
16.5		0.315905		0.164614
16.51		0.317241		0.133655
16.52		0.318267		0.102565
16.53		0.318981		0.0713753
16.54		0.319382		0.0401152
16.55		0.31947		0.0088158
16.56		0.319245		-0.0224923
16.57		0.318707		-0.0537783
16.58		0.317857		-0.0850116
16.59		0.316696		-0.116162
16.6		0.315224		-0.147198
16.61		0.313443		-0.17809
16.62		0.311355		-0.208807
16.63		0.308961		-0.23932
16.64		0.306265		-0.269598
16.65		0.303269		-0.299612
16.66		0.299976		-0.329332
16.67		0.296389		-0.35873
16.68		0.292511		-0.387776
16.69		0.288346		-0.416442
16.7		0.283899		-0.4447
16.71		0.279174		-0.472522
16.72		0.274175		-0.499881
16.73		0.268908		-0.526751
16.74		0.263377		-0.553104
16.75		0.257588		-0.578914
16.76		0.251546		-0.604158
16.77		0.245258		-0.62881
16.78		0.23873		-0.652845
16.79		0.231967		-0.67624
16.8		0.224977		-0.698973
16.81		0.217767		-0.721021
16.82		0.210344		-0.742362
16.83		0.202714		-0.762976
16.84		0.194885		-0.782842
16.85		0.186866		-0.801941
16.86		0.178664		-0.820253
16.87		0.170286		-0.837762
16.88		0.161741		-0.85445
16.89		0.153038		-0.870301
16.9		0.144185		-0.885299
16.91		0.135191		-0.899429
16.92		0.126064		-0.912678
16.93		0.116814		-0.925032
16.94		0.107449		-0.93648
16.95		0.0979791		-0.94701
16.96		0.088413		-0.956612
16.97		0.0787602		-0.965276
16.98		0.0690303		-0.972995
16.99		0.0592327		-0.97976
17		0.049377		-0.985565
17.01		0.039473		-0.990404
17.02		0.0295303		-0.994272
17.03		0.0195586		-0.997166
17.04		0.0095678		-0.999083
17.05		-0.0004324		-1.00002
17.06		-0.0104322		-0.999978
17.07		-0.0204217		-0.998956
17.08		-0.0303913		-0.996954
17.09		-0.040331		-0.993976
17.1		-0.0502313		-0.990023
17.11		-0.0600823		-0.985101
17.12		-0.0698744		-0.979213
17.13		-0.0795981		-0.972365
17.14		-0.0892437		-0.964564
17.15		-0.0988019		-0.955819
17.16		-0.108263		-0.946136
17.17		-0.117619		-0.935526
17.18		-0.126858		-0.924
17.19		-0.135974		-0.911567
17.2		-0.144957		-0.898242
17.21		-0.153797		-0.884036
17.22		-0.162487		-0.868964
17.23		-0.171017		-0.85304
17.24		-0.17938		-0.836281
17.25		-0.187567		-0.818701
17.26		-0.19557		-0.80032
17.27		-0.203382		-0.781154
17.28		-0.210994		-0.761223
17.29		-0.218399		-0.740545
17.3		-0.225591		-0.719142
17.31		-0.232561		-0.697034
17.32		-0.239303		-0.674243
17.33		-0.245811		-0.650792
17.34		-0.252078		-0.626702
17.35		-0.258098		-0.601998
17.36		-0.263865		-0.576705
17.37		-0.269374		-0.550846
17.38		-0.274618		-0.524447
17.39		-0.279594		-0.497535
17.4		-0.284295		-0.470135
17.41		-0.288718		-0.442274
17.42		-0.292858		-0.413979
17.43		-0.29671		-0.385279
17.44		-0.300272		-0.356202
17.45		-0.30354		-0.326775
17.46		-0.30651		-0.297028
17.47		-0.30918		-0.26699
17.48		-0.311547		-0.23669
17.49		-0.313609		-0.206159
17.5		-0.315363		-0.175425
17.51		-0.316808		-0.144519
17.52		-0.317943		-0.113472
17.53		-0.318766		-0.0823138
17.54		-0.319277		-0.0510747
17.55		-0.319475		-0.0197856
17.56		-0.319359		0.0115229
17.57		-0.318931		0.0428201
17.58		-0.318191		0.0740754
17.59		-0.317138		0.105258
17.6		-0.315775		0.136338
17.61		-0.314102		0.167283
17.62		-0.312121		0.198065
17.63		-0.309835		0.228653
17.64		-0.307244		0.259017
17.65		-0.304353		0.289127
17.66		-0.301164		0.318954
17.67		-0.297679		0.348468
17.68		-0.293902		0.37764
17.69		-0.289838		0.406443
17.7		-0.28549		0.434847
17.71		-0.280861		0.462825
17.72		-0.275958		0.490349
17.73		-0.270784		0.517393
17.74		-0.265345		0.54393
17.75		-0.259645		0.569934
17.76		-0.253691		0.595379
17.77		-0.247489		0.620241
17.78		-0.241044		0.644495
17.79		-0.234363		0.668117
17.8		-0.227452		0.691084
17.81		-0.220318		0.713375
17.82		-0.212969		0.734966
17.83		-0.20541		0.755837
17.84		-0.197651		0.775967
17.85		-0.189697		0.795337
17.86		-0.181558		0.813927
17.87		-0.173241		0.83172
17.88		-0.164754		0.848698
17.89		-0.156105		0.864843
17.9		-0.147304		0.880142
17.91		-0.138358		0.894578
17.92		-0.129277		0.908137
17.93		-0.120069		0.920806
17.94		-0.110743		0.932572
17.95		-0.101309		0.943425
17.96		-0.0917753		0.953354
17.97		-0.0821518		0.962348
17.98		-0.0724478		0.970398
17.99		-0.0626728		0.977498
18		-0.0528364		0.98364
18.01		-0.0429483		0.988818
18.02		-0.033018		0.993027
18.03		-0.0230554		0.996263
18.04		-0.0130701		0.998522
18.05		-0.00307211		0.999803
18.06		0.00692894		1.0001
18.07		0.0169232		0.999425
18.08		0.0269009		0.997767
18.09		0.0368522		0.995131
18.1		0.0467674		0.991519
18.11		0.0566367		0.986936
18.12		0.0664506		0.981385
18.13		0.0761993		0.974873
18.14		0.0858734		0.967406
18.15		0.0954633		0.95899
18.16		0.10496		0.949635
18.17		0.114353		0.939349
18.18		0.123635		0.928142
18.19		0.132795		0.916026
18.2		0.141825		0.903012
18.21		0.150716		0.889113
18.22		0.159459		0.874343
18.23		0.168047		0.858716
18.24		0.176469		0.842247
18.25		0.184719		0.824953
18.26		0.192787		0.806851
18.27		0.200667		0.787958
18.28		0.20835		0.768293
18.29		0.215828		0.747874
18.3		0.223096		0.726723
18.31		0.230144		0.70486
18.32		0.236967		0.682306
18.33		0.243558		0.659083
18.34		0.24991		0.635214
18.35		0.256017		0.610723
18.36		0.261874		0.585633
18.37		0.267473		0.55997
18.38		0.272811		0.533757
18.39		0.277881		0.507022
18.4		0.282679		0.479789
18.41		0.2872		0.452087
18.42		0.291439		0.423941
18.43		0.295393		0.39538
18.44		0.299058		0.366432
18.45		0.302429		0.337124
18.46		0.305504		0.307486
18.47		0.308279		0.277547
18.48		0.310752		0.247335
18.49		0.312921		0.216881
18.5		0.314783		0.186215
18.51		0.316337		0.155366
18.52		0.317581		0.124365
18.53		0.318513		0.0932424
18.54		0.319133		0.0620281
18.55		0.319441		0.030753
18.56		0.319435		-0.000552178
18.57		0.319117		-0.0318569
18.58		0.318486		-0.0631303
18.59		0.317542		-0.0943419
18.6		0.316288		-0.125461
18.61		0.314723		-0.156457
18.62		0.31285		-0.1873
18.63		0.31067		-0.217959
18.64		0.308186		-0.248405
18.65		0.3054		-0.278607
18.66		0.302315		-0.308537
18.67		0.298933		-0.338163
18.68		0.295259		-0.367459
18.69		0.291295		-0.396394
18.7		0.287045		-0.424941
18.71		0.282515		-0.453072
18.72		0.277707		-0.480758
18.73		0.272627		-0.507973
18.74		0.26728		-0.534691
18.75		0.261672		-0.560884
18.76		0.255806		-0.586528
18.77		0.24969		-0.611597
18.78		0.24333		-0.636067
18.79		0.236731		-0.659913
18.8		0.229899		-0.683113
18.81		0.222843		-0.705643
18.82		0.215568		-0.727481
18.83		0.208082		-0.748607
18.84		0.200392		-0.768999
18.85		0.192506		-0.788638
18.86		0.184431		-0.807503
18.87		0.176175		-0.825577
18.88		0.167746		-0.842842
18.89		0.159154		-0.859282
18.9		0.150405		-0.874879
18.91		0.141509		-0.889618
18.92		0.132474		-0.903486
18.93		0.123309		-0.916469
18.94		0.114024		-0.928553
18.95		0.104626		-0.939727
18.96		0.0951265		-0.949981
18.97		0.0855335		-0.959303
18.98		0.0758567		-0.967685
18.99		0.0661055		-0.975119
19		0.0562895		-0.981598
19.01		0.0464184		-0.987114
19.02		0.0365017		-0.991663
19.03		0.0265493		-0.99524
19.04		0.0165709		-0.997842
19.05		0.00657624		-0.999466
19.06		-0.00342486		-1.00011
19.07		-0.0134226		-0.999775
19.08		-0.0234072		-0.998459
19.09		-0.0333689		-0.996165
19.1		-0.0432978		-0.992895
19.11		-0.0531843		-0.988652
19.12		-0.0630187		-0.98344
19.13		-0.0727914		-0.977264
19.14		-0.0824927		-0.970131
19.15		-0.0921131		-0.962046
19.16		-0.101643		-0.953019
19.17		-0.111074		-0.943058
19.18		-0.120396		-0.932173
19.19		-0.129599		-0.920374
19.2		-0.138676		-0.907673
19.21		-0.147617		-0.894083
19.22		-0.156413		-0.879617
19.23		-0.165056		-0.864288
19.24		-0.173537		-0.848113
19.25		-0.181848		-0.831106
19.26		-0.189981		-0.813285
19.27		-0.197928		-0.794667
19.28		-0.20568		-0.77527
19.29		-0.213232		-0.755113
19.3		-0.220574		-0.734217
19.31		-0.2277		-0.7126
19.32		-0.234603		-0.690286
19.33		-0.241276		-0.667295
19.34		-0.247712		-0.64365
19.35		-0.253906		-0.619374
19.36		-0.259851		-0.594491
19.37		-0.265541		-0.569026
19.38		-0.270971		-0.543003
19.39		-0.276135		-0.516448
19.4		-0.281029		-0.489386
19.41		-0.285648		-0.461845
19.42		-0.289986		-0.433852
19.43		-0.294041		-0.405433
19.44		-0.297807		-0.376617
19.45		-0.301281		-0.347432
19.46		-0.30446		-0.317907
19.47		-0.307341		-0.28807
19.48		-0.30992		-0.25795
19.49		-0.312196		-0.227578
19.5		-0.314166		-0.196983
19.51		-0.315828		-0.166195
19.52		-0.31718		-0.135243
19.53		-0.318222		-0.10416
19.54		-0.318952		-0.072974
19.55		-0.319369		-0.0417168
19.56		-0.319473		-0.0104186
19.57		-0.319264		0.0208897
19.58		-0.318742		0.0521776
19.59		-0.317908		0.0834144
19.6		-0.316763		0.114569
19.61		-0.315306		0.145612
19.62		-0.313541		0.176512
19.63		-0.311469		0.207239
19.64		-0.309091		0.237763
19.65		-0.306411		0.268054
19.66		-0.30343		0.298082
19.67		-0.300152		0.327818
19.68		-0.296579		0.357233
19.69		-0.292716		0.386298
19.7		-0.288567		0.414984
19.71		-0.284134		0.443264
19.72		-0.279423		0.471109
19.73		-0.274438		0.498492
19.74		-0.269184		0.525387
19.75		-0.263666		0.551767
19.76		-0.25789		0.577607
19.77		-0.251861		0.60288
19.78		-0.245586		0.627562
19.79		-0.23907		0.65163
19.8		-0.232319		0.675059
19.81		-0.225341		0.697826
19.82		-0.218142		0.719909
19.83		-0.210729		0.741287
19.84		-0.203109		0.761939
19.85		-0.195291		0.781843
19.86		-0.187281		0.800982
19.87		-0.179088		0.819335
19.88		-0.170719		0.836886
19.89		-0.162183		0.853616
19.9		-0.153488		0.86951
19.91		-0.144642		0.884552
19.92		-0.135655		0.898727
19.93		-0.126535		0.912021
19.94		-0.11729		0.924422
19.95		-0.107931		0.935916
19.96		-0.0984663		0.946493
19.97		-0.0889049		0.956143
19.98		-0.0792564		0.964856
19.99		-0.0695301		0.972623
