Time		RK-Method		Solution
0		1.00005		1
0.01		1.0002		1.00005
0.02		1.00045		1.0002
0.03		1.0008		1.00045
0.04		1.00125		1.0008
0.05		1.0018		1.00125
0.06		1.00245		1.0018
0.07		1.0032		1.00245
0.08		1.00405		1.0032
0.09		1.00501		1.00405
0.1		1.00606		1.00501
0.11		1.00721		1.00606
0.12		1.00847		1.00721
0.13		1.00982		1.00847
0.14		1.01128		1.00982
0.15		1.01284		1.01128
0.16		1.0145		1.01284
0.17		1.01627		1.0145
0.18		1.01813		1.01627
0.19		1.0201		1.01813
0.2		1.02217		1.0201
0.21		1.02435		1.02217
0.22		1.02662		1.02435
0.23		1.02901		1.02662
0.24		1.03149		1.02901
0.25		1.03409		1.03149
0.26		1.03678		1.03409
0.27		1.03958		1.03678
0.28		1.04249		1.03958
0.29		1.04551		1.04249
0.3		1.04863		1.04551
0.31		1.05186		1.04863
0.32		1.05519		1.05186
0.33		1.05864		1.05519
0.34		1.06219		1.05864
0.35		1.06585		1.06219
0.36		1.06962		1.06585
0.37		1.0735		1.06962
0.38		1.0775		1.0735
0.39		1.0816		1.0775
0.4		1.08582		1.0816
0.41		1.09014		1.08582
0.42		1.09459		1.09014
0.43		1.09914		1.09459
0.44		1.10381		1.09914
0.45		1.1086		1.10381
0.46		1.1135		1.1086
0.47		1.11852		1.1135
0.48		1.12365		1.11852
0.49		1.12891		1.12365
0.5		1.13428		1.12891
0.51		1.13977		1.13428
0.52		1.14538		1.13977
0.53		1.15111		1.14538
0.54		1.15697		1.15111
0.55		1.16295		1.15697
0.56		1.16905		1.16295
0.57		1.17527		1.16905
0.58		1.18162		1.17527
0.59		1.1881		1.18162
0.6		1.1947		1.1881
0.61		1.20144		1.1947
0.62		1.2083		1.20144
0.63		1.21529		1.2083
0.64		1.22241		1.21529
0.65		1.22966		1.22241
0.66		1.23704		1.22966
0.67		1.24456		1.23704
0.68		1.25222		1.24456
0.69		1.26001		1.25222
0.7		1.26793		1.26001
0.71		1.276		1.26793
0.72		1.2842		1.276
0.73		1.29254		1.2842
0.74		1.30103		1.29254
0.75		1.30965		1.30103
0.76		1.31842		1.30965
0.77		1.32733		1.31842
0.78		1.33639		1.32733
0.79		1.3456		1.33639
0.8		1.35495		1.3456
0.81		1.36446		1.35495
0.82		1.37411		1.36446
0.83		1.38392		1.37411
0.84		1.39388		1.38392
0.85		1.40399		1.39388
0.86		1.41426		1.40399
0.87		1.42468		1.41426
0.88		1.43526		1.42468
0.89		1.44601		1.43526
0.9		1.45691		1.44601
0.91		1.46797		1.45691
0.92		1.4792		1.46797
0.93		1.4906		1.4792
0.94		1.50216		1.4906
0.95		1.51388		1.50216
0.96		1.52578		1.51388
0.97		1.53785		1.52578
0.98		1.55009		1.53785
0.99		1.5625		1.55009
1		1.57509		1.5625
1.01		1.58785		1.57509
1.02		1.60079		1.58785
1.03		1.61392		1.60079
1.04		1.62722		1.61392
1.05		1.6407		1.62722
1.06		1.65437		1.6407
1.07		1.66823		1.65437
1.08		1.68227		1.66823
1.09		1.69651		1.68227
1.1		1.71093		1.69651
1.11		1.72554		1.71093
1.12		1.74035		1.72554
1.13		1.75536		1.74035
1.14		1.77056		1.75536
1.15		1.78596		1.77056
1.16		1.80157		1.78596
1.17		1.81737		1.80157
1.18		1.83338		1.81737
1.19		1.8496		1.83338
1.2		1.86602		1.8496
1.21		1.88266		1.86602
1.22		1.8995		1.88266
1.23		1.91656		1.8995
1.24		1.93384		1.91656
1.25		1.95133		1.93384
1.26		1.96904		1.95133
1.27		1.98697		1.96904
1.28		2.00513		1.98697
1.29		2.02351		2.00513
1.3		2.04211		2.02351
1.31		2.06095		2.04211
1.32		2.08001		2.06095
1.33		2.09931		2.08001
1.34		2.11884		2.09931
1.35		2.13861		2.11884
1.36		2.15862		2.13861
1.37		2.17887		2.15862
1.38		2.19936		2.17887
1.39		2.2201		2.19936
1.4		2.24108		2.2201
1.41		2.26232		2.24108
1.42		2.2838		2.26232
1.43		2.30554		2.2838
1.44		2.32753		2.30554
1.45		2.34978		2.32753
1.46		2.37229		2.34978
1.47		2.39507		2.37229
1.48		2.4181		2.39507
1.49		2.44141		2.4181
1.5		2.46498		2.44141
1.51		2.48882		2.46498
1.52		2.51294		2.48882
1.53		2.53733		2.51294
1.54		2.562		2.53733
1.55		2.58695		2.562
1.56		2.61218		2.58695
1.57		2.6377		2.61218
1.58		2.66351		2.6377
1.59		2.6896		2.66351
1.6		2.71599		2.6896
1.61		2.74267		2.71599
1.62		2.76964		2.74267
1.63		2.79692		2.76964
1.64		2.8245		2.79692
1.65		2.85238		2.8245
1.66		2.88057		2.85238
1.67		2.90907		2.88057
1.68		2.93788		2.90907
1.69		2.96701		2.93788
1.7		2.99645		2.96701
1.71		3.02621		2.99645
1.72		3.05629		3.02621
1.73		3.0867		3.05629
1.74		3.11743		3.0867
1.75		3.1485		3.11743
1.76		3.17989		3.1485
1.77		3.21162		3.17989
1.78		3.24369		3.21162
1.79		3.2761		3.24369
1.8		3.30885		3.2761
1.81		3.34195		3.30885
1.82		3.3754		3.34195
1.83		3.40919		3.3754
1.84		3.44334		3.40919
1.85		3.47785		3.44334
1.86		3.51272		3.47785
1.87		3.54795		3.51272
1.88		3.58354		3.54795
1.89		3.61951		3.58354
1.9		3.65584		3.61951
1.91		3.69255		3.65584
1.92		3.72963		3.69255
1.93		3.76709		3.72963
1.94		3.80494		3.76709
1.95		3.84317		3.80494
1.96		3.88179		3.84317
1.97		3.9208		3.88179
1.98		3.9602		3.9208
1.99		4		3.9602
2		4.0402		4
2.01		4.0808		4.0402
2.02		4.12181		4.0808
2.03		4.16323		4.12181
2.04		4.20506		4.16323
2.05		4.24731		4.20506
2.06		4.28997		4.24731
2.07		4.33306		4.28997
2.08		4.37657		4.33306
2.09		4.42051		4.37657
2.1		4.46487		4.42051
2.11		4.50968		4.46487
2.12		4.55492		4.50968
2.13		4.6006		4.55492
2.14		4.64672		4.6006
2.15		4.69329		4.64672
2.16		4.74031		4.69329
2.17		4.78778		4.74031
2.18		4.83571		4.78778
2.19		4.8841		4.83571
2.2		4.93295		4.8841
2.21		4.98227		4.93295
2.22		5.03206		4.98227
2.23		5.08232		5.03206
2.24		5.13306		5.08232
2.25		5.18427		5.13306
2.26		5.23597		5.18427
2.27		5.28816		5.23597
2.28		5.34084		5.28816
2.29		5.39401		5.34084
2.3		5.44767		5.39401
2.31		5.50184		5.44767
2.32		5.55651		5.50184
2.33		5.61169		5.55651
2.34		5.66738		5.61169
2.35		5.72358		5.66738
2.36		5.7803		5.72358
2.37		5.83754		5.7803
2.38		5.89531		5.83754
2.39		5.9536		5.89531
2.4		6.01243		5.9536
2.41		6.07179		6.01243
2.42		6.13169		6.07179
2.43		6.19213		6.13169
2.44		6.25313		6.19213
2.45		6.31467		6.25313
2.46		6.37676		6.31467
2.47		6.43941		6.37676
2.48		6.50263		6.43941
2.49		6.56641		6.50263
2.5		6.63075		6.56641
2.51		6.69567		6.63075
2.52		6.76117		6.69567
2.53		6.82725		6.76117
2.54		6.89391		6.82725
2.55		6.96115		6.89391
2.56		7.02899		6.96115
2.57		7.09743		7.02899
2.58		7.16646		7.09743
2.59		7.2361		7.16646
2.6		7.30634		7.2361
2.61		7.3772		7.30634
2.62		7.44867		7.3772
2.63		7.52076		7.44867
2.64		7.59347		7.52076
2.65		7.66681		7.59347
2.66		7.74078		7.66681
2.67		7.81538		7.74078
2.68		7.89062		7.81538
2.69		7.96651		7.89062
2.7		8.04304		7.96651
2.71		8.12022		8.04304
2.72		8.19806		8.12022
2.73		8.27655		8.19806
2.74		8.35571		8.27655
2.75		8.43554		8.35571
2.76		8.51604		8.43554
2.77		8.59721		8.51604
2.78		8.67906		8.59721
2.79		8.7616		8.67906
2.8		8.84482		8.7616
2.81		8.92874		8.84482
2.82		9.01335		8.92874
2.83		9.09867		9.01335
2.84		9.18469		9.09867
2.85		9.27142		9.18469
2.86		9.35886		9.27142
2.87		9.44702		9.35886
2.88		9.5359		9.44702
2.89		9.62551		9.5359
2.9		9.71584		9.62551
2.91		9.80692		9.71584
2.92		9.89873		9.80692
2.93		9.99129		9.89873
2.94		10.0846		9.99129
2.95		10.1787		10.0846
2.96		10.2735		10.1787
2.97		10.369		10.2735
2.98		10.4654		10.369
2.99		10.5625		10.4654
3		10.6604		10.5625
3.01		10.7591		10.6604
3.02		10.8585		10.7591
3.03		10.9587		10.8585
3.04		11.0598		10.9587
3.05		11.1616		11.0598
3.06		11.2642		11.1616
3.07		11.3677		11.2642
3.08		11.4719		11.3677
3.09		11.577		11.4719
3.1		11.6829		11.577
3.11		11.7896		11.6829
3.12		11.8972		11.7896
3.13		12.0055		11.8972
3.14		12.1148		12.0055
3.15		12.2248		12.1148
3.16		12.3357		12.2248
3.17		12.4475		12.3357
3.18		12.5601		12.4475
3.19		12.6736		12.5601
3.2		12.788		12.6736
3.21		12.9032		12.788
3.22		13.0193		12.9032
3.23		13.1363		13.0193
3.24		13.2542		13.1363
3.25		13.3729		13.2542
3.26		13.4926		13.3729
3.27		13.6131		13.4926
3.28		13.7346		13.6131
3.29		13.857		13.7346
3.3		13.9803		13.857
3.31		14.1045		13.9803
3.32		14.2297		14.1045
3.33		14.3558		14.2297
3.34		14.4828		14.3558
3.35		14.6107		14.4828
3.36		14.7396		14.6107
3.37		14.8695		14.7396
3.38		15.0003		14.8695
3.39		15.1321		15.0003
3.4		15.2648		15.1321
3.41		15.3986		15.2648
3.42		15.5333		15.3986
3.43		15.6689		15.5333
3.44		15.8056		15.6689
3.45		15.9433		15.8056
3.46		16.0819		15.9433
3.47		16.2216		16.0819
3.48		16.3622		16.2216
3.49		16.5039		16.3622
3.5		16.6466		16.5039
3.51		16.7903		16.6466
3.52		16.9351		16.7903
3.53		17.0809		16.9351
3.54		17.2277		17.0809
3.55		17.3756		17.2277
3.56		17.5245		17.3756
3.57		17.6745		17.5245
3.58		17.8255		17.6745
3.59		17.9776		17.8255
3.6		18.1308		17.9776
3.61		18.285		18.1308
3.62		18.4404		18.285
3.63		18.5968		18.4404
3.64		18.7543		18.5968
3.65		18.9129		18.7543
3.66		19.0727		18.9129
3.67		19.2335		19.0727
3.68		19.3954		19.2335
3.69		19.5585		19.3954
3.7		19.7227		19.5585
3.71		19.888		19.7227
3.72		20.0545		19.888
3.73		20.2221		20.0545
3.74		20.3909		20.2221
3.75		20.5608		20.3909
3.76		20.7319		20.5608
3.77		20.9041		20.7319
3.78		21.0775		20.9041
3.79		21.2521		21.0775
3.8		21.4279		21.2521
3.81		21.6048		21.4279
3.82		21.783		21.6048
3.83		21.9623		21.783
3.84		22.1429		21.9623
3.85		22.3247		22.1429
3.86		22.5077		22.3247
3.87		22.6919		22.5077
3.88		22.8773		22.6919
3.89		23.064		22.8773
3.9		23.2519		23.064
3.91		23.4411		23.2519
3.92		23.6315		23.4411
3.93		23.8232		23.6315
3.94		24.0161		23.8232
3.95		24.2103		24.0161
3.96		24.4058		24.2103
3.97		24.6026		24.4058
3.98		24.8006		24.6026
3.99		25		24.8006
4		25.2007		25
4.01		25.4026		25.2007
4.02		25.6059		25.4026
4.03		25.8105		25.6059
4.04		26.0164		25.8105
4.05		26.2236		26.0164
4.06		26.4322		26.2236
4.07		26.6421		26.4322
4.08		26.8534		26.6421
4.09		27.066		26.8534
4.1		27.28		27.066
4.11		27.4953		27.28
4.12		27.7121		27.4953
4.13		27.9302		27.7121
4.14		28.1497		27.9302
4.15		28.3705		28.1497
4.16		28.5928		28.3705
4.17		28.8165		28.5928
4.18		29.0416		28.8165
4.19		29.2681		29.0416
4.2		29.496		29.2681
4.21		29.7254		29.496
4.22		29.9562		29.7254
4.23		30.1884		29.9562
4.24		30.4221		30.1884
4.25		30.6573		30.4221
4.26		30.8939		30.6573
4.27		31.1319		30.8939
4.28		31.3715		31.1319
4.29		31.6125		31.3715
4.3		31.855		31.6125
4.31		32.099		31.855
4.32		32.3445		32.099
4.33		32.5915		32.3445
4.34		32.8401		32.5915
4.35		33.0901		32.8401
4.36		33.3417		33.0901
4.37		33.5948		33.3417
4.38		33.8494		33.5948
4.39		34.1056		33.8494
4.4		34.3633		34.1056
4.41		34.6226		34.3633
4.42		34.8835		34.6226
4.43		35.1459		34.8835
4.44		35.4099		35.1459
4.45		35.6755		35.4099
4.46		35.9427		35.6755
4.47		36.2115		35.9427
4.48		36.4819		36.2115
4.49		36.7539		36.4819
4.5		37.0275		36.7539
4.51		37.3028		37.0275
4.52		37.5797		37.3028
4.53		37.8582		37.5797
4.54		38.1383		37.8582
4.55		38.4202		38.1383
4.56		38.7036		38.4202
4.57		38.9888		38.7036
4.58		39.2756		38.9888
4.59		39.5641		39.2756
4.6		39.8543		39.5641
4.61		40.1462		39.8543
4.62		40.4397		40.1462
4.63		40.735		40.4397
4.64		41.032		40.735
4.65		41.3308		41.032
4.66		41.6312		41.3308
4.67		41.9334		41.6312
4.68		42.2373		41.9334
4.69		42.543		42.2373
4.7		42.8504		42.543
4.71		43.1596		42.8504
4.72		43.4706		43.1596
4.73		43.7834		43.4706
4.74		44.0979		43.7834
4.75		44.4142		44.0979
4.76		44.7324		44.4142
4.77		45.0523		44.7324
4.78		45.374		45.0523
4.79		45.6976		45.374
4.8		46.023		45.6976
4.81		46.3502		46.023
4.82		46.6793		46.3502
4.83		47.0102		46.6793
4.84		47.343		47.0102
4.85		47.6776		47.343
4.86		48.0142		47.6776
4.87		48.3526		48.0142
4.88		48.6928		48.3526
4.89		49.035		48.6928
4.9		49.3791		49.035
4.91		49.7251		49.3791
4.92		50.073		49.7251
4.93		50.4228		50.073
4.94		50.7745		50.4228
4.95		51.1282		50.7745
4.96		51.4839		51.1282
4.97		51.8414		51.4839
4.98		52.201		51.8414
4.99		52.5625		52.201
5		52.926		52.5625
5.01		53.2915		52.926
5.02		53.6589		53.2915
5.03		54.0284		53.6589
5.04		54.3998		54.0284
5.05		54.7733		54.3998
5.06		55.1488		54.7733
5.07		55.5263		55.1488
5.08		55.9059		55.5263
5.09		56.2875		55.9059
5.1		56.6712		56.2875
5.11		57.0569		56.6712
5.12		57.4447		57.0569
5.13		57.8345		57.4447
5.14		58.2264		57.8345
5.15		58.6205		58.2264
5.16		59.0166		58.6205
5.17		59.4148		59.0166
5.18		59.8151		59.4148
5.19		60.2176		59.8151
5.2		60.6222		60.2176
5.21		61.0289		60.6222
5.22		61.4378		61.0289
5.23		61.8488		61.4378
5.24		62.262		61.8488
5.25		62.6773		62.262
5.26		63.0948		62.6773
5.27		63.5145		63.0948
5.28		63.9364		63.5145
5.29		64.3605		63.9364
5.3		64.7868		64.3605
5.31		65.2153		64.7868
5.32		65.646		65.2153
5.33		66.079		65.646
5.34		66.5142		66.079
5.35		66.9517		66.5142
5.36		67.3914		66.9517
5.37		67.8333		67.3914
5.38		68.2776		67.8333
5.39		68.7241		68.2776
5.4		69.1729		68.7241
5.41		69.624		69.1729
5.42		70.0774		69.624
5.43		70.5331		70.0774
5.44		70.9912		70.5331
5.45		71.4515		70.9912
5.46		71.9142		71.4515
5.47		72.3793		71.9142
5.48		72.8467		72.3793
5.49		73.3164		72.8467
5.5		73.7885		73.3164
5.51		74.263		73.7885
5.52		74.7399		74.263
5.53		75.2192		74.7399
5.54		75.7009		75.2192
5.55		76.185		75.7009
5.56		76.6715		76.185
5.57		77.1604		76.6715
5.58		77.6518		77.1604
5.59		78.1456		77.6518
5.6		78.6419		78.1456
5.61		79.1406		78.6419
5.62		79.6418		79.1406
5.63		80.1455		79.6418
5.64		80.6516		80.1455
5.65		81.1603		80.6516
5.66		81.6714		81.1603
5.67		82.1851		81.6714
5.68		82.7013		82.1851
5.69		83.22		82.7013
5.7		83.7413		83.22
5.71		84.2651		83.7413
5.72		84.7914		84.2651
5.73		85.3203		84.7914
5.74		85.8518		85.3203
5.75		86.3859		85.8518
5.76		86.9225		86.3859
5.77		87.4618		86.9225
5.78		88.0036		87.4618
5.79		88.5481		88.0036
5.8		89.0952		88.5481
5.81		89.6449		89.0952
5.82		90.1973		89.6449
5.83		90.7523		90.1973
5.84		91.31		90.7523
5.85		91.8703		91.31
5.86		92.4333		91.8703
5.87		92.999		92.4333
5.88		93.5674		92.999
5.89		94.1385		93.5674
5.9		94.7123		94.1385
5.91		95.2888		94.7123
5.92		95.8681		95.2888
5.93		96.4501		95.8681
5.94		97.0348		96.4501
5.95		97.6223		97.0348
5.96		98.2126		97.6223
5.97		98.8056		98.2126
5.98		99.4014		98.8056
5.99		100		99.4014
6		100.601		100
6.01		101.206		100.601
6.02		101.813		101.206
6.03		102.422		101.813
6.04		103.035		102.422
6.05		103.651		103.035
6.06		104.269		103.651
6.07		104.89		104.269
6.08		105.514		104.89
6.09		106.142		105.514
6.1		106.771		106.142
6.11		107.404		106.771
6.12		108.04		107.404
6.13		108.679		108.04
6.14		109.32		108.679
6.15		109.965		109.32
6.16		110.612		109.965
6.17		111.262		110.612
6.18		111.916		111.262
6.19		112.572		111.916
6.2		113.231		112.572
6.21		113.894		113.231
6.22		114.559		113.894
6.23		115.227		114.559
6.24		115.899		115.227
6.25		116.573		115.899
6.26		117.25		116.573
6.27		117.931		117.25
6.28		118.614		117.931
6.29		119.301		118.614
6.3		119.991		119.301
6.31		120.683		119.991
6.32		121.379		120.683
6.33		122.078		121.379
6.34		122.78		122.078
6.35		123.485		122.78
6.36		124.194		123.485
6.37		124.905		124.194
6.38		125.62		124.905
6.39		126.338		125.62
6.4		127.059		126.338
6.41		127.783		127.059
6.42		128.51		127.783
6.43		129.241		128.51
6.44		129.974		129.241
6.45		130.711		129.974
6.46		131.451		130.711
6.47		132.195		131.451
6.48		132.941		132.195
6.49		133.691		132.941
6.5		134.445		133.691
6.51		135.201		134.445
6.52		135.961		135.201
6.53		136.724		135.961
6.54		137.49		136.724
6.55		138.26		137.49
6.56		139.033		138.26
6.57		139.809		139.033
6.58		140.589		139.809
6.59		141.372		140.589
6.6		142.159		141.372
6.61		142.948		142.159
6.62		143.742		142.948
6.63		144.538		143.742
6.64		145.338		144.538
6.65		146.142		145.338
6.66		146.948		146.142
6.67		147.759		146.948
6.68		148.572		147.759
6.69		149.39		148.572
6.7		150.21		149.39
6.71		151.034		150.21
6.72		151.862		151.034
6.73		152.693		151.862
6.74		153.528		152.693
6.75		154.366		153.528
6.76		155.207		154.366
6.77		156.053		155.207
6.78		156.901		156.053
6.79		157.754		156.901
6.8		158.609		157.754
6.81		159.469		158.609
6.82		160.332		159.469
6.83		161.199		160.332
6.84		162.069		161.199
6.85		162.943		162.069
6.86		163.82		162.943
6.87		164.701		163.82
6.88		165.586		164.701
6.89		166.475		165.586
6.9		167.367		166.475
6.91		168.262		167.367
6.92		169.162		168.262
6.93		170.065		169.162
6.94		170.972		170.065
6.95		171.883		170.972
6.96		172.797		171.883
6.97		173.715		172.797
6.98		174.637		173.715
6.99		175.562		174.637
7		176.492		175.562
7.01		177.425		176.492
7.02		178.362		177.425
7.03		179.303		178.362
7.04		180.247		179.303
7.05		181.196		180.247
7.06		182.148		181.196
7.07		183.104		182.148
7.08		184.064		183.104
7.09		185.028		184.064
7.1		185.996		185.028
7.11		186.967		185.996
7.12		187.943		186.967
7.13		188.922		187.943
7.14		189.906		188.922
7.15		190.893		189.906
7.16		191.884		190.893
7.17		192.879		191.884
7.18		193.878		192.879
7.19		194.882		193.878
7.2		195.889		194.882
7.21		196.9		195.889
7.22		197.915		196.9
7.23		198.934		197.915
7.24		199.957		198.934
7.25		200.984		199.957
7.26		202.016		200.984
7.27		203.051		202.016
7.28		204.091		203.051
7.29		205.134		204.091
7.3		206.182		205.134
7.31		207.233		206.182
7.32		208.289		207.233
7.33		209.349		208.289
7.34		210.413		209.349
7.35		211.481		210.413
7.36		212.554		211.481
7.37		213.63		212.554
7.38		214.711		213.63
7.39		215.796		214.711
7.4		216.885		215.796
7.41		217.979		216.885
7.42		219.076		217.979
7.43		220.178		219.076
7.44		221.284		220.178
7.45		222.395		221.284
7.46		223.509		222.395
7.47		224.628		223.509
7.48		225.751		224.628
7.49		226.879		225.751
7.5		228.011		226.879
7.51		229.147		228.011
7.52		230.287		229.147
7.53		231.432		230.287
7.54		232.582		231.432
7.55		233.735		232.582
7.56		234.893		233.735
7.57		236.056		234.893
7.58		237.222		236.056
7.59		238.394		237.222
7.6		239.569		238.394
7.61		240.749		239.569
7.62		241.934		240.749
7.63		243.123		241.934
7.64		244.316		243.123
7.65		245.514		244.316
7.66		246.717		245.514
7.67		247.924		246.717
7.68		249.135		247.924
7.69		250.352		249.135
7.7		251.572		250.352
7.71		252.797		251.572
7.72		254.027		252.797
7.73		255.261		254.027
7.74		256.5		255.261
7.75		257.744		256.5
7.76		258.992		257.744
7.77		260.245		258.992
7.78		261.502		260.245
7.79		262.764		261.502
7.8		264.031		262.764
7.81		265.302		264.031
7.82		266.578		265.302
7.83		267.859		266.578
7.84		269.145		267.859
7.85		270.435		269.145
7.86		271.73		270.435
7.87		273.029		271.73
7.88		274.334		273.029
7.89		275.643		274.334
7.9		276.957		275.643
7.91		278.276		276.957
7.92		279.599		278.276
7.93		280.928		279.599
7.94		282.261		280.928
7.95		283.599		282.261
7.96		284.942		283.599
7.97		286.29		284.942
7.98		287.642		286.29
7.99		289		287.642
8		290.362		289
8.01		291.73		290.362
8.02		293.102		291.73
8.03		294.479		293.102
8.04		295.862		294.479
8.05		297.249		295.862
8.06		298.641		297.249
8.07		300.038		298.641
8.08		301.44		300.038
8.09		302.847		301.44
8.1		304.259		302.847
8.11		305.676		304.259
8.12		307.098		305.676
8.13		308.526		307.098
8.14		309.958		308.526
8.15		311.395		309.958
8.16		312.838		311.395
8.17		314.286		312.838
8.18		315.738		314.286
8.19		317.196		315.738
8.2		318.659		317.196
8.21		320.127		318.659
8.22		321.601		320.127
8.23		323.079		321.601
8.24		324.563		323.079
8.25		326.052		324.563
8.26		327.546		326.052
8.27		329.045		327.546
8.28		330.55		329.045
8.29		332.06		330.55
8.3		333.575		332.06
8.31		335.095		333.575
8.32		336.621		335.095
8.33		338.152		336.621
8.34		339.688		338.152
8.35		341.23		339.688
8.36		342.777		341.23
8.37		344.329		342.777
8.38		345.887		344.329
8.39		347.45		345.887
8.4		349.018		347.45
8.41		350.592		349.018
8.42		352.171		350.592
8.43		353.756		352.171
8.44		355.346		353.756
8.45		356.942		355.346
8.46		358.543		356.942
8.47		360.149		358.543
8.48		361.761		360.149
8.49		363.379		361.761
8.5		365.002		363.379
8.51		366.631		365.002
8.52		368.265		366.631
8.53		369.904		368.265
8.54		371.55		369.904
8.55		373.201		371.55
8.56		374.857		373.201
8.57		376.519		374.857
8.58		378.187		376.519
8.59		379.86		378.187
8.6		381.539		379.86
8.61		383.224		381.539
8.62		384.914		383.224
8.63		386.61		384.914
8.64		388.312		386.61
8.65		390.019		388.312
8.66		391.732		390.019
8.67		393.451		391.732
8.68		395.176		393.451
8.69		396.906		395.176
8.7		398.642		396.906
8.71		400.384		398.642
8.72		402.132		400.384
8.73		403.885		402.132
8.74		405.645		403.885
8.75		407.41		405.645
8.76		409.181		407.41
8.77		410.958		409.181
8.78		412.741		410.958
8.79		414.53		412.741
8.8		416.324		414.53
8.81		418.125		416.324
8.82		419.931		418.125
8.83		421.744		419.931
8.84		423.562		421.744
8.85		425.387		423.562
8.86		427.217		425.387
8.87		429.053		427.217
8.88		430.896		429.053
8.89		432.744		430.896
8.9		434.598		432.744
8.91		436.459		434.598
8.92		438.326		436.459
8.93		440.198		438.326
8.94		442.077		440.198
8.95		443.962		442.077
8.96		445.853		443.962
8.97		447.75		445.853
8.98		449.653		447.75
8.99		451.562		449.653
9		453.478		451.562
9.01		455.4		453.478
9.02		457.328		455.4
9.03		459.262		457.328
9.04		461.202		459.262
9.05		463.149		461.202
9.06		465.102		463.149
9.07		467.061		465.102
9.08		469.027		467.061
9.09		470.999		469.027
9.1		472.977		470.999
9.11		474.961		472.977
9.12		476.952		474.961
9.13		478.949		476.952
9.14		480.952		478.949
9.15		482.962		480.952
9.16		484.978		482.962
9.17		487.001		484.978
9.18		489.03		487.001
9.19		491.066		489.03
9.2		493.108		491.066
9.21		495.156		493.108
9.22		497.211		495.156
9.23		499.272		497.211
9.24		501.34		499.272
9.25		503.414		501.34
9.26		505.495		503.414
9.27		507.583		505.495
9.28		509.677		507.583
9.29		511.778		509.677
9.3		513.885		511.778
9.31		515.998		513.885
9.32		518.119		515.998
9.33		520.246		518.119
9.34		522.38		520.246
9.35		524.52		522.38
9.36		526.667		524.52
9.37		528.821		526.667
9.38		530.981		528.821
9.39		533.148		530.981
9.4		535.322		533.148
9.41		537.502		535.322
9.42		539.69		537.502
9.43		541.884		539.69
9.44		544.085		541.884
9.45		546.292		544.085
9.46		548.507		546.292
9.47		550.728		548.507
9.48		552.956		550.728
9.49		555.191		552.956
9.5		557.433		555.191
9.51		559.682		557.433
9.52		561.938		559.682
9.53		564.2		561.938
9.54		566.47		564.2
9.55		568.746		566.47
9.56		571.03		568.746
9.57		573.32		571.03
9.58		575.617		573.32
9.59		577.922		575.617
9.6		580.233		577.922
9.61		582.551		580.233
9.62		584.877		582.551
9.63		587.209		584.877
9.64		589.549		587.209
9.65		591.895		589.549
9.66		594.249		591.895
9.67		596.61		594.249
9.68		598.978		596.61
9.69		601.353		598.978
9.7		603.735		601.353
9.71		606.125		603.735
9.72		608.521		606.125
9.73		610.925		608.521
9.74		613.336		610.925
9.75		615.754		613.336
9.76		618.18		615.754
9.77		620.613		618.18
9.78		623.053		620.613
9.79		625.5		623.053
9.8		627.955		625.5
9.81		630.417		627.955
9.82		632.886		630.417
9.83		635.363		632.886
9.84		637.847		635.363
9.85		640.338		637.847
9.86		642.837		640.338
9.87		645.343		642.837
9.88		647.856		645.343
9.89		650.378		647.856
9.9		652.906		650.378
9.91		655.442		652.906
9.92		657.985		655.442
9.93		660.536		657.985
9.94		663.095		660.536
9.95		665.661		663.095
9.96		668.234		665.661
9.97		670.815		668.234
9.98		673.404		670.815
9.99		676		673.404
10		678.604		676
